manifest_version,page_id,book_id,viewer_key,catalog_generation,grade,viewer_page,declared_page_count,source_image_index,source_asset_url,is_final_declared_position,position_ratio,position_quartile,asset_status,reachable_image,http_status,content_type,byte_size,sha256,fetch_attempts,error
CN_PENDING_PAGE_MANIFEST_0.1,LTMD-CN1-G1972-VP001,LTMD-CN1-G1972,H1972P1CI058,1972,1,1,99,0,https://historico.conaliteg.gob.mx/c/H1972P1CI058/000.jpg,0,0.010101,Q1,source_jpeg,1,200,image/jpeg,307773,a3f51fd1bcb2b85298c07636738046c44ec57fcf0249b754fad054b6a79f939e,1,
CN_PENDING_PAGE_MANIFEST_0.1,LTMD-CN1-G1972-VP002,LTMD-CN1-G1972,H1972P1CI058,1972,1,2,99,2,https://historico.conaliteg.gob.mx/c/H1972P1CI058/002.jpg,0,0.020202,Q1,source_jpeg,1,200,image/jpeg,55877,0b5d51dd1323b3c1ef90324ae7ed630926ee412c760d693c5afd5467926f901c,1,
CN_PENDING_PAGE_MANIFEST_0.1,LTMD-CN1-G1972-VP003,LTMD-CN1-G1972,H1972P1CI058,1972,1,3,99,3,https://historico.conaliteg.gob.mx/c/H1972P1CI058/003.jpg,0,0.030303,Q1,source_jpeg,1,200,image/jpeg,26807,518fe82345bd33b701cc3677f57e965750971163b33959afa21ea39cc59dacf7,1,
CN_PENDING_PAGE_MANIFEST_0.1,LTMD-CN1-G1972-VP004,LTMD-CN1-G1972,H1972P1CI058,1972,1,4,99,4,https://historico.conaliteg.gob.mx/c/H1972P1CI058/004.jpg,0,0.040404,Q1,source_jpeg,1,200,image/jpeg,19021,eee674c34f9378373cc1cb379325c853646f7e6296a24c29c5b1f5b591157343,1,
CN_PENDING_PAGE_MANIFEST_0.1,LTMD-CN1-G1972-VP005,LTMD-CN1-G1972,H1972P1CI058,1972,1,5,99,5,https://historico.conaliteg.gob.mx/c/H1972P1CI058/005.jpg,0,0.050505,Q1,source_jpeg,1,200,image/jpeg,34604,26f3112b88f9d9be3c7bac03ed0a68b4f18bc3512af66f7a766cbd3af3217017,1,
CN_PENDING_PAGE_MANIFEST_0.1,LTMD-CN1-G1972-VP006,LTMD-CN1-G1972,H1972P1CI058,1972,1,6,99,6,https://historico.conaliteg.gob.mx/c/H1972P1CI058/006.jpg,0,0.060606,Q1,source_jpeg,1,200,image/jpeg,57090,aced2850e9ea3b6d064706403a26af5fc56d3fe0c9183f7fb3d76f1896c6c688,1,
CN_PENDING_PAGE_MANIFEST_0.1,LTMD-CN1-G1972-VP007,LTMD-CN1-G1972,H1972P1CI058,1972,1,7,99,7,https://historico.conaliteg.gob.mx/c/H1972P1CI058/007.jpg,0,0.070707,Q1,source_jpeg,1,200,image/jpeg,33259,c7e6ded5f8e465720b19ced9e11ad2ff5ad6f2ad8ffbc7e926dd9cc3dae72e56,1,
CN_PENDING_PAGE_MANIFEST_0.1,LTMD-CN1-G1972-VP008,LTMD-CN1-G1972,H1972P1CI058,1972,1,8,99,8,https://historico.conaliteg.gob.mx/c/H1972P1CI058/008.jpg,0,0.080808,Q1,source_jpeg,1,200,image/jpeg,20397,96e518f27ef0dbde54097a3c8b57977519a60760cc73f5f76fd36d465edd04de,1,
CN_PENDING_PAGE_MANIFEST_0.1,LTMD-CN1-G1972-VP009,LTMD-CN1-G1972,H1972P1CI058,1972,1,9,99,9,https://historico.conaliteg.gob.mx/c/H1972P1CI058/009.jpg,0,0.090909,Q1,source_jpeg,1,200,image/jpeg,39185,e2bb2c73c66ab9e6f8be7104a71f2b8f3e7c4a2d2bdae605f53d17cb50145da6,1,
CN_PENDING_PAGE_MANIFEST_0.1,LTMD-CN1-G1972-VP010,LTMD-CN1-G1972,H1972P1CI058,1972,1,10,99,10,https://historico.conaliteg.gob.mx/c/H1972P1CI058/010.jpg,0,0.101010,Q1,source_jpeg,1,200,image/jpeg,60837,7dbe66852dd15bd1433456eed12379fca986c1548b5e648aa0a4753b59a4b8da,1,
CN_PENDING_PAGE_MANIFEST_0.1,LTMD-CN1-G1972-VP011,LTMD-CN1-G1972,H1972P1CI058,1972,1,11,99,11,https://historico.conaliteg.gob.mx/c/H1972P1CI058/011.jpg,0,0.111111,Q1,source_jpeg,1,200,image/jpeg,36753,e887a4a45c98ba6a358be4aa20edc45f4474f5d8942b93bb9e987baba79547db,1,
CN_PENDING_PAGE_MANIFEST_0.1,LTMD-CN1-G1972-VP012,LTMD-CN1-G1972,H1972P1CI058,1972,1,12,99,12,https://historico.conaliteg.gob.mx/c/H1972P1CI058/012.jpg,0,0.121212,Q1,source_jpeg,1,200,image/jpeg,27048,009187db72a47ccb5a6d4fd27cdf39e0a43bfad66ab53e267e91d013d97b55cc,1,
CN_PENDING_PAGE_MANIFEST_0.1,LTMD-CN1-G1972-VP013,LTMD-CN1-G1972,H1972P1CI058,1972,1,13,99,13,https://historico.conaliteg.gob.mx/c/H1972P1CI058/013.jpg,0,0.131313,Q1,source_jpeg,1,200,image/jpeg,41632,579f3bbb1d071fdcee16db81008abedb948bab41786a757250475f3e99f07f2b,1,
CN_PENDING_PAGE_MANIFEST_0.1,LTMD-CN1-G1972-VP014,LTMD-CN1-G1972,H1972P1CI058,1972,1,14,99,14,https://historico.conaliteg.gob.mx/c/H1972P1CI058/014.jpg,0,0.141414,Q1,source_jpeg,1,200,image/jpeg,57744,895da9a5726f9b2be0b0aa3cc0211809801e22c5d96e618c6d35a079efeeac1a,1,
CN_PENDING_PAGE_MANIFEST_0.1,LTMD-CN1-G1972-VP015,LTMD-CN1-G1972,H1972P1CI058,1972,1,15,99,15,https://historico.conaliteg.gob.mx/c/H1972P1CI058/015.jpg,0,0.151515,Q1,source_jpeg,1,200,image/jpeg,43456,44305e6836441398e66a56b29aa44bb6947ea743fcd9cc0e8bf5be5392b600dd,1,
CN_PENDING_PAGE_MANIFEST_0.1,LTMD-CN1-G1972-VP016,LTMD-CN1-G1972,H1972P1CI058,1972,1,16,99,16,https://historico.conaliteg.gob.mx/c/H1972P1CI058/016.jpg,0,0.161616,Q1,source_jpeg,1,200,image/jpeg,37901,ddb3722428b939ad0b8763e5525a65e96c15c645bc8e9ecb855a94aec5d34b6c,1,
CN_PENDING_PAGE_MANIFEST_0.1,LTMD-CN1-G1972-VP017,LTMD-CN1-G1972,H1972P1CI058,1972,1,17,99,17,https://historico.conaliteg.gob.mx/c/H1972P1CI058/017.jpg,0,0.171717,Q1,source_jpeg,1,200,image/jpeg,40710,6df43f882ecefa099df49640d0529f0e5efdd3474a7acf97c67a7938cfadd70c,1,
CN_PENDING_PAGE_MANIFEST_0.1,LTMD-CN1-G1972-VP018,LTMD-CN1-G1972,H1972P1CI058,1972,1,18,99,18,https://historico.conaliteg.gob.mx/c/H1972P1CI058/018.jpg,0,0.181818,Q1,source_jpeg,1,200,image/jpeg,32840,9be5c11acb75ee0d0675be31a13228b383697151f4c29ed6de02121ea0a584b5,1,
CN_PENDING_PAGE_MANIFEST_0.1,LTMD-CN1-G1972-VP019,LTMD-CN1-G1972,H1972P1CI058,1972,1,19,99,19,https://historico.conaliteg.gob.mx/c/H1972P1CI058/019.jpg,0,0.191919,Q1,source_jpeg,1,200,image/jpeg,34376,749c099132e2ae66452862c83c960df185f32842111dd6b5fef4e780a8fd35e0,1,
CN_PENDING_PAGE_MANIFEST_0.1,LTMD-CN1-G1972-VP020,LTMD-CN1-G1972,H1972P1CI058,1972,1,20,99,20,https://historico.conaliteg.gob.mx/c/H1972P1CI058/020.jpg,0,0.202020,Q1,source_jpeg,1,200,image/jpeg,18155,9e0e05e8f9e0e2ba3ffb42210432c5ffaeaaf074e49f9e31c1dd586c73720ab4,1,
CN_PENDING_PAGE_MANIFEST_0.1,LTMD-CN1-G1972-VP021,LTMD-CN1-G1972,H1972P1CI058,1972,1,21,99,21,https://historico.conaliteg.gob.mx/c/H1972P1CI058/021.jpg,0,0.212121,Q1,source_jpeg,1,200,image/jpeg,29825,484fdedb5c1a0458ccc63083ead0f6aa4470480f7c33d7ab57929ecd58aa5124,1,
CN_PENDING_PAGE_MANIFEST_0.1,LTMD-CN1-G1972-VP022,LTMD-CN1-G1972,H1972P1CI058,1972,1,22,99,22,https://historico.conaliteg.gob.mx/c/H1972P1CI058/022.jpg,0,0.222222,Q1,source_jpeg,1,200,image/jpeg,35677,67a072e85d0cf9d15e9f2f390414153375e376347cf9f904174e12cf6db2d1fc,1,
CN_PENDING_PAGE_MANIFEST_0.1,LTMD-CN1-G1972-VP023,LTMD-CN1-G1972,H1972P1CI058,1972,1,23,99,23,https://historico.conaliteg.gob.mx/c/H1972P1CI058/023.jpg,0,0.232323,Q1,source_jpeg,1,200,image/jpeg,38294,d25645f46ab312e1dee7aebe1d92b1a826c065e05361bba8db45a538be39eebb,1,
CN_PENDING_PAGE_MANIFEST_0.1,LTMD-CN1-G1972-VP024,LTMD-CN1-G1972,H1972P1CI058,1972,1,24,99,24,https://historico.conaliteg.gob.mx/c/H1972P1CI058/024.jpg,0,0.242424,Q1,source_jpeg,1,200,image/jpeg,45202,5c8a83364037e9c450c4cf83dc24b1047abe3a6769ca1699bc3b534513f52597,1,
CN_PENDING_PAGE_MANIFEST_0.1,LTMD-CN1-G1972-VP025,LTMD-CN1-G1972,H1972P1CI058,1972,1,25,99,25,https://historico.conaliteg.gob.mx/c/H1972P1CI058/025.jpg,0,0.252525,Q2,source_jpeg,1,200,image/jpeg,31329,1e456f6dc27498a383cf346cb71dcb2a5153d845cdfff560f1dbbafe26b468ae,1,
CN_PENDING_PAGE_MANIFEST_0.1,LTMD-CN1-G1972-VP026,LTMD-CN1-G1972,H1972P1CI058,1972,1,26,99,26,https://historico.conaliteg.gob.mx/c/H1972P1CI058/026.jpg,0,0.262626,Q2,source_jpeg,1,200,image/jpeg,45507,c4f69596488a27972dbbf809c8664279a0607ed2a6f406e68a03789cef2e5c63,1,
CN_PENDING_PAGE_MANIFEST_0.1,LTMD-CN1-G1972-VP027,LTMD-CN1-G1972,H1972P1CI058,1972,1,27,99,27,https://historico.conaliteg.gob.mx/c/H1972P1CI058/027.jpg,0,0.272727,Q2,source_jpeg,1,200,image/jpeg,38809,6de9c01c2e54191e7dae897b13e4cf4eba2166c6f11413e2260a6029a1bb6f3e,1,
CN_PENDING_PAGE_MANIFEST_0.1,LTMD-CN1-G1972-VP028,LTMD-CN1-G1972,H1972P1CI058,1972,1,28,99,28,https://historico.conaliteg.gob.mx/c/H1972P1CI058/028.jpg,0,0.282828,Q2,source_jpeg,1,200,image/jpeg,19099,460f9a018b3da6b8ee3f8ddd44cc177a739105b4f346fbdba7285976a62c736b,1,
CN_PENDING_PAGE_MANIFEST_0.1,LTMD-CN1-G1972-VP029,LTMD-CN1-G1972,H1972P1CI058,1972,1,29,99,29,https://historico.conaliteg.gob.mx/c/H1972P1CI058/029.jpg,0,0.292929,Q2,source_jpeg,1,200,image/jpeg,65406,7c072b840cdd7b22a6047c4946132ecb04c308f85590499bc0cba77ecedb9191,1,
CN_PENDING_PAGE_MANIFEST_0.1,LTMD-CN1-G1972-VP030,LTMD-CN1-G1972,H1972P1CI058,1972,1,30,99,30,https://historico.conaliteg.gob.mx/c/H1972P1CI058/030.jpg,0,0.303030,Q2,source_jpeg,1,200,image/jpeg,36605,73d3456c2ddada467ba4eb575c68e88a5e5daf417b9719977edf205bfae93453,1,
CN_PENDING_PAGE_MANIFEST_0.1,LTMD-CN1-G1972-VP031,LTMD-CN1-G1972,H1972P1CI058,1972,1,31,99,31,https://historico.conaliteg.gob.mx/c/H1972P1CI058/031.jpg,0,0.313131,Q2,source_jpeg,1,200,image/jpeg,31974,8869a57656b6898bd037ee61c3e8b5611f9041447816b5214306df526983e3c7,1,
CN_PENDING_PAGE_MANIFEST_0.1,LTMD-CN1-G1972-VP032,LTMD-CN1-G1972,H1972P1CI058,1972,1,32,99,32,https://historico.conaliteg.gob.mx/c/H1972P1CI058/032.jpg,0,0.323232,Q2,source_jpeg,1,200,image/jpeg,34097,29a9ab105f4471e989889df079d0c88eaa99b8d94cf724a611d6fdd6f9352d68,1,
CN_PENDING_PAGE_MANIFEST_0.1,LTMD-CN1-G1972-VP033,LTMD-CN1-G1972,H1972P1CI058,1972,1,33,99,33,https://historico.conaliteg.gob.mx/c/H1972P1CI058/033.jpg,0,0.333333,Q2,source_jpeg,1,200,image/jpeg,62138,505f30a86b4edb41f3beea196eae22a2c92f9fa36524f22572daf32beac2046a,1,
CN_PENDING_PAGE_MANIFEST_0.1,LTMD-CN1-G1972-VP034,LTMD-CN1-G1972,H1972P1CI058,1972,1,34,99,34,https://historico.conaliteg.gob.mx/c/H1972P1CI058/034.jpg,0,0.343434,Q2,source_jpeg,1,200,image/jpeg,43240,36b9b1cba7dacd1fd613775f76a47af5dd724cc0f55fadc9088939a0dc26b1dd,1,
CN_PENDING_PAGE_MANIFEST_0.1,LTMD-CN1-G1972-VP035,LTMD-CN1-G1972,H1972P1CI058,1972,1,35,99,35,https://historico.conaliteg.gob.mx/c/H1972P1CI058/035.jpg,0,0.353535,Q2,source_jpeg,1,200,image/jpeg,24484,af0caa1995d4641323dcfd0a184a26861b509c6d0d9ec453c3aea9ba0501dd19,1,
CN_PENDING_PAGE_MANIFEST_0.1,LTMD-CN1-G1972-VP036,LTMD-CN1-G1972,H1972P1CI058,1972,1,36,99,36,https://historico.conaliteg.gob.mx/c/H1972P1CI058/036.jpg,0,0.363636,Q2,source_jpeg,1,200,image/jpeg,30115,de3dec1044c9f1ed0af98afd8cb94ac7dd621fddd6c3e4fb5bbcc7ee85c21a7e,1,
CN_PENDING_PAGE_MANIFEST_0.1,LTMD-CN1-G1972-VP037,LTMD-CN1-G1972,H1972P1CI058,1972,1,37,99,37,https://historico.conaliteg.gob.mx/c/H1972P1CI058/037.jpg,0,0.373737,Q2,source_jpeg,1,200,image/jpeg,42437,ebaf4dd409dc1d74ccf0561fe5b6f138b39c0163b65a54571b3dbf74f5c3d168,1,
CN_PENDING_PAGE_MANIFEST_0.1,LTMD-CN1-G1972-VP038,LTMD-CN1-G1972,H1972P1CI058,1972,1,38,99,38,https://historico.conaliteg.gob.mx/c/H1972P1CI058/038.jpg,0,0.383838,Q2,source_jpeg,1,200,image/jpeg,40021,b874101f410763616cbbae21361053f98a44b8032f9c6f1a4b12099cbbca559a,1,
CN_PENDING_PAGE_MANIFEST_0.1,LTMD-CN1-G1972-VP039,LTMD-CN1-G1972,H1972P1CI058,1972,1,39,99,39,https://historico.conaliteg.gob.mx/c/H1972P1CI058/039.jpg,0,0.393939,Q2,source_jpeg,1,200,image/jpeg,42845,eba5a57bf327feb7f8813740dbeb994cafdbb02bc716548b58c6280d05bd6700,1,
CN_PENDING_PAGE_MANIFEST_0.1,LTMD-CN1-G1972-VP040,LTMD-CN1-G1972,H1972P1CI058,1972,1,40,99,40,https://historico.conaliteg.gob.mx/c/H1972P1CI058/040.jpg,0,0.404040,Q2,source_jpeg,1,200,image/jpeg,37061,5d7044c38df0a8367fa57fbb259e7648bf87c0461131b59126981226c42f10b5,1,
CN_PENDING_PAGE_MANIFEST_0.1,LTMD-CN1-G1972-VP041,LTMD-CN1-G1972,H1972P1CI058,1972,1,41,99,41,https://historico.conaliteg.gob.mx/c/H1972P1CI058/041.jpg,0,0.414141,Q2,source_jpeg,1,200,image/jpeg,44953,c388b0bde2184b4670becea0f8db2dbc0189c8eae1ee2add1fd272d955ff6e3c,1,
CN_PENDING_PAGE_MANIFEST_0.1,LTMD-CN1-G1972-VP042,LTMD-CN1-G1972,H1972P1CI058,1972,1,42,99,42,https://historico.conaliteg.gob.mx/c/H1972P1CI058/042.jpg,0,0.424242,Q2,source_jpeg,1,200,image/jpeg,46143,8e86013cf1aa0f1fbd09c5775d3aba2083bce5a9aca3763a3ea5661755d83e2b,1,
CN_PENDING_PAGE_MANIFEST_0.1,LTMD-CN1-G1972-VP043,LTMD-CN1-G1972,H1972P1CI058,1972,1,43,99,43,https://historico.conaliteg.gob.mx/c/H1972P1CI058/043.jpg,0,0.434343,Q2,source_jpeg,1,200,image/jpeg,44780,1c1173cd4f85a7b8b35f64ea2e37ae52c9e3bb100f690a1e4d1fa566d329cdd7,1,
CN_PENDING_PAGE_MANIFEST_0.1,LTMD-CN1-G1972-VP044,LTMD-CN1-G1972,H1972P1CI058,1972,1,44,99,44,https://historico.conaliteg.gob.mx/c/H1972P1CI058/044.jpg,0,0.444444,Q2,source_jpeg,1,200,image/jpeg,22594,b210aef9c85b3dafea29272cc5131a9247728fc08230dbb1d7b3f71ad01763c1,1,
CN_PENDING_PAGE_MANIFEST_0.1,LTMD-CN1-G1972-VP045,LTMD-CN1-G1972,H1972P1CI058,1972,1,45,99,45,https://historico.conaliteg.gob.mx/c/H1972P1CI058/045.jpg,0,0.454545,Q2,source_jpeg,1,200,image/jpeg,47984,aebdca0b78f1cfc80fb6dc43441575c3c516298df8b25501826b9aba4500c4b9,1,
CN_PENDING_PAGE_MANIFEST_0.1,LTMD-CN1-G1972-VP046,LTMD-CN1-G1972,H1972P1CI058,1972,1,46,99,46,https://historico.conaliteg.gob.mx/c/H1972P1CI058/046.jpg,0,0.464646,Q2,source_jpeg,1,200,image/jpeg,34501,1c9d91b942ec6417f89f2f70bfedf9c9320baefc7b99bdd9118267e365c1467d,1,
CN_PENDING_PAGE_MANIFEST_0.1,LTMD-CN1-G1972-VP047,LTMD-CN1-G1972,H1972P1CI058,1972,1,47,99,47,https://historico.conaliteg.gob.mx/c/H1972P1CI058/047.jpg,0,0.474747,Q2,source_jpeg,1,200,image/jpeg,33378,f513cf05d9abd2d5a620e81ac10cda2c2dbcdf183b1f59de79886fb964ac6097,1,
CN_PENDING_PAGE_MANIFEST_0.1,LTMD-CN1-G1972-VP048,LTMD-CN1-G1972,H1972P1CI058,1972,1,48,99,48,https://historico.conaliteg.gob.mx/c/H1972P1CI058/048.jpg,0,0.484848,Q2,source_jpeg,1,200,image/jpeg,49233,1c9911c3e47f717821c107a2e4f4b6fcc482aaa6089a46b06288be279f3b5306,1,
CN_PENDING_PAGE_MANIFEST_0.1,LTMD-CN1-G1972-VP049,LTMD-CN1-G1972,H1972P1CI058,1972,1,49,99,49,https://historico.conaliteg.gob.mx/c/H1972P1CI058/049.jpg,0,0.494949,Q2,source_jpeg,1,200,image/jpeg,45645,937ce9fc2e9f6e277e1bcae0c4593857bfb61adc7ffb87f7d6ab3483f0a03d2e,1,
CN_PENDING_PAGE_MANIFEST_0.1,LTMD-CN1-G1972-VP050,LTMD-CN1-G1972,H1972P1CI058,1972,1,50,99,50,https://historico.conaliteg.gob.mx/c/H1972P1CI058/050.jpg,0,0.505051,Q3,source_jpeg,1,200,image/jpeg,62840,c0d6075b840141e1f27782073860671c820ed2dd506403ee098f578b98cdd551,1,
CN_PENDING_PAGE_MANIFEST_0.1,LTMD-CN1-G1972-VP051,LTMD-CN1-G1972,H1972P1CI058,1972,1,51,99,51,https://historico.conaliteg.gob.mx/c/H1972P1CI058/051.jpg,0,0.515152,Q3,source_jpeg,1,200,image/jpeg,62722,c50f57e1b20008988d1fd33a0bda9365e3acabed1123202981e681d1d7fb69be,1,
CN_PENDING_PAGE_MANIFEST_0.1,LTMD-CN1-G1972-VP052,LTMD-CN1-G1972,H1972P1CI058,1972,1,52,99,52,https://historico.conaliteg.gob.mx/c/H1972P1CI058/052.jpg,0,0.525253,Q3,source_jpeg,1,200,image/jpeg,59858,a067fb2217e217150a3b5970a5a815ad93e956541130c92b666a83838cb8d163,1,
CN_PENDING_PAGE_MANIFEST_0.1,LTMD-CN1-G1972-VP053,LTMD-CN1-G1972,H1972P1CI058,1972,1,53,99,53,https://historico.conaliteg.gob.mx/c/H1972P1CI058/053.jpg,0,0.535354,Q3,source_jpeg,1,200,image/jpeg,62508,9915ef6d613b3ab72198dff3722bb69e4105c8b1120166e7b1b398e307287688,1,
CN_PENDING_PAGE_MANIFEST_0.1,LTMD-CN1-G1972-VP054,LTMD-CN1-G1972,H1972P1CI058,1972,1,54,99,54,https://historico.conaliteg.gob.mx/c/H1972P1CI058/054.jpg,0,0.545455,Q3,source_jpeg,1,200,image/jpeg,53368,e1d25ee8d06379b041639936521ebf539d02314395f924b34d336a8d163cefcb,1,
CN_PENDING_PAGE_MANIFEST_0.1,LTMD-CN1-G1972-VP055,LTMD-CN1-G1972,H1972P1CI058,1972,1,55,99,55,https://historico.conaliteg.gob.mx/c/H1972P1CI058/055.jpg,0,0.555556,Q3,source_jpeg,1,200,image/jpeg,47515,ea61708124022d944b4145f5bab5baee66dc8c02179d1f21081e3b9245415604,1,
CN_PENDING_PAGE_MANIFEST_0.1,LTMD-CN1-G1972-VP056,LTMD-CN1-G1972,H1972P1CI058,1972,1,56,99,56,https://historico.conaliteg.gob.mx/c/H1972P1CI058/056.jpg,0,0.565657,Q3,source_jpeg,1,200,image/jpeg,72670,eb4fe34c18229d1f1fc5a8074ecee303fd9edaab8eede97f4aedbcc5b549616d,1,
CN_PENDING_PAGE_MANIFEST_0.1,LTMD-CN1-G1972-VP057,LTMD-CN1-G1972,H1972P1CI058,1972,1,57,99,57,https://historico.conaliteg.gob.mx/c/H1972P1CI058/057.jpg,0,0.575758,Q3,source_jpeg,1,200,image/jpeg,71298,536eccf943ec5a9ef0f4df35275f3a6082411227a5d44f8820871b768c850eb2,1,
CN_PENDING_PAGE_MANIFEST_0.1,LTMD-CN1-G1972-VP058,LTMD-CN1-G1972,H1972P1CI058,1972,1,58,99,58,https://historico.conaliteg.gob.mx/c/H1972P1CI058/058.jpg,0,0.585859,Q3,source_jpeg,1,200,image/jpeg,20058,ac737f0a42bd95dc11d8e0b8883e696783aaabb540d69c7c18c16d11353b7e29,1,
CN_PENDING_PAGE_MANIFEST_0.1,LTMD-CN1-G1972-VP059,LTMD-CN1-G1972,H1972P1CI058,1972,1,59,99,59,https://historico.conaliteg.gob.mx/c/H1972P1CI058/059.jpg,0,0.595960,Q3,source_jpeg,1,200,image/jpeg,55466,f0709b7fd08cef75caf19d5c779df28b64607a8990f5a017f8c4bd678882aeb1,1,
CN_PENDING_PAGE_MANIFEST_0.1,LTMD-CN1-G1972-VP060,LTMD-CN1-G1972,H1972P1CI058,1972,1,60,99,60,https://historico.conaliteg.gob.mx/c/H1972P1CI058/060.jpg,0,0.606061,Q3,source_jpeg,1,200,image/jpeg,37508,fc0494d48ca3c9c40fc4572367243ac5993f419701992e3a93947013efe0cb72,1,
CN_PENDING_PAGE_MANIFEST_0.1,LTMD-CN1-G1972-VP061,LTMD-CN1-G1972,H1972P1CI058,1972,1,61,99,61,https://historico.conaliteg.gob.mx/c/H1972P1CI058/061.jpg,0,0.616162,Q3,source_jpeg,1,200,image/jpeg,52094,6ae628a1cc3390955bf52129d98944e8c203ef68af81bcd2df35f25af1c9902d,1,
CN_PENDING_PAGE_MANIFEST_0.1,LTMD-CN1-G1972-VP062,LTMD-CN1-G1972,H1972P1CI058,1972,1,62,99,62,https://historico.conaliteg.gob.mx/c/H1972P1CI058/062.jpg,0,0.626263,Q3,source_jpeg,1,200,image/jpeg,38414,62655a6eb7a1af9e16e2f4fa19c9f628528837dc1e582ad5ca15d0a073b1108f,1,
CN_PENDING_PAGE_MANIFEST_0.1,LTMD-CN1-G1972-VP063,LTMD-CN1-G1972,H1972P1CI058,1972,1,63,99,63,https://historico.conaliteg.gob.mx/c/H1972P1CI058/063.jpg,0,0.636364,Q3,source_jpeg,1,200,image/jpeg,40275,9b895ee17d6ac9d6c717da833619b3dd1d2f8c211adde89adad12a37e5023222,1,
CN_PENDING_PAGE_MANIFEST_0.1,LTMD-CN1-G1972-VP064,LTMD-CN1-G1972,H1972P1CI058,1972,1,64,99,64,https://historico.conaliteg.gob.mx/c/H1972P1CI058/064.jpg,0,0.646465,Q3,source_jpeg,1,200,image/jpeg,46527,0aac4b0e531d468357416a9641cca696b4ed1bdacc2977eb2f96e45dfe5cd269,1,
CN_PENDING_PAGE_MANIFEST_0.1,LTMD-CN1-G1972-VP065,LTMD-CN1-G1972,H1972P1CI058,1972,1,65,99,65,https://historico.conaliteg.gob.mx/c/H1972P1CI058/065.jpg,0,0.656566,Q3,source_jpeg,1,200,image/jpeg,49484,46dbbdae047ed502526067f5657794a9ae7d1d13f227fa6221ca0d59daecccfa,1,
CN_PENDING_PAGE_MANIFEST_0.1,LTMD-CN1-G1972-VP066,LTMD-CN1-G1972,H1972P1CI058,1972,1,66,99,66,https://historico.conaliteg.gob.mx/c/H1972P1CI058/066.jpg,0,0.666667,Q3,source_jpeg,1,200,image/jpeg,45026,9bb902e6f271598dfa719ccd70b25950b8c7954b4d721dfb47062b7b57da54c9,1,
CN_PENDING_PAGE_MANIFEST_0.1,LTMD-CN1-G1972-VP067,LTMD-CN1-G1972,H1972P1CI058,1972,1,67,99,67,https://historico.conaliteg.gob.mx/c/H1972P1CI058/067.jpg,0,0.676768,Q3,source_jpeg,1,200,image/jpeg,48547,b47775c63ad0197d19abf1178eb8c539e444a7a4acd1554dfe5d5542891a7f12,1,
CN_PENDING_PAGE_MANIFEST_0.1,LTMD-CN1-G1972-VP068,LTMD-CN1-G1972,H1972P1CI058,1972,1,68,99,68,https://historico.conaliteg.gob.mx/c/H1972P1CI058/068.jpg,0,0.686869,Q3,source_jpeg,1,200,image/jpeg,35675,62e64135c6299bc4ddf1bf8716245ec05e46c1daa07063c73dacbdce68d5e99a,1,
CN_PENDING_PAGE_MANIFEST_0.1,LTMD-CN1-G1972-VP069,LTMD-CN1-G1972,H1972P1CI058,1972,1,69,99,69,https://historico.conaliteg.gob.mx/c/H1972P1CI058/069.jpg,0,0.696970,Q3,source_jpeg,1,200,image/jpeg,47981,c72e140f315506e32438b9ec514710f9066ee456a1ddc3b6c7f0ac9b92c8b4d6,1,
CN_PENDING_PAGE_MANIFEST_0.1,LTMD-CN1-G1972-VP070,LTMD-CN1-G1972,H1972P1CI058,1972,1,70,99,70,https://historico.conaliteg.gob.mx/c/H1972P1CI058/070.jpg,0,0.707071,Q3,source_jpeg,1,200,image/jpeg,59938,70e04e39be37094696b9c06cd78b604cf0a637b0714e8799f03ff105de526b39,1,
CN_PENDING_PAGE_MANIFEST_0.1,LTMD-CN1-G1972-VP071,LTMD-CN1-G1972,H1972P1CI058,1972,1,71,99,71,https://historico.conaliteg.gob.mx/c/H1972P1CI058/071.jpg,0,0.717172,Q3,source_jpeg,1,200,image/jpeg,38038,a0dbbfc1eb5ab1c9bdd39d5d7adbbdfd5330f415fb5f030b2428251d26955af1,1,
CN_PENDING_PAGE_MANIFEST_0.1,LTMD-CN1-G1972-VP072,LTMD-CN1-G1972,H1972P1CI058,1972,1,72,99,72,https://historico.conaliteg.gob.mx/c/H1972P1CI058/072.jpg,0,0.727273,Q3,source_jpeg,1,200,image/jpeg,41512,b27c49bfdb459a54339ba573605d9f25a73d482bab538552d882142ce70a1fa6,1,
CN_PENDING_PAGE_MANIFEST_0.1,LTMD-CN1-G1972-VP073,LTMD-CN1-G1972,H1972P1CI058,1972,1,73,99,73,https://historico.conaliteg.gob.mx/c/H1972P1CI058/073.jpg,0,0.737374,Q3,source_jpeg,1,200,image/jpeg,44250,90fd22da95580d984d0d99a29d3a749257edf8389af65273531c8a8d315a5c31,1,
CN_PENDING_PAGE_MANIFEST_0.1,LTMD-CN1-G1972-VP074,LTMD-CN1-G1972,H1972P1CI058,1972,1,74,99,74,https://historico.conaliteg.gob.mx/c/H1972P1CI058/074.jpg,0,0.747475,Q3,source_jpeg,1,200,image/jpeg,39735,e87368b5be8251bbef3a61cef791bc0be29de38f4d008af6e9dce1f8c3e03598,1,
CN_PENDING_PAGE_MANIFEST_0.1,LTMD-CN1-G1972-VP075,LTMD-CN1-G1972,H1972P1CI058,1972,1,75,99,75,https://historico.conaliteg.gob.mx/c/H1972P1CI058/075.jpg,0,0.757576,Q4,source_jpeg,1,200,image/jpeg,54732,863396176049f0c5d1e918027a9397b7afaa86dc636a4316c447cfd467e8e492,1,
CN_PENDING_PAGE_MANIFEST_0.1,LTMD-CN1-G1972-VP076,LTMD-CN1-G1972,H1972P1CI058,1972,1,76,99,76,https://historico.conaliteg.gob.mx/c/H1972P1CI058/076.jpg,0,0.767677,Q4,source_jpeg,1,200,image/jpeg,45627,b34bcf5f56be41775cab63b0c348d3b3b647001f9e997f46b3ad034aee14d3a4,1,
CN_PENDING_PAGE_MANIFEST_0.1,LTMD-CN1-G1972-VP077,LTMD-CN1-G1972,H1972P1CI058,1972,1,77,99,77,https://historico.conaliteg.gob.mx/c/H1972P1CI058/077.jpg,0,0.777778,Q4,source_jpeg,1,200,image/jpeg,35352,dd84878c8aa7f44f6aab0c21f8c9ebd736e64f46c4ccf48199934def32ff5185,1,
CN_PENDING_PAGE_MANIFEST_0.1,LTMD-CN1-G1972-VP078,LTMD-CN1-G1972,H1972P1CI058,1972,1,78,99,78,https://historico.conaliteg.gob.mx/c/H1972P1CI058/078.jpg,0,0.787879,Q4,source_jpeg,1,200,image/jpeg,19629,c748452680408879e0ce75431f5ba29bdee53b0e347adb6455a5eeaf8654a97a,1,
CN_PENDING_PAGE_MANIFEST_0.1,LTMD-CN1-G1972-VP079,LTMD-CN1-G1972,H1972P1CI058,1972,1,79,99,79,https://historico.conaliteg.gob.mx/c/H1972P1CI058/079.jpg,0,0.797980,Q4,source_jpeg,1,200,image/jpeg,39925,288cc05a6d75900d58418cac95c4232b0106c5ca29080d588423e9e50974fc43,1,
CN_PENDING_PAGE_MANIFEST_0.1,LTMD-CN1-G1972-VP080,LTMD-CN1-G1972,H1972P1CI058,1972,1,80,99,80,https://historico.conaliteg.gob.mx/c/H1972P1CI058/080.jpg,0,0.808081,Q4,source_jpeg,1,200,image/jpeg,43855,c2e979582d0dc6b69a5c81f2766518f712a1471b733d59f16495c7cc6f20758a,1,
CN_PENDING_PAGE_MANIFEST_0.1,LTMD-CN1-G1972-VP081,LTMD-CN1-G1972,H1972P1CI058,1972,1,81,99,81,https://historico.conaliteg.gob.mx/c/H1972P1CI058/081.jpg,0,0.818182,Q4,source_jpeg,1,200,image/jpeg,34828,6bcfa85e07fe80cc5f8fdce3586e6d5d48bfd7798818ff355448f8c94225d72b,1,
CN_PENDING_PAGE_MANIFEST_0.1,LTMD-CN1-G1972-VP082,LTMD-CN1-G1972,H1972P1CI058,1972,1,82,99,82,https://historico.conaliteg.gob.mx/c/H1972P1CI058/082.jpg,0,0.828283,Q4,source_jpeg,1,200,image/jpeg,43825,f6774e6a8b65e4dcb42123c3d829bfb6b7ceaf0a942834d7fc4f85e303140b86,1,
CN_PENDING_PAGE_MANIFEST_0.1,LTMD-CN1-G1972-VP083,LTMD-CN1-G1972,H1972P1CI058,1972,1,83,99,83,https://historico.conaliteg.gob.mx/c/H1972P1CI058/083.jpg,0,0.838384,Q4,source_jpeg,1,200,image/jpeg,39751,a99e522917e68a96cdea4b58792f7f25f97a01b668f4239e91ea3f3a68dc9726,1,
CN_PENDING_PAGE_MANIFEST_0.1,LTMD-CN1-G1972-VP084,LTMD-CN1-G1972,H1972P1CI058,1972,1,84,99,84,https://historico.conaliteg.gob.mx/c/H1972P1CI058/084.jpg,0,0.848485,Q4,source_jpeg,1,200,image/jpeg,35376,8854377c52bf4af86d0a2973c1d1ad403b2a88fe02f89dd612e3baa046f9b57c,1,
CN_PENDING_PAGE_MANIFEST_0.1,LTMD-CN1-G1972-VP085,LTMD-CN1-G1972,H1972P1CI058,1972,1,85,99,85,https://historico.conaliteg.gob.mx/c/H1972P1CI058/085.jpg,0,0.858586,Q4,source_jpeg,1,200,image/jpeg,49378,cf7913d661b30bd5562eb0ea0ef43ef5727ac7a9f6c36fafe9bd90ed4f2544b0,1,
CN_PENDING_PAGE_MANIFEST_0.1,LTMD-CN1-G1972-VP086,LTMD-CN1-G1972,H1972P1CI058,1972,1,86,99,86,https://historico.conaliteg.gob.mx/c/H1972P1CI058/086.jpg,0,0.868687,Q4,source_jpeg,1,200,image/jpeg,40767,eaf5618df008539c667797969d9664826f34002fa73b4419ef2603773169f00a,1,
CN_PENDING_PAGE_MANIFEST_0.1,LTMD-CN1-G1972-VP087,LTMD-CN1-G1972,H1972P1CI058,1972,1,87,99,87,https://historico.conaliteg.gob.mx/c/H1972P1CI058/087.jpg,0,0.878788,Q4,source_jpeg,1,200,image/jpeg,39104,3f23001e877f6f539e298bb78a7ae4a48fbd14812dad30b6880ed50312190f4a,1,
CN_PENDING_PAGE_MANIFEST_0.1,LTMD-CN1-G1972-VP088,LTMD-CN1-G1972,H1972P1CI058,1972,1,88,99,88,https://historico.conaliteg.gob.mx/c/H1972P1CI058/088.jpg,0,0.888889,Q4,source_jpeg,1,200,image/jpeg,39428,68e8bcc84a588e02d67f1a49ec954cf997f13ab57f11c5a1a9fe1731dd0f360a,1,
CN_PENDING_PAGE_MANIFEST_0.1,LTMD-CN1-G1972-VP089,LTMD-CN1-G1972,H1972P1CI058,1972,1,89,99,89,https://historico.conaliteg.gob.mx/c/H1972P1CI058/089.jpg,0,0.898990,Q4,source_jpeg,1,200,image/jpeg,52147,3fe1623cc0ef184588e77dcedb84216a09063f8b9eb170ec9ecc8163867af1e7,1,
CN_PENDING_PAGE_MANIFEST_0.1,LTMD-CN1-G1972-VP090,LTMD-CN1-G1972,H1972P1CI058,1972,1,90,99,90,https://historico.conaliteg.gob.mx/c/H1972P1CI058/090.jpg,0,0.909091,Q4,source_jpeg,1,200,image/jpeg,69001,c69d3934190012267adb2a8c43efa53373acff801978946b3dfd448ad6301c0e,1,
CN_PENDING_PAGE_MANIFEST_0.1,LTMD-CN1-G1972-VP091,LTMD-CN1-G1972,H1972P1CI058,1972,1,91,99,91,https://historico.conaliteg.gob.mx/c/H1972P1CI058/091.jpg,0,0.919192,Q4,source_jpeg,1,200,image/jpeg,43621,7981ed9d3d1faf7ba0eeb940fe0c9c3e7aaa4eb170e2d8f16180ec987c5b3db0,1,
CN_PENDING_PAGE_MANIFEST_0.1,LTMD-CN1-G1972-VP092,LTMD-CN1-G1972,H1972P1CI058,1972,1,92,99,92,https://historico.conaliteg.gob.mx/c/H1972P1CI058/092.jpg,0,0.929293,Q4,source_jpeg,1,200,image/jpeg,21042,28e1dc706b0796b820a68c82dbb71beaa0f6513bed1adac0b59e310ac8438b56,1,
CN_PENDING_PAGE_MANIFEST_0.1,LTMD-CN1-G1972-VP093,LTMD-CN1-G1972,H1972P1CI058,1972,1,93,99,93,https://historico.conaliteg.gob.mx/c/H1972P1CI058/093.jpg,0,0.939394,Q4,source_jpeg,1,200,image/jpeg,48202,a8c2dfde067707400b8fbb16d118800556ce25572ed213a1b34df55e8bed94cb,1,
CN_PENDING_PAGE_MANIFEST_0.1,LTMD-CN1-G1972-VP094,LTMD-CN1-G1972,H1972P1CI058,1972,1,94,99,94,https://historico.conaliteg.gob.mx/c/H1972P1CI058/094.jpg,0,0.949495,Q4,source_jpeg,1,200,image/jpeg,54823,924b886f3c8b048d4c7d1a915bac469481072c9fa87a56e6f72102ef1a34f1a8,1,
CN_PENDING_PAGE_MANIFEST_0.1,LTMD-CN1-G1972-VP095,LTMD-CN1-G1972,H1972P1CI058,1972,1,95,99,95,https://historico.conaliteg.gob.mx/c/H1972P1CI058/095.jpg,0,0.959596,Q4,source_jpeg,1,200,image/jpeg,42595,803d5b31d4ef59378e5040dde37a7da1c8d343b3e7436c3798f8299593647339,1,
CN_PENDING_PAGE_MANIFEST_0.1,LTMD-CN1-G1972-VP096,LTMD-CN1-G1972,H1972P1CI058,1972,1,96,99,96,https://historico.conaliteg.gob.mx/c/H1972P1CI058/096.jpg,0,0.969697,Q4,source_jpeg,1,200,image/jpeg,22894,438f0814487049cd078241ece0be449151845dac1a98a323f8f9bb4b147aab4d,1,
CN_PENDING_PAGE_MANIFEST_0.1,LTMD-CN1-G1972-VP097,LTMD-CN1-G1972,H1972P1CI058,1972,1,97,99,97,https://historico.conaliteg.gob.mx/c/H1972P1CI058/097.jpg,0,0.979798,Q4,source_jpeg,1,200,image/jpeg,34343,2e702841e8385c07a125bf9299b12759e571e483e328e81dc5462176626fba7e,1,
CN_PENDING_PAGE_MANIFEST_0.1,LTMD-CN1-G1972-VP098,LTMD-CN1-G1972,H1972P1CI058,1972,1,98,99,98,https://historico.conaliteg.gob.mx/c/H1972P1CI058/098.jpg,0,0.989899,Q4,source_jpeg,1,200,image/jpeg,278450,3a96214e6dafae6e1b9a9e3bf4175788b2f824b94af2253a61239da4bf98bad1,1,
CN_PENDING_PAGE_MANIFEST_0.1,LTMD-CN2-G1972-VP001,LTMD-CN2-G1972,H1972P2CI064,1972,2,1,99,0,https://historico.conaliteg.gob.mx/c/H1972P2CI064/000.jpg,0,0.010101,Q1,source_jpeg,1,200,image/jpeg,228596,e814661196c4eb8fae6cfe58e27297c38c52d6966ae16bf313af120e7904f5c0,1,
CN_PENDING_PAGE_MANIFEST_0.1,LTMD-CN2-G1972-VP002,LTMD-CN2-G1972,H1972P2CI064,1972,2,2,99,2,https://historico.conaliteg.gob.mx/c/H1972P2CI064/002.jpg,0,0.020202,Q1,source_jpeg,1,200,image/jpeg,49098,b707734e87ee54e6395b85280c67a4eb062cf61b77efc947db5072827e3da99a,1,
CN_PENDING_PAGE_MANIFEST_0.1,LTMD-CN2-G1972-VP003,LTMD-CN2-G1972,H1972P2CI064,1972,2,3,99,3,https://historico.conaliteg.gob.mx/c/H1972P2CI064/003.jpg,0,0.030303,Q1,source_jpeg,1,200,image/jpeg,24340,7e3df3b182745a1d13105b16ba14c86a3d01753c0d604de5fb8812e36f6a8d20,1,
CN_PENDING_PAGE_MANIFEST_0.1,LTMD-CN2-G1972-VP004,LTMD-CN2-G1972,H1972P2CI064,1972,2,4,99,4,https://historico.conaliteg.gob.mx/c/H1972P2CI064/004.jpg,0,0.040404,Q1,source_jpeg,1,200,image/jpeg,16492,56b4442c0a281667ca5f28173173dcda68484ad5f3cbd7027da44f879b0d7803,1,
CN_PENDING_PAGE_MANIFEST_0.1,LTMD-CN2-G1972-VP005,LTMD-CN2-G1972,H1972P2CI064,1972,2,5,99,5,https://historico.conaliteg.gob.mx/c/H1972P2CI064/005.jpg,0,0.050505,Q1,source_jpeg,1,200,image/jpeg,18748,52421aac621af93bfe9df25ee9996bf42ecde59ac781ed0d9a681fe738e56ba1,1,
CN_PENDING_PAGE_MANIFEST_0.1,LTMD-CN2-G1972-VP006,LTMD-CN2-G1972,H1972P2CI064,1972,2,6,99,6,https://historico.conaliteg.gob.mx/c/H1972P2CI064/006.jpg,0,0.060606,Q1,source_jpeg,1,200,image/jpeg,69340,9901dbcba6ccc944baa39c958219e43c4fc61257a45bff9c9c3e7f70c672b303,1,
CN_PENDING_PAGE_MANIFEST_0.1,LTMD-CN2-G1972-VP007,LTMD-CN2-G1972,H1972P2CI064,1972,2,7,99,7,https://historico.conaliteg.gob.mx/c/H1972P2CI064/007.jpg,0,0.070707,Q1,source_jpeg,1,200,image/jpeg,74370,c34ddfcef6568796dd2456eb88132526e30f2bab881f0c09a41c42b3c7919c2a,1,
CN_PENDING_PAGE_MANIFEST_0.1,LTMD-CN2-G1972-VP008,LTMD-CN2-G1972,H1972P2CI064,1972,2,8,99,8,https://historico.conaliteg.gob.mx/c/H1972P2CI064/008.jpg,0,0.080808,Q1,source_jpeg,1,200,image/jpeg,54817,1fc75b3f6a4e1b379842865e693a97bf76501fd39e648f60cd89f8740640a65a,1,
CN_PENDING_PAGE_MANIFEST_0.1,LTMD-CN2-G1972-VP009,LTMD-CN2-G1972,H1972P2CI064,1972,2,9,99,9,https://historico.conaliteg.gob.mx/c/H1972P2CI064/009.jpg,0,0.090909,Q1,source_jpeg,1,200,image/jpeg,48134,0b68075e0046cc98a7df857cc7073bceed696b3c25b9d68b6e69157564eba339,1,
CN_PENDING_PAGE_MANIFEST_0.1,LTMD-CN2-G1972-VP010,LTMD-CN2-G1972,H1972P2CI064,1972,2,10,99,10,https://historico.conaliteg.gob.mx/c/H1972P2CI064/010.jpg,0,0.101010,Q1,source_jpeg,1,200,image/jpeg,41104,239fd5bf1951cedbf6ad601d2f71c7b9901905db3311b3b741ae244a10e9f4ca,1,
CN_PENDING_PAGE_MANIFEST_0.1,LTMD-CN2-G1972-VP011,LTMD-CN2-G1972,H1972P2CI064,1972,2,11,99,11,https://historico.conaliteg.gob.mx/c/H1972P2CI064/011.jpg,0,0.111111,Q1,source_jpeg,1,200,image/jpeg,33971,34835550feae94023e094743bbe4b8c83888d836c07d99f606973a04ed2083cb,1,
CN_PENDING_PAGE_MANIFEST_0.1,LTMD-CN2-G1972-VP012,LTMD-CN2-G1972,H1972P2CI064,1972,2,12,99,12,https://historico.conaliteg.gob.mx/c/H1972P2CI064/012.jpg,0,0.121212,Q1,source_jpeg,1,200,image/jpeg,41752,2f84a09ab26ce4ed775edecdee7cbcae952c0c7f17991419072e8aa72600dee9,1,
CN_PENDING_PAGE_MANIFEST_0.1,LTMD-CN2-G1972-VP013,LTMD-CN2-G1972,H1972P2CI064,1972,2,13,99,13,https://historico.conaliteg.gob.mx/c/H1972P2CI064/013.jpg,0,0.131313,Q1,source_jpeg,1,200,image/jpeg,42548,057b1c6f5e2f286d7cfb749a08ddd60e20fa9520acfccc6af13199c61c9787c8,1,
CN_PENDING_PAGE_MANIFEST_0.1,LTMD-CN2-G1972-VP014,LTMD-CN2-G1972,H1972P2CI064,1972,2,14,99,14,https://historico.conaliteg.gob.mx/c/H1972P2CI064/014.jpg,0,0.141414,Q1,source_jpeg,1,200,image/jpeg,49213,1ac0b9d33d109e55fd5770d6c2dc55db844cad1123bffa428dfc6f93ee485cd3,1,
CN_PENDING_PAGE_MANIFEST_0.1,LTMD-CN2-G1972-VP015,LTMD-CN2-G1972,H1972P2CI064,1972,2,15,99,15,https://historico.conaliteg.gob.mx/c/H1972P2CI064/015.jpg,0,0.151515,Q1,source_jpeg,1,200,image/jpeg,33896,1e11a930f8fca4bce18462f754b6228dfb8534529545356fa5a722fe2c53e2fa,1,
CN_PENDING_PAGE_MANIFEST_0.1,LTMD-CN2-G1972-VP016,LTMD-CN2-G1972,H1972P2CI064,1972,2,16,99,16,https://historico.conaliteg.gob.mx/c/H1972P2CI064/016.jpg,0,0.161616,Q1,source_jpeg,1,200,image/jpeg,43479,007d6087d11e04c3295aa5f2dbcdb4face239deb97b5598e35e9423eb43f4fae,1,
CN_PENDING_PAGE_MANIFEST_0.1,LTMD-CN2-G1972-VP017,LTMD-CN2-G1972,H1972P2CI064,1972,2,17,99,17,https://historico.conaliteg.gob.mx/c/H1972P2CI064/017.jpg,0,0.171717,Q1,source_jpeg,1,200,image/jpeg,34156,ae4c2675a858baca531fea14e956b7436379a927bed64d9a1cacda52d8586e87,1,
CN_PENDING_PAGE_MANIFEST_0.1,LTMD-CN2-G1972-VP018,LTMD-CN2-G1972,H1972P2CI064,1972,2,18,99,18,https://historico.conaliteg.gob.mx/c/H1972P2CI064/018.jpg,0,0.181818,Q1,source_jpeg,1,200,image/jpeg,44422,f8a7edd06303441fd35b52a2da0ad72300f1f483d15633579d1dc3709f36a006,1,
CN_PENDING_PAGE_MANIFEST_0.1,LTMD-CN2-G1972-VP019,LTMD-CN2-G1972,H1972P2CI064,1972,2,19,99,19,https://historico.conaliteg.gob.mx/c/H1972P2CI064/019.jpg,0,0.191919,Q1,source_jpeg,1,200,image/jpeg,42982,4523ccbaac17471c07f90bd62bbc5914cbc8e24acdb2f30f96204cc48673b723,1,
CN_PENDING_PAGE_MANIFEST_0.1,LTMD-CN2-G1972-VP020,LTMD-CN2-G1972,H1972P2CI064,1972,2,20,99,20,https://historico.conaliteg.gob.mx/c/H1972P2CI064/020.jpg,0,0.202020,Q1,source_jpeg,1,200,image/jpeg,30713,3cab30c01e438150fc5f834681496eb1532d049ad57fb364f0b9ead03c94eeec,1,
CN_PENDING_PAGE_MANIFEST_0.1,LTMD-CN2-G1972-VP021,LTMD-CN2-G1972,H1972P2CI064,1972,2,21,99,21,https://historico.conaliteg.gob.mx/c/H1972P2CI064/021.jpg,0,0.212121,Q1,source_jpeg,1,200,image/jpeg,35300,c9c6fb45fa982e7f1c460f596983f2875ef29c81189a5552d46e4f5f96777d03,1,
CN_PENDING_PAGE_MANIFEST_0.1,LTMD-CN2-G1972-VP022,LTMD-CN2-G1972,H1972P2CI064,1972,2,22,99,22,https://historico.conaliteg.gob.mx/c/H1972P2CI064/022.jpg,0,0.222222,Q1,source_jpeg,1,200,image/jpeg,28421,351012b49f594e2e1f225b1311d89d1b481bcc40cc30a757a55fbc627c6f5bcf,1,
CN_PENDING_PAGE_MANIFEST_0.1,LTMD-CN2-G1972-VP023,LTMD-CN2-G1972,H1972P2CI064,1972,2,23,99,23,https://historico.conaliteg.gob.mx/c/H1972P2CI064/023.jpg,0,0.232323,Q1,source_jpeg,1,200,image/jpeg,43965,94b4b7a7efe905cb975417a3a14ab5af0fe379f9c31b9d935e9c8b1f3ca8b33b,1,
CN_PENDING_PAGE_MANIFEST_0.1,LTMD-CN2-G1972-VP024,LTMD-CN2-G1972,H1972P2CI064,1972,2,24,99,24,https://historico.conaliteg.gob.mx/c/H1972P2CI064/024.jpg,0,0.242424,Q1,source_jpeg,1,200,image/jpeg,25968,b127ebbb4c8ceae58fee33c700015b37ac64145a73e11f55e2071ac5362775aa,1,
CN_PENDING_PAGE_MANIFEST_0.1,LTMD-CN2-G1972-VP025,LTMD-CN2-G1972,H1972P2CI064,1972,2,25,99,25,https://historico.conaliteg.gob.mx/c/H1972P2CI064/025.jpg,0,0.252525,Q2,source_jpeg,1,200,image/jpeg,20002,53bcc3b3f0810d99b74d913c208cb98e0170e3e8b1be958b05143b4a11f98936,1,
CN_PENDING_PAGE_MANIFEST_0.1,LTMD-CN2-G1972-VP026,LTMD-CN2-G1972,H1972P2CI064,1972,2,26,99,26,https://historico.conaliteg.gob.mx/c/H1972P2CI064/026.jpg,0,0.262626,Q2,source_jpeg,1,200,image/jpeg,33204,ff326d960ec797a1a7d4201e99f11d553a35e221750c91cf89dc77a336b68574,1,
CN_PENDING_PAGE_MANIFEST_0.1,LTMD-CN2-G1972-VP027,LTMD-CN2-G1972,H1972P2CI064,1972,2,27,99,27,https://historico.conaliteg.gob.mx/c/H1972P2CI064/027.jpg,0,0.272727,Q2,source_jpeg,1,200,image/jpeg,30420,906374fe843b75a7aa79812a31607d86210c09199c82bc30af32a44da202b6f8,1,
CN_PENDING_PAGE_MANIFEST_0.1,LTMD-CN2-G1972-VP028,LTMD-CN2-G1972,H1972P2CI064,1972,2,28,99,28,https://historico.conaliteg.gob.mx/c/H1972P2CI064/028.jpg,0,0.282828,Q2,source_jpeg,1,200,image/jpeg,36776,87043ff9c98581ea2d07c106b9db8423d43e5397ea2d15895b9aa8dfb71be89b,1,
CN_PENDING_PAGE_MANIFEST_0.1,LTMD-CN2-G1972-VP029,LTMD-CN2-G1972,H1972P2CI064,1972,2,29,99,29,https://historico.conaliteg.gob.mx/c/H1972P2CI064/029.jpg,0,0.292929,Q2,source_jpeg,1,200,image/jpeg,38246,46f3035498501c6e79cdb4f5df9583c908c505e5080540922a7dca771dcd978c,1,
CN_PENDING_PAGE_MANIFEST_0.1,LTMD-CN2-G1972-VP030,LTMD-CN2-G1972,H1972P2CI064,1972,2,30,99,30,https://historico.conaliteg.gob.mx/c/H1972P2CI064/030.jpg,0,0.303030,Q2,source_jpeg,1,200,image/jpeg,34201,5900eba038bb82ab14b4aeb5e954cdd9e22e880bc779e9fad1ee7d9a28841d5e,1,
CN_PENDING_PAGE_MANIFEST_0.1,LTMD-CN2-G1972-VP031,LTMD-CN2-G1972,H1972P2CI064,1972,2,31,99,31,https://historico.conaliteg.gob.mx/c/H1972P2CI064/031.jpg,0,0.313131,Q2,source_jpeg,1,200,image/jpeg,25800,0b36718ebfdb904e062a22d6cdfc8b92c008f46ed9d8163a9e8c0d2f70f16156,1,
CN_PENDING_PAGE_MANIFEST_0.1,LTMD-CN2-G1972-VP032,LTMD-CN2-G1972,H1972P2CI064,1972,2,32,99,32,https://historico.conaliteg.gob.mx/c/H1972P2CI064/032.jpg,0,0.323232,Q2,source_jpeg,1,200,image/jpeg,24200,84f288bf558b73ee69635552739fda9d721d18a558ac480c1599e9e8c26c0152,1,
CN_PENDING_PAGE_MANIFEST_0.1,LTMD-CN2-G1972-VP033,LTMD-CN2-G1972,H1972P2CI064,1972,2,33,99,33,https://historico.conaliteg.gob.mx/c/H1972P2CI064/033.jpg,0,0.333333,Q2,source_jpeg,1,200,image/jpeg,26515,653ab33b9a991481815b6e7d81bf1b6196ce588626fa5ad3b7b15af4f774144e,1,
CN_PENDING_PAGE_MANIFEST_0.1,LTMD-CN2-G1972-VP034,LTMD-CN2-G1972,H1972P2CI064,1972,2,34,99,34,https://historico.conaliteg.gob.mx/c/H1972P2CI064/034.jpg,0,0.343434,Q2,source_jpeg,1,200,image/jpeg,48333,4ae888dc0d1f9e066c16a44b490340b2c8ce07812afc3dad4ba5c22737c763f0,1,
CN_PENDING_PAGE_MANIFEST_0.1,LTMD-CN2-G1972-VP035,LTMD-CN2-G1972,H1972P2CI064,1972,2,35,99,35,https://historico.conaliteg.gob.mx/c/H1972P2CI064/035.jpg,0,0.353535,Q2,source_jpeg,1,200,image/jpeg,21641,6e0e9225546e23963e33676da76fca022a413bfae31fdfe0c9503b0409ca0a99,1,
CN_PENDING_PAGE_MANIFEST_0.1,LTMD-CN2-G1972-VP036,LTMD-CN2-G1972,H1972P2CI064,1972,2,36,99,36,https://historico.conaliteg.gob.mx/c/H1972P2CI064/036.jpg,0,0.363636,Q2,source_jpeg,1,200,image/jpeg,32616,894fd55263c5892abbf3c79863b1460cd2770dd290251469c06dce58603565de,1,
CN_PENDING_PAGE_MANIFEST_0.1,LTMD-CN2-G1972-VP037,LTMD-CN2-G1972,H1972P2CI064,1972,2,37,99,37,https://historico.conaliteg.gob.mx/c/H1972P2CI064/037.jpg,0,0.373737,Q2,source_jpeg,1,200,image/jpeg,56040,486879599b3072131444f5c4293f25c34eb200414f8b3f648e5ca0624d7275ea,1,
CN_PENDING_PAGE_MANIFEST_0.1,LTMD-CN2-G1972-VP038,LTMD-CN2-G1972,H1972P2CI064,1972,2,38,99,38,https://historico.conaliteg.gob.mx/c/H1972P2CI064/038.jpg,0,0.383838,Q2,source_jpeg,1,200,image/jpeg,37002,20203fe2bd3be58f624a423a785aaadebaf3d3ff7540eb55bf92228d5d1a0463,1,
CN_PENDING_PAGE_MANIFEST_0.1,LTMD-CN2-G1972-VP039,LTMD-CN2-G1972,H1972P2CI064,1972,2,39,99,39,https://historico.conaliteg.gob.mx/c/H1972P2CI064/039.jpg,0,0.393939,Q2,source_jpeg,1,200,image/jpeg,53787,e5ae85b94b18d20d51d2da3c239a1c32e63b927b88b6bd21418adb9dcfd32c19,1,
CN_PENDING_PAGE_MANIFEST_0.1,LTMD-CN2-G1972-VP040,LTMD-CN2-G1972,H1972P2CI064,1972,2,40,99,40,https://historico.conaliteg.gob.mx/c/H1972P2CI064/040.jpg,0,0.404040,Q2,source_jpeg,1,200,image/jpeg,51311,9d2d4257c575262104ca2cb85aba0db8a1574b42974b04193109171ea8eb6354,1,
CN_PENDING_PAGE_MANIFEST_0.1,LTMD-CN2-G1972-VP041,LTMD-CN2-G1972,H1972P2CI064,1972,2,41,99,41,https://historico.conaliteg.gob.mx/c/H1972P2CI064/041.jpg,0,0.414141,Q2,source_jpeg,1,200,image/jpeg,53631,a7a2b0e930e850eaca6e58d794aba9ffb0060daf5c43fb49fe8ab90e12efd9b8,1,
CN_PENDING_PAGE_MANIFEST_0.1,LTMD-CN2-G1972-VP042,LTMD-CN2-G1972,H1972P2CI064,1972,2,42,99,42,https://historico.conaliteg.gob.mx/c/H1972P2CI064/042.jpg,0,0.424242,Q2,source_jpeg,1,200,image/jpeg,51891,a1f6068c4567f03e17f4264d466b385d07c51e4acf3a301d4e6d0294045249b2,1,
CN_PENDING_PAGE_MANIFEST_0.1,LTMD-CN2-G1972-VP043,LTMD-CN2-G1972,H1972P2CI064,1972,2,43,99,43,https://historico.conaliteg.gob.mx/c/H1972P2CI064/043.jpg,0,0.434343,Q2,source_jpeg,1,200,image/jpeg,48101,a64e66afa5595e754948f3d5d02c09b98fc5b61a1f9b3b02d36cd53cb6aa3c81,1,
CN_PENDING_PAGE_MANIFEST_0.1,LTMD-CN2-G1972-VP044,LTMD-CN2-G1972,H1972P2CI064,1972,2,44,99,44,https://historico.conaliteg.gob.mx/c/H1972P2CI064/044.jpg,0,0.444444,Q2,source_jpeg,1,200,image/jpeg,43628,fc3e03356ecdac6fd059bd82b6c3270f49a1008d68748516aabe30decc93b22e,1,
CN_PENDING_PAGE_MANIFEST_0.1,LTMD-CN2-G1972-VP045,LTMD-CN2-G1972,H1972P2CI064,1972,2,45,99,45,https://historico.conaliteg.gob.mx/c/H1972P2CI064/045.jpg,0,0.454545,Q2,source_jpeg,1,200,image/jpeg,46057,843197c784fffa2d01d366282b80bdff9f52e2516e47d5cd90861e9d23a5f6ec,1,
CN_PENDING_PAGE_MANIFEST_0.1,LTMD-CN2-G1972-VP046,LTMD-CN2-G1972,H1972P2CI064,1972,2,46,99,46,https://historico.conaliteg.gob.mx/c/H1972P2CI064/046.jpg,0,0.464646,Q2,source_jpeg,1,200,image/jpeg,48679,8de36d9a9b1afee26a08f9b781a2aa72072755659a58dfa171c0392ea416b96b,1,
CN_PENDING_PAGE_MANIFEST_0.1,LTMD-CN2-G1972-VP047,LTMD-CN2-G1972,H1972P2CI064,1972,2,47,99,47,https://historico.conaliteg.gob.mx/c/H1972P2CI064/047.jpg,0,0.474747,Q2,source_jpeg,1,200,image/jpeg,46378,9ada880af8bb5065aa1906d6db9fa388ddb379324b62f9a8b73f512087720cbd,1,
CN_PENDING_PAGE_MANIFEST_0.1,LTMD-CN2-G1972-VP048,LTMD-CN2-G1972,H1972P2CI064,1972,2,48,99,48,https://historico.conaliteg.gob.mx/c/H1972P2CI064/048.jpg,0,0.484848,Q2,source_jpeg,1,200,image/jpeg,29699,6e77dce74a76cde200ef6193c94f2313d71ab901835a74f1968cd6c1a946f251,1,
CN_PENDING_PAGE_MANIFEST_0.1,LTMD-CN2-G1972-VP049,LTMD-CN2-G1972,H1972P2CI064,1972,2,49,99,49,https://historico.conaliteg.gob.mx/c/H1972P2CI064/049.jpg,0,0.494949,Q2,source_jpeg,1,200,image/jpeg,51752,4fef38dc434958ba1b419df909176389f81fdcdce8107781157e5ed9aa7e4b9d,1,
CN_PENDING_PAGE_MANIFEST_0.1,LTMD-CN2-G1972-VP050,LTMD-CN2-G1972,H1972P2CI064,1972,2,50,99,50,https://historico.conaliteg.gob.mx/c/H1972P2CI064/050.jpg,0,0.505051,Q3,source_jpeg,1,200,image/jpeg,37240,9411c41781387f680c9c83c968ad2992ef1be10c3b1afea4923164d8d9344174,1,
CN_PENDING_PAGE_MANIFEST_0.1,LTMD-CN2-G1972-VP051,LTMD-CN2-G1972,H1972P2CI064,1972,2,51,99,51,https://historico.conaliteg.gob.mx/c/H1972P2CI064/051.jpg,0,0.515152,Q3,source_jpeg,1,200,image/jpeg,35801,ac6acc925a795bafee51a1ad8d1c64e9c0a84ac51a80264a978e458718564e4f,1,
CN_PENDING_PAGE_MANIFEST_0.1,LTMD-CN2-G1972-VP052,LTMD-CN2-G1972,H1972P2CI064,1972,2,52,99,52,https://historico.conaliteg.gob.mx/c/H1972P2CI064/052.jpg,0,0.525253,Q3,source_jpeg,1,200,image/jpeg,62924,4bae74f2bb75c8268b771cc922d957b8c73eda0258fee8abc0cb9afb3c618a66,1,
CN_PENDING_PAGE_MANIFEST_0.1,LTMD-CN2-G1972-VP053,LTMD-CN2-G1972,H1972P2CI064,1972,2,53,99,53,https://historico.conaliteg.gob.mx/c/H1972P2CI064/053.jpg,0,0.535354,Q3,source_jpeg,1,200,image/jpeg,31077,dc3dadc703b4aa1a4ac46c8ccef324bdb00c31bf45bffb763be6829e820e8e88,1,
CN_PENDING_PAGE_MANIFEST_0.1,LTMD-CN2-G1972-VP054,LTMD-CN2-G1972,H1972P2CI064,1972,2,54,99,54,https://historico.conaliteg.gob.mx/c/H1972P2CI064/054.jpg,0,0.545455,Q3,source_jpeg,1,200,image/jpeg,87176,c0a78820dae4fcff531da17bb01aeae408c798c19e6c6888bcf0bdf8851ec65d,1,
CN_PENDING_PAGE_MANIFEST_0.1,LTMD-CN2-G1972-VP055,LTMD-CN2-G1972,H1972P2CI064,1972,2,55,99,55,https://historico.conaliteg.gob.mx/c/H1972P2CI064/055.jpg,0,0.555556,Q3,source_jpeg,1,200,image/jpeg,74022,db13b7852ce2a7748d4a86550f083e29f7f731756216e378b0a62e72b0d5e8e7,1,
CN_PENDING_PAGE_MANIFEST_0.1,LTMD-CN2-G1972-VP056,LTMD-CN2-G1972,H1972P2CI064,1972,2,56,99,56,https://historico.conaliteg.gob.mx/c/H1972P2CI064/056.jpg,0,0.565657,Q3,source_jpeg,1,200,image/jpeg,40999,f811a173d9eaa5172b9a94aa35df9fb40453aeda2e8fcb102727b70facb6e66a,1,
CN_PENDING_PAGE_MANIFEST_0.1,LTMD-CN2-G1972-VP057,LTMD-CN2-G1972,H1972P2CI064,1972,2,57,99,57,https://historico.conaliteg.gob.mx/c/H1972P2CI064/057.jpg,0,0.575758,Q3,source_jpeg,1,200,image/jpeg,39236,858d4c50b99b499b9201387c565296f79d6658a7d91a90419b259c78e0bfd7fc,1,
CN_PENDING_PAGE_MANIFEST_0.1,LTMD-CN2-G1972-VP058,LTMD-CN2-G1972,H1972P2CI064,1972,2,58,99,58,https://historico.conaliteg.gob.mx/c/H1972P2CI064/058.jpg,0,0.585859,Q3,source_jpeg,1,200,image/jpeg,45881,b7279cffe39f9c3bc513aa6a410e0cbc812603145d896a9cd7ffefd6dbf3f967,1,
CN_PENDING_PAGE_MANIFEST_0.1,LTMD-CN2-G1972-VP059,LTMD-CN2-G1972,H1972P2CI064,1972,2,59,99,59,https://historico.conaliteg.gob.mx/c/H1972P2CI064/059.jpg,0,0.595960,Q3,source_jpeg,1,200,image/jpeg,20905,625ec7fe4da0c3327d64ad40b866c641a9d75f03f2cff03c72638980cd762c47,1,
CN_PENDING_PAGE_MANIFEST_0.1,LTMD-CN2-G1972-VP060,LTMD-CN2-G1972,H1972P2CI064,1972,2,60,99,60,https://historico.conaliteg.gob.mx/c/H1972P2CI064/060.jpg,0,0.606061,Q3,source_jpeg,1,200,image/jpeg,31182,964cd4f2fde854f9b3542a293a0b5c96165b301031d78efde3b3e375f21d58f4,1,
CN_PENDING_PAGE_MANIFEST_0.1,LTMD-CN2-G1972-VP061,LTMD-CN2-G1972,H1972P2CI064,1972,2,61,99,61,https://historico.conaliteg.gob.mx/c/H1972P2CI064/061.jpg,0,0.616162,Q3,source_jpeg,1,200,image/jpeg,26279,c11e01f5357fcfcb049e95525980f3cd80fb0dca6df0df559ba073939c3e4c23,1,
CN_PENDING_PAGE_MANIFEST_0.1,LTMD-CN2-G1972-VP062,LTMD-CN2-G1972,H1972P2CI064,1972,2,62,99,62,https://historico.conaliteg.gob.mx/c/H1972P2CI064/062.jpg,0,0.626263,Q3,source_jpeg,1,200,image/jpeg,48520,961a89c86ae1d8633ce107b21f5c6aafb97682d5fd4c1a86b1ec1fcc5afe359a,1,
CN_PENDING_PAGE_MANIFEST_0.1,LTMD-CN2-G1972-VP063,LTMD-CN2-G1972,H1972P2CI064,1972,2,63,99,63,https://historico.conaliteg.gob.mx/c/H1972P2CI064/063.jpg,0,0.636364,Q3,source_jpeg,1,200,image/jpeg,52759,033e122f257aa68c492f65c1c48464133dc3725618e98f3fec6ff69a3acdb4f8,1,
CN_PENDING_PAGE_MANIFEST_0.1,LTMD-CN2-G1972-VP064,LTMD-CN2-G1972,H1972P2CI064,1972,2,64,99,64,https://historico.conaliteg.gob.mx/c/H1972P2CI064/064.jpg,0,0.646465,Q3,source_jpeg,1,200,image/jpeg,42049,85021af8f7bebba36c2274edf6f4aa05814d26150d19e75e90dfd94140bc3337,1,
CN_PENDING_PAGE_MANIFEST_0.1,LTMD-CN2-G1972-VP065,LTMD-CN2-G1972,H1972P2CI064,1972,2,65,99,65,https://historico.conaliteg.gob.mx/c/H1972P2CI064/065.jpg,0,0.656566,Q3,source_jpeg,1,200,image/jpeg,48810,cb1b91246809fc5602fafe84a7fe66cb74bb35b61f8db830d9bc3c25a564b0c2,1,
CN_PENDING_PAGE_MANIFEST_0.1,LTMD-CN2-G1972-VP066,LTMD-CN2-G1972,H1972P2CI064,1972,2,66,99,66,https://historico.conaliteg.gob.mx/c/H1972P2CI064/066.jpg,0,0.666667,Q3,source_jpeg,1,200,image/jpeg,52533,38d1562ca2d119bdb3b3d08e9dd680359a86e2c20949f2f2893cc3bddb510790,1,
CN_PENDING_PAGE_MANIFEST_0.1,LTMD-CN2-G1972-VP067,LTMD-CN2-G1972,H1972P2CI064,1972,2,67,99,67,https://historico.conaliteg.gob.mx/c/H1972P2CI064/067.jpg,0,0.676768,Q3,source_jpeg,1,200,image/jpeg,42084,6ddf2ea339cae8713f53ae7ad62ac2e49c06791fead0210e63d80ba736a80c08,1,
CN_PENDING_PAGE_MANIFEST_0.1,LTMD-CN2-G1972-VP068,LTMD-CN2-G1972,H1972P2CI064,1972,2,68,99,68,https://historico.conaliteg.gob.mx/c/H1972P2CI064/068.jpg,0,0.686869,Q3,source_jpeg,1,200,image/jpeg,37223,8a79ae1d19e8b50ebe4cd4ad534efc580b1b09f11f6436a743e1df56c413aed7,1,
CN_PENDING_PAGE_MANIFEST_0.1,LTMD-CN2-G1972-VP069,LTMD-CN2-G1972,H1972P2CI064,1972,2,69,99,69,https://historico.conaliteg.gob.mx/c/H1972P2CI064/069.jpg,0,0.696970,Q3,source_jpeg,1,200,image/jpeg,24204,c4f9746fdff065af313df9c98672c36b1ea08b625fef4a6365cf90821c840462,1,
CN_PENDING_PAGE_MANIFEST_0.1,LTMD-CN2-G1972-VP070,LTMD-CN2-G1972,H1972P2CI064,1972,2,70,99,70,https://historico.conaliteg.gob.mx/c/H1972P2CI064/070.jpg,0,0.707071,Q3,source_jpeg,1,200,image/jpeg,30284,17667bb3af6e37a7d2d1a99122baa2e450575de6830e6fdbb73d83c1eb525c6f,1,
CN_PENDING_PAGE_MANIFEST_0.1,LTMD-CN2-G1972-VP071,LTMD-CN2-G1972,H1972P2CI064,1972,2,71,99,71,https://historico.conaliteg.gob.mx/c/H1972P2CI064/071.jpg,0,0.717172,Q3,source_jpeg,1,200,image/jpeg,26092,e432d00a493542188a55c85dae78b2cd8a0d6b9c65d42f8e1a2f34ce215fc35e,1,
CN_PENDING_PAGE_MANIFEST_0.1,LTMD-CN2-G1972-VP072,LTMD-CN2-G1972,H1972P2CI064,1972,2,72,99,72,https://historico.conaliteg.gob.mx/c/H1972P2CI064/072.jpg,0,0.727273,Q3,source_jpeg,1,200,image/jpeg,35921,ed5d7e6e90d47b4da34bb1bbcad1c2279460dead85132cfcd4a50f094088228b,1,
CN_PENDING_PAGE_MANIFEST_0.1,LTMD-CN2-G1972-VP073,LTMD-CN2-G1972,H1972P2CI064,1972,2,73,99,73,https://historico.conaliteg.gob.mx/c/H1972P2CI064/073.jpg,0,0.737374,Q3,source_jpeg,1,200,image/jpeg,29906,9e98b16c7880fb2e50307c0706173860cfefc0903ef96f72236c66dc273be1c5,1,
CN_PENDING_PAGE_MANIFEST_0.1,LTMD-CN2-G1972-VP074,LTMD-CN2-G1972,H1972P2CI064,1972,2,74,99,74,https://historico.conaliteg.gob.mx/c/H1972P2CI064/074.jpg,0,0.747475,Q3,source_jpeg,1,200,image/jpeg,43626,e49b4911654353f0d07fea7905762701627676f418aa8a547ff8f86154ddddd9,1,
CN_PENDING_PAGE_MANIFEST_0.1,LTMD-CN2-G1972-VP075,LTMD-CN2-G1972,H1972P2CI064,1972,2,75,99,75,https://historico.conaliteg.gob.mx/c/H1972P2CI064/075.jpg,0,0.757576,Q4,source_jpeg,1,200,image/jpeg,48000,4d6ba09f0314881cf372d0f1d5aa4b92267a1b5c965b118af9164aa7b48d4ca4,1,
CN_PENDING_PAGE_MANIFEST_0.1,LTMD-CN2-G1972-VP076,LTMD-CN2-G1972,H1972P2CI064,1972,2,76,99,76,https://historico.conaliteg.gob.mx/c/H1972P2CI064/076.jpg,0,0.767677,Q4,source_jpeg,1,200,image/jpeg,38613,c524023fed36f02f6de5251f9f878bb27a7b08911e7d67667d9a909ae27c2eb6,1,
CN_PENDING_PAGE_MANIFEST_0.1,LTMD-CN2-G1972-VP077,LTMD-CN2-G1972,H1972P2CI064,1972,2,77,99,77,https://historico.conaliteg.gob.mx/c/H1972P2CI064/077.jpg,0,0.777778,Q4,source_jpeg,1,200,image/jpeg,33364,2a28fe1b3667c2d0f6cdf0494304ad532095b6f97708e94ffe696f3300d486c0,1,
CN_PENDING_PAGE_MANIFEST_0.1,LTMD-CN2-G1972-VP078,LTMD-CN2-G1972,H1972P2CI064,1972,2,78,99,78,https://historico.conaliteg.gob.mx/c/H1972P2CI064/078.jpg,0,0.787879,Q4,source_jpeg,1,200,image/jpeg,26492,332ce05e2e5a8d9fbce00cab92bab6982da55e10d1d6680296f47f7e10a93fbc,1,
CN_PENDING_PAGE_MANIFEST_0.1,LTMD-CN2-G1972-VP079,LTMD-CN2-G1972,H1972P2CI064,1972,2,79,99,79,https://historico.conaliteg.gob.mx/c/H1972P2CI064/079.jpg,0,0.797980,Q4,source_jpeg,1,200,image/jpeg,30528,b31d3c9f0009ce62cabedc244486789fabf3ae750a192bd8d00426c302f9c9f1,1,
CN_PENDING_PAGE_MANIFEST_0.1,LTMD-CN2-G1972-VP080,LTMD-CN2-G1972,H1972P2CI064,1972,2,80,99,80,https://historico.conaliteg.gob.mx/c/H1972P2CI064/080.jpg,0,0.808081,Q4,source_jpeg,1,200,image/jpeg,38363,9f03b4198e427f06464037e2f006456bbd0bfc0d7e21bf1c28467fe81e0b0ebb,1,
CN_PENDING_PAGE_MANIFEST_0.1,LTMD-CN2-G1972-VP081,LTMD-CN2-G1972,H1972P2CI064,1972,2,81,99,81,https://historico.conaliteg.gob.mx/c/H1972P2CI064/081.jpg,0,0.818182,Q4,source_jpeg,1,200,image/jpeg,30896,a704a9e409acf9f81b6ac91041d56ac6ca6d40030fce42a623aef2ea2bb32620,1,
CN_PENDING_PAGE_MANIFEST_0.1,LTMD-CN2-G1972-VP082,LTMD-CN2-G1972,H1972P2CI064,1972,2,82,99,82,https://historico.conaliteg.gob.mx/c/H1972P2CI064/082.jpg,0,0.828283,Q4,source_jpeg,1,200,image/jpeg,49348,f20163bfb4e934589fa9fc247c272995e3d7a2856eedcaffce62b39f63c738a6,1,
CN_PENDING_PAGE_MANIFEST_0.1,LTMD-CN2-G1972-VP083,LTMD-CN2-G1972,H1972P2CI064,1972,2,83,99,83,https://historico.conaliteg.gob.mx/c/H1972P2CI064/083.jpg,0,0.838384,Q4,source_jpeg,1,200,image/jpeg,19639,fe6e0fb95db24238e03249416ab91671ad56335bd1c0421db1d75e4555f7203c,1,
CN_PENDING_PAGE_MANIFEST_0.1,LTMD-CN2-G1972-VP084,LTMD-CN2-G1972,H1972P2CI064,1972,2,84,99,84,https://historico.conaliteg.gob.mx/c/H1972P2CI064/084.jpg,0,0.848485,Q4,source_jpeg,1,200,image/jpeg,27422,6b81859143ce7773a6fdd527cdeaa4090d6afc070a1a1675fe9f1efb4504016d,1,
CN_PENDING_PAGE_MANIFEST_0.1,LTMD-CN2-G1972-VP085,LTMD-CN2-G1972,H1972P2CI064,1972,2,85,99,85,https://historico.conaliteg.gob.mx/c/H1972P2CI064/085.jpg,0,0.858586,Q4,source_jpeg,1,200,image/jpeg,28916,e2369b646ea887637350d624365fc62e9517064d08477d31547f241a22ec75f9,1,
CN_PENDING_PAGE_MANIFEST_0.1,LTMD-CN2-G1972-VP086,LTMD-CN2-G1972,H1972P2CI064,1972,2,86,99,86,https://historico.conaliteg.gob.mx/c/H1972P2CI064/086.jpg,0,0.868687,Q4,source_jpeg,1,200,image/jpeg,26557,9c6c5cba53789619536b9ac59c9123d3c5e5cbbf40d30d6a733bf916ce1aa562,1,
CN_PENDING_PAGE_MANIFEST_0.1,LTMD-CN2-G1972-VP087,LTMD-CN2-G1972,H1972P2CI064,1972,2,87,99,87,https://historico.conaliteg.gob.mx/c/H1972P2CI064/087.jpg,0,0.878788,Q4,source_jpeg,1,200,image/jpeg,33234,cc83fe903d08bd20b07b19b9a04172055539c14c383432f91542d4ab34eda037,1,
CN_PENDING_PAGE_MANIFEST_0.1,LTMD-CN2-G1972-VP088,LTMD-CN2-G1972,H1972P2CI064,1972,2,88,99,88,https://historico.conaliteg.gob.mx/c/H1972P2CI064/088.jpg,0,0.888889,Q4,source_jpeg,1,200,image/jpeg,37534,462b0cff6ea71baa71db48c1dc5e74a63bd9f80eb767ea23b440836c8bf1e15d,1,
CN_PENDING_PAGE_MANIFEST_0.1,LTMD-CN2-G1972-VP089,LTMD-CN2-G1972,H1972P2CI064,1972,2,89,99,89,https://historico.conaliteg.gob.mx/c/H1972P2CI064/089.jpg,0,0.898990,Q4,source_jpeg,1,200,image/jpeg,34349,988d7892a5640a9b2240d2a6a7627e3f360251e6441c38360f5242807b321467,1,
CN_PENDING_PAGE_MANIFEST_0.1,LTMD-CN2-G1972-VP090,LTMD-CN2-G1972,H1972P2CI064,1972,2,90,99,90,https://historico.conaliteg.gob.mx/c/H1972P2CI064/090.jpg,0,0.909091,Q4,source_jpeg,1,200,image/jpeg,38384,ec64e2cc8384fa64de3b026dd69dd3a69a44f4c0714933c65608a92edee725cf,1,
CN_PENDING_PAGE_MANIFEST_0.1,LTMD-CN2-G1972-VP091,LTMD-CN2-G1972,H1972P2CI064,1972,2,91,99,91,https://historico.conaliteg.gob.mx/c/H1972P2CI064/091.jpg,0,0.919192,Q4,source_jpeg,1,200,image/jpeg,41848,38d7701654be2b855f64f0861b15c841591e0d590f6c8004924eea89dc4c262a,1,
CN_PENDING_PAGE_MANIFEST_0.1,LTMD-CN2-G1972-VP092,LTMD-CN2-G1972,H1972P2CI064,1972,2,92,99,92,https://historico.conaliteg.gob.mx/c/H1972P2CI064/092.jpg,0,0.929293,Q4,source_jpeg,1,200,image/jpeg,33123,c025084e1735652dfa3888d821e279382e4e9e20c5e9849a3d8fd320d877f8e4,1,
CN_PENDING_PAGE_MANIFEST_0.1,LTMD-CN2-G1972-VP093,LTMD-CN2-G1972,H1972P2CI064,1972,2,93,99,93,https://historico.conaliteg.gob.mx/c/H1972P2CI064/093.jpg,0,0.939394,Q4,source_jpeg,1,200,image/jpeg,29535,aad884320b4bb169cebfcf2f67a585b371cd7bb2541d4b4f9ec06595869df1b5,1,
CN_PENDING_PAGE_MANIFEST_0.1,LTMD-CN2-G1972-VP094,LTMD-CN2-G1972,H1972P2CI064,1972,2,94,99,94,https://historico.conaliteg.gob.mx/c/H1972P2CI064/094.jpg,0,0.949495,Q4,source_jpeg,1,200,image/jpeg,24633,a558c83d4cc5fb11b97a0f733f48d9eb6ceb437ca59b4103caf62a5bf4f21bf8,1,
CN_PENDING_PAGE_MANIFEST_0.1,LTMD-CN2-G1972-VP095,LTMD-CN2-G1972,H1972P2CI064,1972,2,95,99,95,https://historico.conaliteg.gob.mx/c/H1972P2CI064/095.jpg,0,0.959596,Q4,source_jpeg,1,200,image/jpeg,39371,9bf09a85f9222be319cc9b23ecf490054e06fc780f4af0ca00f14733f82b97bf,1,
CN_PENDING_PAGE_MANIFEST_0.1,LTMD-CN2-G1972-VP096,LTMD-CN2-G1972,H1972P2CI064,1972,2,96,99,96,https://historico.conaliteg.gob.mx/c/H1972P2CI064/096.jpg,0,0.969697,Q4,source_jpeg,1,200,image/jpeg,17837,4fbe8026ff8919ef0ebe680f5ca791c31f14ad0117e0a69e0c041188852c8620,1,
CN_PENDING_PAGE_MANIFEST_0.1,LTMD-CN2-G1972-VP097,LTMD-CN2-G1972,H1972P2CI064,1972,2,97,99,97,https://historico.conaliteg.gob.mx/c/H1972P2CI064/097.jpg,0,0.979798,Q4,source_jpeg,1,200,image/jpeg,55573,076256aca910a33dce7ce8cad12bf3b2f85e79cb886c19c36ae5378e82657531,1,
CN_PENDING_PAGE_MANIFEST_0.1,LTMD-CN2-G1972-VP098,LTMD-CN2-G1972,H1972P2CI064,1972,2,98,99,98,https://historico.conaliteg.gob.mx/c/H1972P2CI064/098.jpg,0,0.989899,Q4,source_jpeg,1,200,image/jpeg,241017,0908c3462b4c53578d2f7e92e70bd98c3c8817289c38baf9fdcbf262514fdd70,1,
CN_PENDING_PAGE_MANIFEST_0.1,LTMD-CN3-G1972-VP001,LTMD-CN3-G1972,H1972P3CI070,1972,3,1,147,0,https://historico.conaliteg.gob.mx/c/H1972P3CI070/000.jpg,0,0.006803,Q1,source_jpeg,1,200,image/jpeg,309837,c4c74e97207c7909b0e3ddfe0545afa21e1d26491a6bb5bcc3677f40e7d42a77,1,
CN_PENDING_PAGE_MANIFEST_0.1,LTMD-CN3-G1972-VP002,LTMD-CN3-G1972,H1972P3CI070,1972,3,2,147,2,https://historico.conaliteg.gob.mx/c/H1972P3CI070/002.jpg,0,0.013605,Q1,source_jpeg,1,200,image/jpeg,17907,26a81f2eb4ca69a7ca81b69c004410e519a11b94661a78dafb5de33278fc5816,1,
CN_PENDING_PAGE_MANIFEST_0.1,LTMD-CN3-G1972-VP003,LTMD-CN3-G1972,H1972P3CI070,1972,3,3,147,3,https://historico.conaliteg.gob.mx/c/H1972P3CI070/003.jpg,0,0.020408,Q1,source_jpeg,1,200,image/jpeg,21028,005bf7ef37a5a56a2b4ee91b3d8646994be15697f9f6fec777713af6647123ea,1,
CN_PENDING_PAGE_MANIFEST_0.1,LTMD-CN3-G1972-VP004,LTMD-CN3-G1972,H1972P3CI070,1972,3,4,147,4,https://historico.conaliteg.gob.mx/c/H1972P3CI070/004.jpg,0,0.027211,Q1,source_jpeg,1,200,image/jpeg,68123,2872f0baab3810e971d41082e5b9e8b9fcccdd3b6a1a943389c4079ca898bce2,1,
CN_PENDING_PAGE_MANIFEST_0.1,LTMD-CN3-G1972-VP005,LTMD-CN3-G1972,H1972P3CI070,1972,3,5,147,5,https://historico.conaliteg.gob.mx/c/H1972P3CI070/005.jpg,0,0.034014,Q1,source_jpeg,1,200,image/jpeg,24874,8c3d40d756af9f87b30634e14c145a550a909ce42c41aa8a78fff72a26053005,1,
CN_PENDING_PAGE_MANIFEST_0.1,LTMD-CN3-G1972-VP006,LTMD-CN3-G1972,H1972P3CI070,1972,3,6,147,6,https://historico.conaliteg.gob.mx/c/H1972P3CI070/006.jpg,0,0.040816,Q1,source_jpeg,1,200,image/jpeg,21467,4f42cdd0c7ce48e9db23a3109eda95ddde95a8f92e734cb712bdd1f189678876,1,
CN_PENDING_PAGE_MANIFEST_0.1,LTMD-CN3-G1972-VP007,LTMD-CN3-G1972,H1972P3CI070,1972,3,7,147,7,https://historico.conaliteg.gob.mx/c/H1972P3CI070/007.jpg,0,0.047619,Q1,source_jpeg,1,200,image/jpeg,49551,8a7f23f423f34a8a2578f6912564d1edc3f84b718d81a34d13b23380f5669cbe,1,
CN_PENDING_PAGE_MANIFEST_0.1,LTMD-CN3-G1972-VP008,LTMD-CN3-G1972,H1972P3CI070,1972,3,8,147,8,https://historico.conaliteg.gob.mx/c/H1972P3CI070/008.jpg,0,0.054422,Q1,source_jpeg,1,200,image/jpeg,42025,13f7c9e7c87a95516b2dba947610a7f9e513f13adabc9a9dcd3256b60fde55b1,1,
CN_PENDING_PAGE_MANIFEST_0.1,LTMD-CN3-G1972-VP009,LTMD-CN3-G1972,H1972P3CI070,1972,3,9,147,9,https://historico.conaliteg.gob.mx/c/H1972P3CI070/009.jpg,0,0.061224,Q1,source_jpeg,1,200,image/jpeg,39800,f03de9d5769e139dfbf23975774495e3e91efe6cdd8ccacf87cc32d1f458c012,1,
CN_PENDING_PAGE_MANIFEST_0.1,LTMD-CN3-G1972-VP010,LTMD-CN3-G1972,H1972P3CI070,1972,3,10,147,10,https://historico.conaliteg.gob.mx/c/H1972P3CI070/010.jpg,0,0.068027,Q1,source_jpeg,1,200,image/jpeg,70994,e320e9a382a9ce9166dcb084e0a70939320eede4847e2e20e32dce9c30aface2,1,
CN_PENDING_PAGE_MANIFEST_0.1,LTMD-CN3-G1972-VP011,LTMD-CN3-G1972,H1972P3CI070,1972,3,11,147,11,https://historico.conaliteg.gob.mx/c/H1972P3CI070/011.jpg,0,0.074830,Q1,source_jpeg,1,200,image/jpeg,72165,d649d36efcc29ac7e1da597bc5f2c0e59c03b80711a31227f593c922be6d7975,1,
CN_PENDING_PAGE_MANIFEST_0.1,LTMD-CN3-G1972-VP012,LTMD-CN3-G1972,H1972P3CI070,1972,3,12,147,12,https://historico.conaliteg.gob.mx/c/H1972P3CI070/012.jpg,0,0.081633,Q1,source_jpeg,1,200,image/jpeg,50786,fbbd5ab2dcb6983295ac579148d2f3324952ab9d7b31b03c772c9a9fd19de16b,1,
CN_PENDING_PAGE_MANIFEST_0.1,LTMD-CN3-G1972-VP013,LTMD-CN3-G1972,H1972P3CI070,1972,3,13,147,13,https://historico.conaliteg.gob.mx/c/H1972P3CI070/013.jpg,0,0.088435,Q1,source_jpeg,1,200,image/jpeg,51558,e8c04b2d3770f5b76be5833b87ec4b247d22e5a8c17164c23d99ebbaa24eaf5e,1,
CN_PENDING_PAGE_MANIFEST_0.1,LTMD-CN3-G1972-VP014,LTMD-CN3-G1972,H1972P3CI070,1972,3,14,147,14,https://historico.conaliteg.gob.mx/c/H1972P3CI070/014.jpg,0,0.095238,Q1,source_jpeg,1,200,image/jpeg,42206,001c29600ea3c4ddbc8fc0dd7e3ddb9483f3906022f3dde7ca4c23abeab4f8d7,1,
CN_PENDING_PAGE_MANIFEST_0.1,LTMD-CN3-G1972-VP015,LTMD-CN3-G1972,H1972P3CI070,1972,3,15,147,15,https://historico.conaliteg.gob.mx/c/H1972P3CI070/015.jpg,0,0.102041,Q1,source_jpeg,1,200,image/jpeg,41869,ab6a6bc928a459d0141a44395994fa25201ab231e29d11b172df819de25d5621,1,
CN_PENDING_PAGE_MANIFEST_0.1,LTMD-CN3-G1972-VP016,LTMD-CN3-G1972,H1972P3CI070,1972,3,16,147,16,https://historico.conaliteg.gob.mx/c/H1972P3CI070/016.jpg,0,0.108844,Q1,source_jpeg,1,200,image/jpeg,40029,d6d00d27fa287486225e5938e02607190bd8ceefe51899f560b2394005c8f464,1,
CN_PENDING_PAGE_MANIFEST_0.1,LTMD-CN3-G1972-VP017,LTMD-CN3-G1972,H1972P3CI070,1972,3,17,147,17,https://historico.conaliteg.gob.mx/c/H1972P3CI070/017.jpg,0,0.115646,Q1,source_jpeg,1,200,image/jpeg,53447,82892b3a2de19f70262e4569fd97d321fa1ddd6f352d8d5a3715c2fa11a7e607,1,
CN_PENDING_PAGE_MANIFEST_0.1,LTMD-CN3-G1972-VP018,LTMD-CN3-G1972,H1972P3CI070,1972,3,18,147,18,https://historico.conaliteg.gob.mx/c/H1972P3CI070/018.jpg,0,0.122449,Q1,source_jpeg,1,200,image/jpeg,43358,c1829009b87b453d70422e4e2c3ebd0ba35a7b9a211f0b893fbe80a03bc8cfb3,1,
CN_PENDING_PAGE_MANIFEST_0.1,LTMD-CN3-G1972-VP019,LTMD-CN3-G1972,H1972P3CI070,1972,3,19,147,19,https://historico.conaliteg.gob.mx/c/H1972P3CI070/019.jpg,0,0.129252,Q1,source_jpeg,1,200,image/jpeg,41381,24a9dceb7549f34be83801ab3b86b61027b90f2fdb1ef11da4c3c84f9f4bd27d,1,
CN_PENDING_PAGE_MANIFEST_0.1,LTMD-CN3-G1972-VP020,LTMD-CN3-G1972,H1972P3CI070,1972,3,20,147,20,https://historico.conaliteg.gob.mx/c/H1972P3CI070/020.jpg,0,0.136054,Q1,source_jpeg,1,200,image/jpeg,41438,8f84b17436ab2dfde8aae30288ba5eadb6a088e0d2b42b567d6d2ed36430caca,1,
CN_PENDING_PAGE_MANIFEST_0.1,LTMD-CN3-G1972-VP021,LTMD-CN3-G1972,H1972P3CI070,1972,3,21,147,21,https://historico.conaliteg.gob.mx/c/H1972P3CI070/021.jpg,0,0.142857,Q1,source_jpeg,1,200,image/jpeg,34256,e6f36e401c3f98ff6eb822993beec13d0cac7cab287dc34bb03497fc75c89144,1,
CN_PENDING_PAGE_MANIFEST_0.1,LTMD-CN3-G1972-VP022,LTMD-CN3-G1972,H1972P3CI070,1972,3,22,147,22,https://historico.conaliteg.gob.mx/c/H1972P3CI070/022.jpg,0,0.149660,Q1,source_jpeg,1,200,image/jpeg,39375,171a66933deab52909e7cd4e9c161cf18f6ec64b45b16b05b57b511d240f05e7,1,
CN_PENDING_PAGE_MANIFEST_0.1,LTMD-CN3-G1972-VP023,LTMD-CN3-G1972,H1972P3CI070,1972,3,23,147,23,https://historico.conaliteg.gob.mx/c/H1972P3CI070/023.jpg,0,0.156463,Q1,source_jpeg,1,200,image/jpeg,44764,2bce7afdb8b13931dabdc797a7e1c51a62656e55bd1ea4751b75264be81f1836,1,
CN_PENDING_PAGE_MANIFEST_0.1,LTMD-CN3-G1972-VP024,LTMD-CN3-G1972,H1972P3CI070,1972,3,24,147,24,https://historico.conaliteg.gob.mx/c/H1972P3CI070/024.jpg,0,0.163265,Q1,source_jpeg,1,200,image/jpeg,73482,8ff51f213fb19062572df7d3226e77faaac5f836f1e714403ce5de715ac2cfa1,1,
CN_PENDING_PAGE_MANIFEST_0.1,LTMD-CN3-G1972-VP025,LTMD-CN3-G1972,H1972P3CI070,1972,3,25,147,25,https://historico.conaliteg.gob.mx/c/H1972P3CI070/025.jpg,0,0.170068,Q1,source_jpeg,1,200,image/jpeg,48845,487d3020d0db146aa9f9b9b53ff56f2f6ed51afca668cc42808388a43afc2d19,1,
CN_PENDING_PAGE_MANIFEST_0.1,LTMD-CN3-G1972-VP026,LTMD-CN3-G1972,H1972P3CI070,1972,3,26,147,26,https://historico.conaliteg.gob.mx/c/H1972P3CI070/026.jpg,0,0.176871,Q1,source_jpeg,1,200,image/jpeg,34342,968d42b91c12a783af9430a83e47cae139bad3d80768a763929fcb20b957649b,1,
CN_PENDING_PAGE_MANIFEST_0.1,LTMD-CN3-G1972-VP027,LTMD-CN3-G1972,H1972P3CI070,1972,3,27,147,27,https://historico.conaliteg.gob.mx/c/H1972P3CI070/027.jpg,0,0.183673,Q1,source_jpeg,1,200,image/jpeg,37968,2392cb5283431dd9cdabd647599e979f70028ae6df824e5e1cd13c75aa7c0b92,1,
CN_PENDING_PAGE_MANIFEST_0.1,LTMD-CN3-G1972-VP028,LTMD-CN3-G1972,H1972P3CI070,1972,3,28,147,28,https://historico.conaliteg.gob.mx/c/H1972P3CI070/028.jpg,0,0.190476,Q1,source_jpeg,1,200,image/jpeg,56445,cf18b619b2196d3af1ad7755a20ae7b927881caef7a7b8e2551910f455ed0f86,1,
CN_PENDING_PAGE_MANIFEST_0.1,LTMD-CN3-G1972-VP029,LTMD-CN3-G1972,H1972P3CI070,1972,3,29,147,29,https://historico.conaliteg.gob.mx/c/H1972P3CI070/029.jpg,0,0.197279,Q1,source_jpeg,1,200,image/jpeg,45961,6425f83a0ef95ce0562a2779362d4c4110f560e558e9904c20ae7aa562f43e92,1,
CN_PENDING_PAGE_MANIFEST_0.1,LTMD-CN3-G1972-VP030,LTMD-CN3-G1972,H1972P3CI070,1972,3,30,147,30,https://historico.conaliteg.gob.mx/c/H1972P3CI070/030.jpg,0,0.204082,Q1,source_jpeg,1,200,image/jpeg,37732,7827109cf3a41b3f33bb5c98db10904e6240ce7c052ff94d48817a8dcd54fa1c,1,
CN_PENDING_PAGE_MANIFEST_0.1,LTMD-CN3-G1972-VP031,LTMD-CN3-G1972,H1972P3CI070,1972,3,31,147,31,https://historico.conaliteg.gob.mx/c/H1972P3CI070/031.jpg,0,0.210884,Q1,source_jpeg,1,200,image/jpeg,35590,c5f71c28ed62a76a327bd354f9f6920fc9c2949aee02339a116095ff3691c610,1,
CN_PENDING_PAGE_MANIFEST_0.1,LTMD-CN3-G1972-VP032,LTMD-CN3-G1972,H1972P3CI070,1972,3,32,147,32,https://historico.conaliteg.gob.mx/c/H1972P3CI070/032.jpg,0,0.217687,Q1,source_jpeg,1,200,image/jpeg,50180,6a3126f8aeec3754c6bb8193f044d19853673b21ca614267bcbcb55d40dda821,1,
CN_PENDING_PAGE_MANIFEST_0.1,LTMD-CN3-G1972-VP033,LTMD-CN3-G1972,H1972P3CI070,1972,3,33,147,33,https://historico.conaliteg.gob.mx/c/H1972P3CI070/033.jpg,0,0.224490,Q1,source_jpeg,1,200,image/jpeg,32112,607539232b5ba84fcc90d9c307378803c8d85c3541147da29bfbbfa73473cc63,1,
CN_PENDING_PAGE_MANIFEST_0.1,LTMD-CN3-G1972-VP034,LTMD-CN3-G1972,H1972P3CI070,1972,3,34,147,34,https://historico.conaliteg.gob.mx/c/H1972P3CI070/034.jpg,0,0.231293,Q1,source_jpeg,1,200,image/jpeg,41235,66045366cc6a5c764fd9e824d7bf6f226b818c57550ad6470f0d9c209a238277,1,
CN_PENDING_PAGE_MANIFEST_0.1,LTMD-CN3-G1972-VP035,LTMD-CN3-G1972,H1972P3CI070,1972,3,35,147,35,https://historico.conaliteg.gob.mx/c/H1972P3CI070/035.jpg,0,0.238095,Q1,source_jpeg,1,200,image/jpeg,34521,99ab69d06d4e54e7f1fae530c05faa40729b5c34c9fafcb8d93945ef4a7f4714,1,
CN_PENDING_PAGE_MANIFEST_0.1,LTMD-CN3-G1972-VP036,LTMD-CN3-G1972,H1972P3CI070,1972,3,36,147,36,https://historico.conaliteg.gob.mx/c/H1972P3CI070/036.jpg,0,0.244898,Q1,source_jpeg,1,200,image/jpeg,38306,df92372626a11d9dd91391d7a06f59d721f2e87cf49baaee70dab8ef7c2a9c4c,1,
CN_PENDING_PAGE_MANIFEST_0.1,LTMD-CN3-G1972-VP037,LTMD-CN3-G1972,H1972P3CI070,1972,3,37,147,37,https://historico.conaliteg.gob.mx/c/H1972P3CI070/037.jpg,0,0.251701,Q2,source_jpeg,1,200,image/jpeg,51550,ccf01aed991a5dbbed6c961fa743df74ca8321cec1ea17d7e2ab1f217296e55b,1,
CN_PENDING_PAGE_MANIFEST_0.1,LTMD-CN3-G1972-VP038,LTMD-CN3-G1972,H1972P3CI070,1972,3,38,147,38,https://historico.conaliteg.gob.mx/c/H1972P3CI070/038.jpg,0,0.258503,Q2,source_jpeg,1,200,image/jpeg,47944,5ebe364fd451d40296f02465dd424ff5a2ecc9b557956b9e0029425a739367c9,1,
CN_PENDING_PAGE_MANIFEST_0.1,LTMD-CN3-G1972-VP039,LTMD-CN3-G1972,H1972P3CI070,1972,3,39,147,39,https://historico.conaliteg.gob.mx/c/H1972P3CI070/039.jpg,0,0.265306,Q2,source_jpeg,1,200,image/jpeg,46646,3cae2e25b27757b143a96351c5816342f981b33bfb47d31599f00f1bb8fd8f10,1,
CN_PENDING_PAGE_MANIFEST_0.1,LTMD-CN3-G1972-VP040,LTMD-CN3-G1972,H1972P3CI070,1972,3,40,147,40,https://historico.conaliteg.gob.mx/c/H1972P3CI070/040.jpg,0,0.272109,Q2,source_jpeg,1,200,image/jpeg,38425,45016551e5c85b4797681c36005452d2f03cf90319f81fffa9ee1134e38aab49,1,
CN_PENDING_PAGE_MANIFEST_0.1,LTMD-CN3-G1972-VP041,LTMD-CN3-G1972,H1972P3CI070,1972,3,41,147,41,https://historico.conaliteg.gob.mx/c/H1972P3CI070/041.jpg,0,0.278912,Q2,source_jpeg,1,200,image/jpeg,35358,54637250bbf926d4717bb2d0fb1a36b63705237d1f9e98509b851c42aab05131,1,
CN_PENDING_PAGE_MANIFEST_0.1,LTMD-CN3-G1972-VP042,LTMD-CN3-G1972,H1972P3CI070,1972,3,42,147,42,https://historico.conaliteg.gob.mx/c/H1972P3CI070/042.jpg,0,0.285714,Q2,source_jpeg,1,200,image/jpeg,51700,8b666699adbc89813452a95de1e3a08ab7370a180703d61eedec02a23674f6e9,1,
CN_PENDING_PAGE_MANIFEST_0.1,LTMD-CN3-G1972-VP043,LTMD-CN3-G1972,H1972P3CI070,1972,3,43,147,43,https://historico.conaliteg.gob.mx/c/H1972P3CI070/043.jpg,0,0.292517,Q2,source_jpeg,1,200,image/jpeg,55627,d52d009d294851a50c97de14458d49f3323b1fb361b653b858a4afe43297949b,1,
CN_PENDING_PAGE_MANIFEST_0.1,LTMD-CN3-G1972-VP044,LTMD-CN3-G1972,H1972P3CI070,1972,3,44,147,44,https://historico.conaliteg.gob.mx/c/H1972P3CI070/044.jpg,0,0.299320,Q2,source_jpeg,1,200,image/jpeg,56288,d8b55e91a26ca96a21dfe9158e11f4060c764b9ec440504d03e376c5306b7eb2,1,
CN_PENDING_PAGE_MANIFEST_0.1,LTMD-CN3-G1972-VP045,LTMD-CN3-G1972,H1972P3CI070,1972,3,45,147,45,https://historico.conaliteg.gob.mx/c/H1972P3CI070/045.jpg,0,0.306122,Q2,source_jpeg,1,200,image/jpeg,49513,a983135e3f8d678a9ccbb3492917817cc98b680de954537a41fc61e7bc799b5d,1,
CN_PENDING_PAGE_MANIFEST_0.1,LTMD-CN3-G1972-VP046,LTMD-CN3-G1972,H1972P3CI070,1972,3,46,147,46,https://historico.conaliteg.gob.mx/c/H1972P3CI070/046.jpg,0,0.312925,Q2,source_jpeg,1,200,image/jpeg,47128,1fb34dbe5a992cb2381869a47f437a780e496b0be7deceadfa9126ef0918d229,1,
CN_PENDING_PAGE_MANIFEST_0.1,LTMD-CN3-G1972-VP047,LTMD-CN3-G1972,H1972P3CI070,1972,3,47,147,47,https://historico.conaliteg.gob.mx/c/H1972P3CI070/047.jpg,0,0.319728,Q2,source_jpeg,1,200,image/jpeg,45421,ae1cfd71c0be8c5f71b9e98bdef54895d070ef9384eec0b44eb3ff2a18b5eab8,1,
CN_PENDING_PAGE_MANIFEST_0.1,LTMD-CN3-G1972-VP048,LTMD-CN3-G1972,H1972P3CI070,1972,3,48,147,48,https://historico.conaliteg.gob.mx/c/H1972P3CI070/048.jpg,0,0.326531,Q2,source_jpeg,1,200,image/jpeg,43536,85a275b9441f7ed70cd30af05e8a248ac71dc23b9175c9ceac5a549bbb5b84cd,1,
CN_PENDING_PAGE_MANIFEST_0.1,LTMD-CN3-G1972-VP049,LTMD-CN3-G1972,H1972P3CI070,1972,3,49,147,49,https://historico.conaliteg.gob.mx/c/H1972P3CI070/049.jpg,0,0.333333,Q2,source_jpeg,1,200,image/jpeg,45410,fc4f1cf5207dbe786adcb5156b29a03e64dc5996e8cca49ed0c60ad6e9e6b465,1,
CN_PENDING_PAGE_MANIFEST_0.1,LTMD-CN3-G1972-VP050,LTMD-CN3-G1972,H1972P3CI070,1972,3,50,147,50,https://historico.conaliteg.gob.mx/c/H1972P3CI070/050.jpg,0,0.340136,Q2,source_jpeg,1,200,image/jpeg,63300,deff555eaf068e0542dfba56fee34d7a35dcf60e1f054e3c16e51897b11aab3a,1,
CN_PENDING_PAGE_MANIFEST_0.1,LTMD-CN3-G1972-VP051,LTMD-CN3-G1972,H1972P3CI070,1972,3,51,147,51,https://historico.conaliteg.gob.mx/c/H1972P3CI070/051.jpg,0,0.346939,Q2,source_jpeg,1,200,image/jpeg,37841,6a45e75731a3283dd9bd3dba48d526b618cf307e21aea117dd1d39a8056380c2,1,
CN_PENDING_PAGE_MANIFEST_0.1,LTMD-CN3-G1972-VP052,LTMD-CN3-G1972,H1972P3CI070,1972,3,52,147,52,https://historico.conaliteg.gob.mx/c/H1972P3CI070/052.jpg,0,0.353741,Q2,source_jpeg,1,200,image/jpeg,23642,b202a9566080cc470549ab9178232540c88f9cd1b9bbb0d1af07fdde3e8c108f,1,
CN_PENDING_PAGE_MANIFEST_0.1,LTMD-CN3-G1972-VP053,LTMD-CN3-G1972,H1972P3CI070,1972,3,53,147,53,https://historico.conaliteg.gob.mx/c/H1972P3CI070/053.jpg,0,0.360544,Q2,source_jpeg,1,200,image/jpeg,45796,731f466e98f1e24d7b38187f1d225d09207eba241666eede8d7807e26e51a52d,1,
CN_PENDING_PAGE_MANIFEST_0.1,LTMD-CN3-G1972-VP054,LTMD-CN3-G1972,H1972P3CI070,1972,3,54,147,54,https://historico.conaliteg.gob.mx/c/H1972P3CI070/054.jpg,0,0.367347,Q2,source_jpeg,1,200,image/jpeg,51411,9fe5578ca0289915f63fbfce5cedbfba661e20cbe397fb6614d42fb44b7386bb,1,
CN_PENDING_PAGE_MANIFEST_0.1,LTMD-CN3-G1972-VP055,LTMD-CN3-G1972,H1972P3CI070,1972,3,55,147,55,https://historico.conaliteg.gob.mx/c/H1972P3CI070/055.jpg,0,0.374150,Q2,source_jpeg,1,200,image/jpeg,50521,f14c2142a13a686200e7846fcf565430916557e1c86f0e8ec0c5514deaf79ec3,1,
CN_PENDING_PAGE_MANIFEST_0.1,LTMD-CN3-G1972-VP056,LTMD-CN3-G1972,H1972P3CI070,1972,3,56,147,56,https://historico.conaliteg.gob.mx/c/H1972P3CI070/056.jpg,0,0.380952,Q2,source_jpeg,1,200,image/jpeg,25448,87612472cad0b2033e37bf820d53c81bbc990b1bd87a283d5578e793c80aa649,1,
CN_PENDING_PAGE_MANIFEST_0.1,LTMD-CN3-G1972-VP057,LTMD-CN3-G1972,H1972P3CI070,1972,3,57,147,57,https://historico.conaliteg.gob.mx/c/H1972P3CI070/057.jpg,0,0.387755,Q2,source_jpeg,1,200,image/jpeg,43906,1c1d0e9ae2b4223c0a816f7609be6039643435fef28677708f12969b817ae92b,1,
CN_PENDING_PAGE_MANIFEST_0.1,LTMD-CN3-G1972-VP058,LTMD-CN3-G1972,H1972P3CI070,1972,3,58,147,58,https://historico.conaliteg.gob.mx/c/H1972P3CI070/058.jpg,0,0.394558,Q2,source_jpeg,1,200,image/jpeg,58774,15623800803253cbaeb2b1ec5a2fb227412bcddd36ae922a7a52d06b0eed4f52,1,
CN_PENDING_PAGE_MANIFEST_0.1,LTMD-CN3-G1972-VP059,LTMD-CN3-G1972,H1972P3CI070,1972,3,59,147,59,https://historico.conaliteg.gob.mx/c/H1972P3CI070/059.jpg,0,0.401361,Q2,source_jpeg,1,200,image/jpeg,60696,2b242fc7ed15bcdbebcfab6803d8b0560014514c6b4c27571f8793814852fee1,1,
CN_PENDING_PAGE_MANIFEST_0.1,LTMD-CN3-G1972-VP060,LTMD-CN3-G1972,H1972P3CI070,1972,3,60,147,60,https://historico.conaliteg.gob.mx/c/H1972P3CI070/060.jpg,0,0.408163,Q2,source_jpeg,1,200,image/jpeg,32375,5cb253244e3c2c86a6914e871c3006bf65070420160e3a0e79c0d0e724b3397f,1,
CN_PENDING_PAGE_MANIFEST_0.1,LTMD-CN3-G1972-VP061,LTMD-CN3-G1972,H1972P3CI070,1972,3,61,147,61,https://historico.conaliteg.gob.mx/c/H1972P3CI070/061.jpg,0,0.414966,Q2,source_jpeg,1,200,image/jpeg,53526,c02793f46c7ced92b3cedeb29a0a9dd61127d9cd38717aa55edc8a88294e760f,1,
CN_PENDING_PAGE_MANIFEST_0.1,LTMD-CN3-G1972-VP062,LTMD-CN3-G1972,H1972P3CI070,1972,3,62,147,62,https://historico.conaliteg.gob.mx/c/H1972P3CI070/062.jpg,0,0.421769,Q2,source_jpeg,1,200,image/jpeg,42588,9d25678094b3f9452f4cdec7f8c8d84aa6b74eefedd578fef77399f7e61e0f53,1,
CN_PENDING_PAGE_MANIFEST_0.1,LTMD-CN3-G1972-VP063,LTMD-CN3-G1972,H1972P3CI070,1972,3,63,147,63,https://historico.conaliteg.gob.mx/c/H1972P3CI070/063.jpg,0,0.428571,Q2,source_jpeg,1,200,image/jpeg,42322,e265c98d8f2804f2675ee99a288ba3a9ad790e5e5d0a6588bab9cbcf250064a1,1,
CN_PENDING_PAGE_MANIFEST_0.1,LTMD-CN3-G1972-VP064,LTMD-CN3-G1972,H1972P3CI070,1972,3,64,147,64,https://historico.conaliteg.gob.mx/c/H1972P3CI070/064.jpg,0,0.435374,Q2,source_jpeg,1,200,image/jpeg,40625,5e4b3f0a7f692cde4abbcbbc0518b735fc9ab4736f90dc76ffdd1da4e69435fa,1,
CN_PENDING_PAGE_MANIFEST_0.1,LTMD-CN3-G1972-VP065,LTMD-CN3-G1972,H1972P3CI070,1972,3,65,147,65,https://historico.conaliteg.gob.mx/c/H1972P3CI070/065.jpg,0,0.442177,Q2,source_jpeg,1,200,image/jpeg,57682,e9a010eddb8bb2a1317f4db49324adf4378d67093e1533cc3c1efdf1f321456f,1,
CN_PENDING_PAGE_MANIFEST_0.1,LTMD-CN3-G1972-VP066,LTMD-CN3-G1972,H1972P3CI070,1972,3,66,147,66,https://historico.conaliteg.gob.mx/c/H1972P3CI070/066.jpg,0,0.448980,Q2,source_jpeg,1,200,image/jpeg,36723,3f02635f48018e29af2fafb070819bb494f8fad8487620df634b540e47d7e92d,1,
CN_PENDING_PAGE_MANIFEST_0.1,LTMD-CN3-G1972-VP067,LTMD-CN3-G1972,H1972P3CI070,1972,3,67,147,67,https://historico.conaliteg.gob.mx/c/H1972P3CI070/067.jpg,0,0.455782,Q2,source_jpeg,1,200,image/jpeg,50644,1c6d825eae19ccbe2898706358e2d7b5a2286ac4b0593e0ff5625469122ed6d5,1,
CN_PENDING_PAGE_MANIFEST_0.1,LTMD-CN3-G1972-VP068,LTMD-CN3-G1972,H1972P3CI070,1972,3,68,147,68,https://historico.conaliteg.gob.mx/c/H1972P3CI070/068.jpg,0,0.462585,Q2,source_jpeg,1,200,image/jpeg,60740,c525e1a4a8e27b33202396dac382d333ff76832e2f182cddcf3e14e1a211e29d,1,
CN_PENDING_PAGE_MANIFEST_0.1,LTMD-CN3-G1972-VP069,LTMD-CN3-G1972,H1972P3CI070,1972,3,69,147,69,https://historico.conaliteg.gob.mx/c/H1972P3CI070/069.jpg,0,0.469388,Q2,source_jpeg,1,200,image/jpeg,58873,527cf61dda86d80243888d725ab9e36a96ed0e479175d535bba39f3f5bb1ca09,1,
CN_PENDING_PAGE_MANIFEST_0.1,LTMD-CN3-G1972-VP070,LTMD-CN3-G1972,H1972P3CI070,1972,3,70,147,70,https://historico.conaliteg.gob.mx/c/H1972P3CI070/070.jpg,0,0.476190,Q2,source_jpeg,1,200,image/jpeg,59590,7e3dc6c8ef2bbb8016f5613e2acbefcf62dc97798cf2240f37dfa25594dba49e,1,
CN_PENDING_PAGE_MANIFEST_0.1,LTMD-CN3-G1972-VP071,LTMD-CN3-G1972,H1972P3CI070,1972,3,71,147,71,https://historico.conaliteg.gob.mx/c/H1972P3CI070/071.jpg,0,0.482993,Q2,source_jpeg,1,200,image/jpeg,50372,782c683db6d0ed74f104e41904dce669fc7aae766328b896cfde39da87657159,1,
CN_PENDING_PAGE_MANIFEST_0.1,LTMD-CN3-G1972-VP072,LTMD-CN3-G1972,H1972P3CI070,1972,3,72,147,72,https://historico.conaliteg.gob.mx/c/H1972P3CI070/072.jpg,0,0.489796,Q2,source_jpeg,1,200,image/jpeg,47096,77b680cc7a388faa595a8465b48d9ebf34cbd4e2e973db789f9d42599221f11e,1,
CN_PENDING_PAGE_MANIFEST_0.1,LTMD-CN3-G1972-VP073,LTMD-CN3-G1972,H1972P3CI070,1972,3,73,147,73,https://historico.conaliteg.gob.mx/c/H1972P3CI070/073.jpg,0,0.496599,Q2,source_jpeg,1,200,image/jpeg,45481,c25a9314376f29b86197e4900672a8ca12677e57965900d782a9ab38f29a987a,1,
CN_PENDING_PAGE_MANIFEST_0.1,LTMD-CN3-G1972-VP074,LTMD-CN3-G1972,H1972P3CI070,1972,3,74,147,74,https://historico.conaliteg.gob.mx/c/H1972P3CI070/074.jpg,0,0.503401,Q3,source_jpeg,1,200,image/jpeg,49821,9a9450fec097980f791834dd344d2b708ae5d18153364f770793bae9bdd36063,1,
CN_PENDING_PAGE_MANIFEST_0.1,LTMD-CN3-G1972-VP075,LTMD-CN3-G1972,H1972P3CI070,1972,3,75,147,75,https://historico.conaliteg.gob.mx/c/H1972P3CI070/075.jpg,0,0.510204,Q3,source_jpeg,1,200,image/jpeg,58850,c4490d43eaf8a925cffa880ed217333a94beb857ba2fcc895725db2e8285fd5b,1,
CN_PENDING_PAGE_MANIFEST_0.1,LTMD-CN3-G1972-VP076,LTMD-CN3-G1972,H1972P3CI070,1972,3,76,147,76,https://historico.conaliteg.gob.mx/c/H1972P3CI070/076.jpg,0,0.517007,Q3,source_jpeg,1,200,image/jpeg,45160,3405af676b6418556064187dc08a38e0ca86ae4351f2e41be87141ad9e12a253,1,
CN_PENDING_PAGE_MANIFEST_0.1,LTMD-CN3-G1972-VP077,LTMD-CN3-G1972,H1972P3CI070,1972,3,77,147,77,https://historico.conaliteg.gob.mx/c/H1972P3CI070/077.jpg,0,0.523810,Q3,source_jpeg,1,200,image/jpeg,35695,f02bef0092785c57566b208b843c2760ae05941aedd3bb6362bd46aab226615a,1,
CN_PENDING_PAGE_MANIFEST_0.1,LTMD-CN3-G1972-VP078,LTMD-CN3-G1972,H1972P3CI070,1972,3,78,147,78,https://historico.conaliteg.gob.mx/c/H1972P3CI070/078.jpg,0,0.530612,Q3,source_jpeg,1,200,image/jpeg,56434,6ec4d58f65e802510e0cba803c5f739bedbadc33bd4cba0fbebec55b84c2998a,1,
CN_PENDING_PAGE_MANIFEST_0.1,LTMD-CN3-G1972-VP079,LTMD-CN3-G1972,H1972P3CI070,1972,3,79,147,79,https://historico.conaliteg.gob.mx/c/H1972P3CI070/079.jpg,0,0.537415,Q3,source_jpeg,1,200,image/jpeg,60592,a103f82e646197e1bfbcd7da721df06a68ccf6d9b06dc38cd4c06010a68280b0,1,
CN_PENDING_PAGE_MANIFEST_0.1,LTMD-CN3-G1972-VP080,LTMD-CN3-G1972,H1972P3CI070,1972,3,80,147,80,https://historico.conaliteg.gob.mx/c/H1972P3CI070/080.jpg,0,0.544218,Q3,source_jpeg,1,200,image/jpeg,38880,b4f46f9943fc04f5f01b055e0e64634dc6e534224d88d293e76d751fb23dc3c0,1,
CN_PENDING_PAGE_MANIFEST_0.1,LTMD-CN3-G1972-VP081,LTMD-CN3-G1972,H1972P3CI070,1972,3,81,147,81,https://historico.conaliteg.gob.mx/c/H1972P3CI070/081.jpg,0,0.551020,Q3,source_jpeg,1,200,image/jpeg,54229,041740953e7dae80a95f6b9515c371d713dd89ccd34cc5d4595ad33a1714bab4,1,
CN_PENDING_PAGE_MANIFEST_0.1,LTMD-CN3-G1972-VP082,LTMD-CN3-G1972,H1972P3CI070,1972,3,82,147,82,https://historico.conaliteg.gob.mx/c/H1972P3CI070/082.jpg,0,0.557823,Q3,source_jpeg,1,200,image/jpeg,56230,6038f6d97a5edd59572d1052f0e3c653229573bcacb84ff198561d5493b59714,1,
CN_PENDING_PAGE_MANIFEST_0.1,LTMD-CN3-G1972-VP083,LTMD-CN3-G1972,H1972P3CI070,1972,3,83,147,83,https://historico.conaliteg.gob.mx/c/H1972P3CI070/083.jpg,0,0.564626,Q3,source_jpeg,1,200,image/jpeg,59499,45559d740ff64f95370c822da3bb78c89e51839a3392b26f367f55d5a8a4defd,1,
CN_PENDING_PAGE_MANIFEST_0.1,LTMD-CN3-G1972-VP084,LTMD-CN3-G1972,H1972P3CI070,1972,3,84,147,84,https://historico.conaliteg.gob.mx/c/H1972P3CI070/084.jpg,0,0.571429,Q3,source_jpeg,1,200,image/jpeg,43639,e2e6fe10200376bba3e3af8baeeff3e30bbe5a6b273efbe3cfe1fd426d886d9f,1,
CN_PENDING_PAGE_MANIFEST_0.1,LTMD-CN3-G1972-VP085,LTMD-CN3-G1972,H1972P3CI070,1972,3,85,147,85,https://historico.conaliteg.gob.mx/c/H1972P3CI070/085.jpg,0,0.578231,Q3,source_jpeg,1,200,image/jpeg,43561,52099de9a24ef7d4567b2f373abd996067c8a64ee5beb936925eb9974c0c9b52,1,
CN_PENDING_PAGE_MANIFEST_0.1,LTMD-CN3-G1972-VP086,LTMD-CN3-G1972,H1972P3CI070,1972,3,86,147,86,https://historico.conaliteg.gob.mx/c/H1972P3CI070/086.jpg,0,0.585034,Q3,source_jpeg,1,200,image/jpeg,37018,0a08ab6b19615228a0521561378b096b513def23acc2f0dbac28658db486c171,1,
CN_PENDING_PAGE_MANIFEST_0.1,LTMD-CN3-G1972-VP087,LTMD-CN3-G1972,H1972P3CI070,1972,3,87,147,87,https://historico.conaliteg.gob.mx/c/H1972P3CI070/087.jpg,0,0.591837,Q3,source_jpeg,1,200,image/jpeg,54386,64c6209d5217a1f8bfff9b9560801f01921fb7b0e4f7732fa747fd521d050236,1,
CN_PENDING_PAGE_MANIFEST_0.1,LTMD-CN3-G1972-VP088,LTMD-CN3-G1972,H1972P3CI070,1972,3,88,147,88,https://historico.conaliteg.gob.mx/c/H1972P3CI070/088.jpg,0,0.598639,Q3,source_jpeg,1,200,image/jpeg,32228,8464ba2bbff9676f5b6b06db5bb39d97683f522cd089377fb0930ca68b0fd291,1,
CN_PENDING_PAGE_MANIFEST_0.1,LTMD-CN3-G1972-VP089,LTMD-CN3-G1972,H1972P3CI070,1972,3,89,147,89,https://historico.conaliteg.gob.mx/c/H1972P3CI070/089.jpg,0,0.605442,Q3,source_jpeg,1,200,image/jpeg,44746,2deda7c006019f88bc9a281e8a6288e1ca59fe2c41cce37f1be1a68fc65d6d6b,1,
CN_PENDING_PAGE_MANIFEST_0.1,LTMD-CN3-G1972-VP090,LTMD-CN3-G1972,H1972P3CI070,1972,3,90,147,90,https://historico.conaliteg.gob.mx/c/H1972P3CI070/090.jpg,0,0.612245,Q3,source_jpeg,1,200,image/jpeg,43435,c778edf3523732ee55dfb8a3bd4baee34ab1ef34e5788ccee838b6cb5313ddaa,1,
CN_PENDING_PAGE_MANIFEST_0.1,LTMD-CN3-G1972-VP091,LTMD-CN3-G1972,H1972P3CI070,1972,3,91,147,91,https://historico.conaliteg.gob.mx/c/H1972P3CI070/091.jpg,0,0.619048,Q3,source_jpeg,1,200,image/jpeg,45679,8e93986d337f1a8fc71dbc77a68a61f6ab825064fd3fa3840f08cc4f6f2c0e4a,1,
CN_PENDING_PAGE_MANIFEST_0.1,LTMD-CN3-G1972-VP092,LTMD-CN3-G1972,H1972P3CI070,1972,3,92,147,92,https://historico.conaliteg.gob.mx/c/H1972P3CI070/092.jpg,0,0.625850,Q3,source_jpeg,1,200,image/jpeg,37001,d0166b686e09d8b275c30bb8efc17d25a56e9d79a179236e06734fedb15a4d2f,1,
CN_PENDING_PAGE_MANIFEST_0.1,LTMD-CN3-G1972-VP093,LTMD-CN3-G1972,H1972P3CI070,1972,3,93,147,93,https://historico.conaliteg.gob.mx/c/H1972P3CI070/093.jpg,0,0.632653,Q3,source_jpeg,1,200,image/jpeg,48305,3d37796af94985b431ee2765146a0d8f79f2b6de9bdc50291742caf45763cbd5,1,
CN_PENDING_PAGE_MANIFEST_0.1,LTMD-CN3-G1972-VP094,LTMD-CN3-G1972,H1972P3CI070,1972,3,94,147,94,https://historico.conaliteg.gob.mx/c/H1972P3CI070/094.jpg,0,0.639456,Q3,source_jpeg,1,200,image/jpeg,55469,a5ad0c925fa16612b5d2c01d96d25ec3c822e8bf972104adb9f352a900eaf55d,1,
CN_PENDING_PAGE_MANIFEST_0.1,LTMD-CN3-G1972-VP095,LTMD-CN3-G1972,H1972P3CI070,1972,3,95,147,95,https://historico.conaliteg.gob.mx/c/H1972P3CI070/095.jpg,0,0.646259,Q3,source_jpeg,1,200,image/jpeg,64526,b2f49e0a24fea440a933ae9598c9fc57e0e6fe651bfe743e6bb2bd6366b7bab2,1,
CN_PENDING_PAGE_MANIFEST_0.1,LTMD-CN3-G1972-VP096,LTMD-CN3-G1972,H1972P3CI070,1972,3,96,147,96,https://historico.conaliteg.gob.mx/c/H1972P3CI070/096.jpg,0,0.653061,Q3,source_jpeg,1,200,image/jpeg,65006,c8e4ecbe4acc9036bcfa42ed63cb4d5e9147915b9a911a132ea32d530a2c934a,1,
CN_PENDING_PAGE_MANIFEST_0.1,LTMD-CN3-G1972-VP097,LTMD-CN3-G1972,H1972P3CI070,1972,3,97,147,97,https://historico.conaliteg.gob.mx/c/H1972P3CI070/097.jpg,0,0.659864,Q3,source_jpeg,1,200,image/jpeg,62678,a3a0963b265b6d6645e8c32179474b3e194adbd46b13d6b7068ce5d3d7ac3b09,1,
CN_PENDING_PAGE_MANIFEST_0.1,LTMD-CN3-G1972-VP098,LTMD-CN3-G1972,H1972P3CI070,1972,3,98,147,98,https://historico.conaliteg.gob.mx/c/H1972P3CI070/098.jpg,0,0.666667,Q3,source_jpeg,1,200,image/jpeg,38302,1e806640f1255ab2ca9137b51a84a1a81d7ff864b4eedb3ff4f86a604f23df7d,1,
CN_PENDING_PAGE_MANIFEST_0.1,LTMD-CN3-G1972-VP099,LTMD-CN3-G1972,H1972P3CI070,1972,3,99,147,99,https://historico.conaliteg.gob.mx/c/H1972P3CI070/099.jpg,0,0.673469,Q3,source_jpeg,1,200,image/jpeg,47672,f998bbd11f4dac04f82f8b48be496b11bf79a151f9f093a4ab739a10eb490f61,1,
CN_PENDING_PAGE_MANIFEST_0.1,LTMD-CN3-G1972-VP100,LTMD-CN3-G1972,H1972P3CI070,1972,3,100,147,100,https://historico.conaliteg.gob.mx/c/H1972P3CI070/100.jpg,0,0.680272,Q3,source_jpeg,1,200,image/jpeg,39590,8bea36d5f79fc81109c030b2985325be61221c91b6b5b19f966a79240e562dcd,1,
CN_PENDING_PAGE_MANIFEST_0.1,LTMD-CN3-G1972-VP101,LTMD-CN3-G1972,H1972P3CI070,1972,3,101,147,101,https://historico.conaliteg.gob.mx/c/H1972P3CI070/101.jpg,0,0.687075,Q3,source_jpeg,1,200,image/jpeg,52805,e6a169efcb092d04f834a1ad8a825c6635754354029c4c42df25216610f79702,1,
CN_PENDING_PAGE_MANIFEST_0.1,LTMD-CN3-G1972-VP102,LTMD-CN3-G1972,H1972P3CI070,1972,3,102,147,102,https://historico.conaliteg.gob.mx/c/H1972P3CI070/102.jpg,0,0.693878,Q3,source_jpeg,1,200,image/jpeg,52520,4f44f0c9f3940b7fd6100996fc1b07135843f5f950395a91597afe628dc24c06,1,
CN_PENDING_PAGE_MANIFEST_0.1,LTMD-CN3-G1972-VP103,LTMD-CN3-G1972,H1972P3CI070,1972,3,103,147,103,https://historico.conaliteg.gob.mx/c/H1972P3CI070/103.jpg,0,0.700680,Q3,source_jpeg,1,200,image/jpeg,62203,7c06b9d84f3ec70de9bea149d2884f2d7743008f27ca0c837bc9a63e7cf44ba0,1,
CN_PENDING_PAGE_MANIFEST_0.1,LTMD-CN3-G1972-VP104,LTMD-CN3-G1972,H1972P3CI070,1972,3,104,147,104,https://historico.conaliteg.gob.mx/c/H1972P3CI070/104.jpg,0,0.707483,Q3,source_jpeg,1,200,image/jpeg,57731,934459e4a4abbb12281d1e9732163b0af315bf50be266d8e87f4549e2aefeab6,1,
CN_PENDING_PAGE_MANIFEST_0.1,LTMD-CN3-G1972-VP105,LTMD-CN3-G1972,H1972P3CI070,1972,3,105,147,105,https://historico.conaliteg.gob.mx/c/H1972P3CI070/105.jpg,0,0.714286,Q3,source_jpeg,1,200,image/jpeg,61209,4d62109d9a9eabae85173385bc5ee6d59686bb36b4c762ca8417f53092f3113f,1,
CN_PENDING_PAGE_MANIFEST_0.1,LTMD-CN3-G1972-VP106,LTMD-CN3-G1972,H1972P3CI070,1972,3,106,147,106,https://historico.conaliteg.gob.mx/c/H1972P3CI070/106.jpg,0,0.721088,Q3,source_jpeg,1,200,image/jpeg,51320,6375046398c9c15de9ca2f459e14fb6973980ae6a43572e25282bcc5bb4732c7,1,
CN_PENDING_PAGE_MANIFEST_0.1,LTMD-CN3-G1972-VP107,LTMD-CN3-G1972,H1972P3CI070,1972,3,107,147,107,https://historico.conaliteg.gob.mx/c/H1972P3CI070/107.jpg,0,0.727891,Q3,source_jpeg,1,200,image/jpeg,54983,2656ac1701731feb0cc153d383197da1a0bfbaedb2fdf2e4186c579b977bcee3,1,
CN_PENDING_PAGE_MANIFEST_0.1,LTMD-CN3-G1972-VP108,LTMD-CN3-G1972,H1972P3CI070,1972,3,108,147,108,https://historico.conaliteg.gob.mx/c/H1972P3CI070/108.jpg,0,0.734694,Q3,source_jpeg,1,200,image/jpeg,35719,c3dc7db3740fc6ffed84791f74676dce17ba73640bfb6271161838e7c0f07a9d,1,
CN_PENDING_PAGE_MANIFEST_0.1,LTMD-CN3-G1972-VP109,LTMD-CN3-G1972,H1972P3CI070,1972,3,109,147,109,https://historico.conaliteg.gob.mx/c/H1972P3CI070/109.jpg,0,0.741497,Q3,source_jpeg,1,200,image/jpeg,50001,419f7a8be7c8c66a8e63ceb7b98de6db5b8324f5652e548414e109a284f6f685,1,
CN_PENDING_PAGE_MANIFEST_0.1,LTMD-CN3-G1972-VP110,LTMD-CN3-G1972,H1972P3CI070,1972,3,110,147,110,https://historico.conaliteg.gob.mx/c/H1972P3CI070/110.jpg,0,0.748299,Q3,source_jpeg,1,200,image/jpeg,52020,b7d776fc4b76c7bc69fd6777274494547b6ed8f39e3dd8e539131fb1084052fe,1,
CN_PENDING_PAGE_MANIFEST_0.1,LTMD-CN3-G1972-VP111,LTMD-CN3-G1972,H1972P3CI070,1972,3,111,147,111,https://historico.conaliteg.gob.mx/c/H1972P3CI070/111.jpg,0,0.755102,Q4,source_jpeg,1,200,image/jpeg,57116,4f99cce413e2882ba58feeb73beb240dc3af6a5fda7fff5bdaca0a29fa4ba34a,1,
CN_PENDING_PAGE_MANIFEST_0.1,LTMD-CN3-G1972-VP112,LTMD-CN3-G1972,H1972P3CI070,1972,3,112,147,112,https://historico.conaliteg.gob.mx/c/H1972P3CI070/112.jpg,0,0.761905,Q4,source_jpeg,1,200,image/jpeg,76774,36339c3b9cfa411f0447f449acfd05c405393799fab2cce57aa63989563ec607,1,
CN_PENDING_PAGE_MANIFEST_0.1,LTMD-CN3-G1972-VP113,LTMD-CN3-G1972,H1972P3CI070,1972,3,113,147,113,https://historico.conaliteg.gob.mx/c/H1972P3CI070/113.jpg,0,0.768707,Q4,source_jpeg,1,200,image/jpeg,61825,1df1b4288e7e6fb3f971280d019934802950bfd5bc58928addcb108d5a3d449d,1,
CN_PENDING_PAGE_MANIFEST_0.1,LTMD-CN3-G1972-VP114,LTMD-CN3-G1972,H1972P3CI070,1972,3,114,147,114,https://historico.conaliteg.gob.mx/c/H1972P3CI070/114.jpg,0,0.775510,Q4,source_jpeg,1,200,image/jpeg,60079,f666e498dab1794c8eab7d04da1cf2f389ec695d0d5927725fbf8dba7ff0d607,1,
CN_PENDING_PAGE_MANIFEST_0.1,LTMD-CN3-G1972-VP115,LTMD-CN3-G1972,H1972P3CI070,1972,3,115,147,115,https://historico.conaliteg.gob.mx/c/H1972P3CI070/115.jpg,0,0.782313,Q4,source_jpeg,1,200,image/jpeg,46454,9b295dffa3499d91bc7150cc312c563a563b95561a37f75ab100db9905dd2061,1,
CN_PENDING_PAGE_MANIFEST_0.1,LTMD-CN3-G1972-VP116,LTMD-CN3-G1972,H1972P3CI070,1972,3,116,147,116,https://historico.conaliteg.gob.mx/c/H1972P3CI070/116.jpg,0,0.789116,Q4,source_jpeg,1,200,image/jpeg,43221,de8140b363c8cdd5baf44a4a4b9fe077be24b1d660604bdf6658991e4af0dd2c,1,
CN_PENDING_PAGE_MANIFEST_0.1,LTMD-CN3-G1972-VP117,LTMD-CN3-G1972,H1972P3CI070,1972,3,117,147,117,https://historico.conaliteg.gob.mx/c/H1972P3CI070/117.jpg,0,0.795918,Q4,source_jpeg,1,200,image/jpeg,43330,8f45e21ff7cf633bf131d5843218aabc3a18a1b0a7963fbd9e7aca653ea5906c,1,
CN_PENDING_PAGE_MANIFEST_0.1,LTMD-CN3-G1972-VP118,LTMD-CN3-G1972,H1972P3CI070,1972,3,118,147,118,https://historico.conaliteg.gob.mx/c/H1972P3CI070/118.jpg,0,0.802721,Q4,source_jpeg,1,200,image/jpeg,49345,0a0cb075e712a709110ee2f11744a864c32368aeeb849b5c7187cdce28e2e86c,1,
CN_PENDING_PAGE_MANIFEST_0.1,LTMD-CN3-G1972-VP119,LTMD-CN3-G1972,H1972P3CI070,1972,3,119,147,119,https://historico.conaliteg.gob.mx/c/H1972P3CI070/119.jpg,0,0.809524,Q4,source_jpeg,1,200,image/jpeg,41604,5934b1bb34ebdd2f3688f9184c12c1b35384de990e5c0e43cf47a223ae736f7b,1,
CN_PENDING_PAGE_MANIFEST_0.1,LTMD-CN3-G1972-VP120,LTMD-CN3-G1972,H1972P3CI070,1972,3,120,147,120,https://historico.conaliteg.gob.mx/c/H1972P3CI070/120.jpg,0,0.816327,Q4,source_jpeg,1,200,image/jpeg,38121,93d72e34d05f611cdffbdbd422ff0b3851b089d5dcfb4e9cd5462521d0bdcc29,1,
CN_PENDING_PAGE_MANIFEST_0.1,LTMD-CN3-G1972-VP121,LTMD-CN3-G1972,H1972P3CI070,1972,3,121,147,121,https://historico.conaliteg.gob.mx/c/H1972P3CI070/121.jpg,0,0.823129,Q4,source_jpeg,1,200,image/jpeg,39116,4319a4511264e9ef888bf453200e42202d5b520fa25c3ac1fe0b1fc1b78d8cbc,1,
CN_PENDING_PAGE_MANIFEST_0.1,LTMD-CN3-G1972-VP122,LTMD-CN3-G1972,H1972P3CI070,1972,3,122,147,122,https://historico.conaliteg.gob.mx/c/H1972P3CI070/122.jpg,0,0.829932,Q4,source_jpeg,1,200,image/jpeg,47855,fbf40116a60a0340369b612ed4530c12835e9b25d2d6b1654bcced41cd15726a,1,
CN_PENDING_PAGE_MANIFEST_0.1,LTMD-CN3-G1972-VP123,LTMD-CN3-G1972,H1972P3CI070,1972,3,123,147,123,https://historico.conaliteg.gob.mx/c/H1972P3CI070/123.jpg,0,0.836735,Q4,source_jpeg,1,200,image/jpeg,61752,7e79c7d791c661fd54fb4f825bb96bb2d0bfa8a97bf56c322f957aab2897a4bc,1,
CN_PENDING_PAGE_MANIFEST_0.1,LTMD-CN3-G1972-VP124,LTMD-CN3-G1972,H1972P3CI070,1972,3,124,147,124,https://historico.conaliteg.gob.mx/c/H1972P3CI070/124.jpg,0,0.843537,Q4,source_jpeg,1,200,image/jpeg,45348,c24fa674a6dd9aa304c3f074e6c0de20b724824833436e5e5c7bb191136cc640,1,
CN_PENDING_PAGE_MANIFEST_0.1,LTMD-CN3-G1972-VP125,LTMD-CN3-G1972,H1972P3CI070,1972,3,125,147,125,https://historico.conaliteg.gob.mx/c/H1972P3CI070/125.jpg,0,0.850340,Q4,source_jpeg,1,200,image/jpeg,48290,d181e948a12f8b617042a8c0629a677c762ab0e7a159ac521de6823c04c8ab5c,1,
CN_PENDING_PAGE_MANIFEST_0.1,LTMD-CN3-G1972-VP126,LTMD-CN3-G1972,H1972P3CI070,1972,3,126,147,126,https://historico.conaliteg.gob.mx/c/H1972P3CI070/126.jpg,0,0.857143,Q4,source_jpeg,1,200,image/jpeg,43849,a97a1e660ddee8fc6a7df07da1314a457a60c24fd06597c5bbab1cc95bbba532,1,
CN_PENDING_PAGE_MANIFEST_0.1,LTMD-CN3-G1972-VP127,LTMD-CN3-G1972,H1972P3CI070,1972,3,127,147,127,https://historico.conaliteg.gob.mx/c/H1972P3CI070/127.jpg,0,0.863946,Q4,source_jpeg,1,200,image/jpeg,39362,dca3ef42d63bf8fb7d02019c3c5946fc8e17448aeba9737e0609b338fcf633f4,1,
CN_PENDING_PAGE_MANIFEST_0.1,LTMD-CN3-G1972-VP128,LTMD-CN3-G1972,H1972P3CI070,1972,3,128,147,128,https://historico.conaliteg.gob.mx/c/H1972P3CI070/128.jpg,0,0.870748,Q4,source_jpeg,1,200,image/jpeg,41898,a9b4aff19664d44658aceaae04ef01036304e0de738368c2789df47397ca0544,1,
CN_PENDING_PAGE_MANIFEST_0.1,LTMD-CN3-G1972-VP129,LTMD-CN3-G1972,H1972P3CI070,1972,3,129,147,129,https://historico.conaliteg.gob.mx/c/H1972P3CI070/129.jpg,0,0.877551,Q4,source_jpeg,1,200,image/jpeg,47686,24154b199432acae509d07857aaaa1886dfca0d318062e02158705f48f1c1ef2,1,
CN_PENDING_PAGE_MANIFEST_0.1,LTMD-CN3-G1972-VP130,LTMD-CN3-G1972,H1972P3CI070,1972,3,130,147,130,https://historico.conaliteg.gob.mx/c/H1972P3CI070/130.jpg,0,0.884354,Q4,source_jpeg,1,200,image/jpeg,47120,1cfec1149d8740984323352f0419e64b8dfbc114a05b1597b597b220815527db,1,
CN_PENDING_PAGE_MANIFEST_0.1,LTMD-CN3-G1972-VP131,LTMD-CN3-G1972,H1972P3CI070,1972,3,131,147,131,https://historico.conaliteg.gob.mx/c/H1972P3CI070/131.jpg,0,0.891156,Q4,source_jpeg,1,200,image/jpeg,35932,bdcbe32d08f1601c43f69f92e111d6a2a81a86920bfd7cb9535e31d3e01cde6f,1,
CN_PENDING_PAGE_MANIFEST_0.1,LTMD-CN3-G1972-VP132,LTMD-CN3-G1972,H1972P3CI070,1972,3,132,147,132,https://historico.conaliteg.gob.mx/c/H1972P3CI070/132.jpg,0,0.897959,Q4,source_jpeg,1,200,image/jpeg,37961,68e600963aa543133145a071a335060803c0f4aaf188ae25de625ee50c5a64cc,1,
CN_PENDING_PAGE_MANIFEST_0.1,LTMD-CN3-G1972-VP133,LTMD-CN3-G1972,H1972P3CI070,1972,3,133,147,133,https://historico.conaliteg.gob.mx/c/H1972P3CI070/133.jpg,0,0.904762,Q4,source_jpeg,1,200,image/jpeg,31880,c50f0c69ef606b1b8cdbc54af878cc0acbc45b34da4e2724b26e0b3cc8d440c8,1,
CN_PENDING_PAGE_MANIFEST_0.1,LTMD-CN3-G1972-VP134,LTMD-CN3-G1972,H1972P3CI070,1972,3,134,147,134,https://historico.conaliteg.gob.mx/c/H1972P3CI070/134.jpg,0,0.911565,Q4,source_jpeg,1,200,image/jpeg,35812,7f9976feab9e996420bfefa987d6ee7af4014c901420a0b4f6f87a2ad4f68175,1,
CN_PENDING_PAGE_MANIFEST_0.1,LTMD-CN3-G1972-VP135,LTMD-CN3-G1972,H1972P3CI070,1972,3,135,147,135,https://historico.conaliteg.gob.mx/c/H1972P3CI070/135.jpg,0,0.918367,Q4,source_jpeg,1,200,image/jpeg,49464,0601dff7e4c01f1e489d5d132205f0d6943746e47a0cd874d735a7df55e89932,1,
CN_PENDING_PAGE_MANIFEST_0.1,LTMD-CN3-G1972-VP136,LTMD-CN3-G1972,H1972P3CI070,1972,3,136,147,136,https://historico.conaliteg.gob.mx/c/H1972P3CI070/136.jpg,0,0.925170,Q4,source_jpeg,1,200,image/jpeg,32867,17c95b27f7b919491b87c0855db7b339678f29d8486cf2a5424bee36b6d56783,1,
CN_PENDING_PAGE_MANIFEST_0.1,LTMD-CN3-G1972-VP137,LTMD-CN3-G1972,H1972P3CI070,1972,3,137,147,137,https://historico.conaliteg.gob.mx/c/H1972P3CI070/137.jpg,0,0.931973,Q4,source_jpeg,1,200,image/jpeg,33446,31d15f65dd892157f182e5a8957e9e5e78ec2c47a0b535487ce5cbc94ef54521,1,
CN_PENDING_PAGE_MANIFEST_0.1,LTMD-CN3-G1972-VP138,LTMD-CN3-G1972,H1972P3CI070,1972,3,138,147,138,https://historico.conaliteg.gob.mx/c/H1972P3CI070/138.jpg,0,0.938776,Q4,source_jpeg,1,200,image/jpeg,37077,5c1d9237247eb33b638cf4605ee2b598b74d0de3dbbde6c27d327f828c97df4f,1,
CN_PENDING_PAGE_MANIFEST_0.1,LTMD-CN3-G1972-VP139,LTMD-CN3-G1972,H1972P3CI070,1972,3,139,147,139,https://historico.conaliteg.gob.mx/c/H1972P3CI070/139.jpg,0,0.945578,Q4,source_jpeg,1,200,image/jpeg,39232,fd4fae0729eb206f2d7c08bedc8d21dffd5f946ea04e67fa3f8dfc622ca9e029,1,
CN_PENDING_PAGE_MANIFEST_0.1,LTMD-CN3-G1972-VP140,LTMD-CN3-G1972,H1972P3CI070,1972,3,140,147,140,https://historico.conaliteg.gob.mx/c/H1972P3CI070/140.jpg,0,0.952381,Q4,source_jpeg,1,200,image/jpeg,39659,d7f74c671b28d426a608e1d509317bf620b02beb65b740a8cf495ab0b9e49b1c,1,
CN_PENDING_PAGE_MANIFEST_0.1,LTMD-CN3-G1972-VP141,LTMD-CN3-G1972,H1972P3CI070,1972,3,141,147,141,https://historico.conaliteg.gob.mx/c/H1972P3CI070/141.jpg,0,0.959184,Q4,source_jpeg,1,200,image/jpeg,48863,95c1ec4645e520b0fcf3b93c44d3f36db3e333c46675e4fa19cbc1ee88bc7b8c,1,
CN_PENDING_PAGE_MANIFEST_0.1,LTMD-CN3-G1972-VP142,LTMD-CN3-G1972,H1972P3CI070,1972,3,142,147,142,https://historico.conaliteg.gob.mx/c/H1972P3CI070/142.jpg,0,0.965986,Q4,source_jpeg,1,200,image/jpeg,52860,dfc1a12126d4e35083d0bd87777f0c2ef0ba325d787700fc17094b2b4a8e0edb,1,
CN_PENDING_PAGE_MANIFEST_0.1,LTMD-CN3-G1972-VP143,LTMD-CN3-G1972,H1972P3CI070,1972,3,143,147,143,https://historico.conaliteg.gob.mx/c/H1972P3CI070/143.jpg,0,0.972789,Q4,source_jpeg,1,200,image/jpeg,19852,67f5ac04c9fd063ded251a1da1768616269f7589f116c0c281831992167d99be,1,
CN_PENDING_PAGE_MANIFEST_0.1,LTMD-CN3-G1972-VP144,LTMD-CN3-G1972,H1972P3CI070,1972,3,144,147,144,https://historico.conaliteg.gob.mx/c/H1972P3CI070/144.jpg,0,0.979592,Q4,source_jpeg,1,200,image/jpeg,23710,93d53728e12fb7ae9e8574b494ea0f90fb4c59443ba3497f305297a5adc7c47e,1,
CN_PENDING_PAGE_MANIFEST_0.1,LTMD-CN3-G1972-VP145,LTMD-CN3-G1972,H1972P3CI070,1972,3,145,147,145,https://historico.conaliteg.gob.mx/c/H1972P3CI070/145.jpg,0,0.986395,Q4,source_jpeg,1,200,image/jpeg,36344,f3ffc3fd8afbba301b74c39477c54e2ad30f74549b0a6c81fa837c0b0b4d820e,1,
CN_PENDING_PAGE_MANIFEST_0.1,LTMD-CN3-G1972-VP146,LTMD-CN3-G1972,H1972P3CI070,1972,3,146,147,146,https://historico.conaliteg.gob.mx/c/H1972P3CI070/146.jpg,0,0.993197,Q4,source_jpeg,1,200,image/jpeg,301269,f03efa28b090733eddbc25fc9a0e25c787ee94b74ca17e96eb1eaced673642c9,1,
CN_PENDING_PAGE_MANIFEST_0.1,LTMD-CN3-G1982-VP001,LTMD-CN3-G1982,H1982P3CI103,1982,3,1,179,0,https://historico.conaliteg.gob.mx/c/H1982P3CI103/000.jpg,0,0.005587,Q1,source_jpeg,1,200,image/jpeg,296279,34f177e235c0222581ba6a5d13d4b2ddf8879bfc3d152e045d6b352e02b28c3e,1,
CN_PENDING_PAGE_MANIFEST_0.1,LTMD-CN3-G1982-VP002,LTMD-CN3-G1982,H1982P3CI103,1982,3,2,179,2,https://historico.conaliteg.gob.mx/c/H1982P3CI103/002.jpg,0,0.011173,Q1,source_jpeg,1,200,image/jpeg,45556,daddd915abc6caf83a5639341ad58ed76705152a2631de57e13d65baccd74393,1,
CN_PENDING_PAGE_MANIFEST_0.1,LTMD-CN3-G1982-VP003,LTMD-CN3-G1982,H1982P3CI103,1982,3,3,179,3,https://historico.conaliteg.gob.mx/c/H1982P3CI103/003.jpg,0,0.016760,Q1,source_jpeg,1,200,image/jpeg,62537,9617889f0da3bf23c3b4f6b0ee8dd1d5517173ff0b03cd043f31aeed905eb5cb,1,
CN_PENDING_PAGE_MANIFEST_0.1,LTMD-CN3-G1982-VP004,LTMD-CN3-G1982,H1982P3CI103,1982,3,4,179,4,https://historico.conaliteg.gob.mx/c/H1982P3CI103/004.jpg,0,0.022346,Q1,source_jpeg,1,200,image/jpeg,64474,09e750b4c962fd5a84fd49c0fd19bf6fd2a43cc63de675f9cc8c917acfe037ed,1,
CN_PENDING_PAGE_MANIFEST_0.1,LTMD-CN3-G1982-VP005,LTMD-CN3-G1982,H1982P3CI103,1982,3,5,179,5,https://historico.conaliteg.gob.mx/c/H1982P3CI103/005.jpg,0,0.027933,Q1,source_jpeg,1,200,image/jpeg,35668,304455044a4d56536d84742846832c29fe4a2ff6c32cc9a9f51d5b39e1aa0e79,1,
CN_PENDING_PAGE_MANIFEST_0.1,LTMD-CN3-G1982-VP006,LTMD-CN3-G1982,H1982P3CI103,1982,3,6,179,6,https://historico.conaliteg.gob.mx/c/H1982P3CI103/006.jpg,0,0.033520,Q1,source_jpeg,1,200,image/jpeg,47172,d243f3e7f10f820c48c6b2b54b70424f4172f90bad3f47169c0b264efa534477,1,
CN_PENDING_PAGE_MANIFEST_0.1,LTMD-CN3-G1982-VP007,LTMD-CN3-G1982,H1982P3CI103,1982,3,7,179,7,https://historico.conaliteg.gob.mx/c/H1982P3CI103/007.jpg,0,0.039106,Q1,source_jpeg,1,200,image/jpeg,49154,f2e7c475d4a83888b561c4b033c50a013c23f6791a8d7d453b7a4d4d37448115,1,
CN_PENDING_PAGE_MANIFEST_0.1,LTMD-CN3-G1982-VP008,LTMD-CN3-G1982,H1982P3CI103,1982,3,8,179,8,https://historico.conaliteg.gob.mx/c/H1982P3CI103/008.jpg,0,0.044693,Q1,source_jpeg,1,200,image/jpeg,53568,908e627eb12e02f93d0c7f22aba3fe6e31ac853bf506c3db2cfc34a2357d2dda,1,
CN_PENDING_PAGE_MANIFEST_0.1,LTMD-CN3-G1982-VP009,LTMD-CN3-G1982,H1982P3CI103,1982,3,9,179,9,https://historico.conaliteg.gob.mx/c/H1982P3CI103/009.jpg,0,0.050279,Q1,source_jpeg,1,200,image/jpeg,58591,1a354dcf629dbdd4bd24df0c0aed75aeccf5acdc260a16e67270d84e7b5796af,1,
CN_PENDING_PAGE_MANIFEST_0.1,LTMD-CN3-G1982-VP010,LTMD-CN3-G1982,H1982P3CI103,1982,3,10,179,10,https://historico.conaliteg.gob.mx/c/H1982P3CI103/010.jpg,0,0.055866,Q1,source_jpeg,1,200,image/jpeg,51438,711e9244db598c4d183cb6813bfa0a481302bd6fb588eec7dc9dc2fc73fb73ca,1,
CN_PENDING_PAGE_MANIFEST_0.1,LTMD-CN3-G1982-VP011,LTMD-CN3-G1982,H1982P3CI103,1982,3,11,179,11,https://historico.conaliteg.gob.mx/c/H1982P3CI103/011.jpg,0,0.061453,Q1,source_jpeg,1,200,image/jpeg,61975,f186278b82f0710b99d4aaace3eb0e4bc859a0201acd2588d02620178a219533,1,
CN_PENDING_PAGE_MANIFEST_0.1,LTMD-CN3-G1982-VP012,LTMD-CN3-G1982,H1982P3CI103,1982,3,12,179,12,https://historico.conaliteg.gob.mx/c/H1982P3CI103/012.jpg,0,0.067039,Q1,source_jpeg,1,200,image/jpeg,58227,543a5a7e87a838cd130c58060da70c635258814279ef1091b002d8b9b0595af8,1,
CN_PENDING_PAGE_MANIFEST_0.1,LTMD-CN3-G1982-VP013,LTMD-CN3-G1982,H1982P3CI103,1982,3,13,179,13,https://historico.conaliteg.gob.mx/c/H1982P3CI103/013.jpg,0,0.072626,Q1,source_jpeg,1,200,image/jpeg,52563,0bc87360056e5f2636714964e790d2ed4a06f4a07755d8bcb8f07cad1423f2eb,1,
CN_PENDING_PAGE_MANIFEST_0.1,LTMD-CN3-G1982-VP014,LTMD-CN3-G1982,H1982P3CI103,1982,3,14,179,14,https://historico.conaliteg.gob.mx/c/H1982P3CI103/014.jpg,0,0.078212,Q1,source_jpeg,1,200,image/jpeg,57787,f2821d77a040da0e6efe2fda3b3414ef05663adc46635e6f2cac466ad2f3a5c1,1,
CN_PENDING_PAGE_MANIFEST_0.1,LTMD-CN3-G1982-VP015,LTMD-CN3-G1982,H1982P3CI103,1982,3,15,179,15,https://historico.conaliteg.gob.mx/c/H1982P3CI103/015.jpg,0,0.083799,Q1,source_jpeg,1,200,image/jpeg,45610,e9b771bfba7f3ee5882e0984122c3a893d65bec578b22aa905a7b6168289c5d1,1,
CN_PENDING_PAGE_MANIFEST_0.1,LTMD-CN3-G1982-VP016,LTMD-CN3-G1982,H1982P3CI103,1982,3,16,179,16,https://historico.conaliteg.gob.mx/c/H1982P3CI103/016.jpg,0,0.089385,Q1,source_jpeg,1,200,image/jpeg,41931,a05d39309cd6338ddd0b072f8267546f4cbde3e41f3a488eb42668f35faa1c9d,1,
CN_PENDING_PAGE_MANIFEST_0.1,LTMD-CN3-G1982-VP017,LTMD-CN3-G1982,H1982P3CI103,1982,3,17,179,17,https://historico.conaliteg.gob.mx/c/H1982P3CI103/017.jpg,0,0.094972,Q1,source_jpeg,1,200,image/jpeg,49095,1618d71272b7e2957a4dc1fa94a7f4300d93f3dec68da5eb64fd2760528b36b8,1,
CN_PENDING_PAGE_MANIFEST_0.1,LTMD-CN3-G1982-VP018,LTMD-CN3-G1982,H1982P3CI103,1982,3,18,179,18,https://historico.conaliteg.gob.mx/c/H1982P3CI103/018.jpg,0,0.100559,Q1,source_jpeg,1,200,image/jpeg,56501,ee6ef3f355d5b501593afbac2f78721c07c040912317da4642d83f3ad20fbed2,1,
CN_PENDING_PAGE_MANIFEST_0.1,LTMD-CN3-G1982-VP019,LTMD-CN3-G1982,H1982P3CI103,1982,3,19,179,19,https://historico.conaliteg.gob.mx/c/H1982P3CI103/019.jpg,0,0.106145,Q1,source_jpeg,1,200,image/jpeg,56949,ed9d0a2c582107a406e9b5041bd8ef3a14ecd62360a596314dff3c067660343d,1,
CN_PENDING_PAGE_MANIFEST_0.1,LTMD-CN3-G1982-VP020,LTMD-CN3-G1982,H1982P3CI103,1982,3,20,179,20,https://historico.conaliteg.gob.mx/c/H1982P3CI103/020.jpg,0,0.111732,Q1,source_jpeg,1,200,image/jpeg,42356,98fd76f88722914b8fdce6ebfa51dd558826650f06dec9db51a89101c92a4ffb,1,
CN_PENDING_PAGE_MANIFEST_0.1,LTMD-CN3-G1982-VP021,LTMD-CN3-G1982,H1982P3CI103,1982,3,21,179,21,https://historico.conaliteg.gob.mx/c/H1982P3CI103/021.jpg,0,0.117318,Q1,source_jpeg,1,200,image/jpeg,48543,88ae2b4b8b203b6ef9e5462ea60ad578de3ab7d73686853cc8f6f51fd16a4d78,1,
CN_PENDING_PAGE_MANIFEST_0.1,LTMD-CN3-G1982-VP022,LTMD-CN3-G1982,H1982P3CI103,1982,3,22,179,22,https://historico.conaliteg.gob.mx/c/H1982P3CI103/022.jpg,0,0.122905,Q1,source_jpeg,1,200,image/jpeg,43566,f35ba51f1d124cd51110fc8a51108bfd629e80128fb854be0b6417d9adf4c9b0,1,
CN_PENDING_PAGE_MANIFEST_0.1,LTMD-CN3-G1982-VP023,LTMD-CN3-G1982,H1982P3CI103,1982,3,23,179,23,https://historico.conaliteg.gob.mx/c/H1982P3CI103/023.jpg,0,0.128492,Q1,source_jpeg,1,200,image/jpeg,36211,a58a20eb090b30c5a052a459bcea021205f9fea19e50e634f6bbff515a7dfa3d,1,
CN_PENDING_PAGE_MANIFEST_0.1,LTMD-CN3-G1982-VP024,LTMD-CN3-G1982,H1982P3CI103,1982,3,24,179,24,https://historico.conaliteg.gob.mx/c/H1982P3CI103/024.jpg,0,0.134078,Q1,source_jpeg,1,200,image/jpeg,47718,1206c6305ff40a7817e38555f7dc89b55256e0199d859a544d4db3e7f6b0c69f,1,
CN_PENDING_PAGE_MANIFEST_0.1,LTMD-CN3-G1982-VP025,LTMD-CN3-G1982,H1982P3CI103,1982,3,25,179,25,https://historico.conaliteg.gob.mx/c/H1982P3CI103/025.jpg,0,0.139665,Q1,source_jpeg,1,200,image/jpeg,63484,63e8e0b1e01ad98bb8fbd7ea04dcfa39ab79183e6bab45e843eac3542f688c8f,1,
CN_PENDING_PAGE_MANIFEST_0.1,LTMD-CN3-G1982-VP026,LTMD-CN3-G1982,H1982P3CI103,1982,3,26,179,26,https://historico.conaliteg.gob.mx/c/H1982P3CI103/026.jpg,0,0.145251,Q1,source_jpeg,1,200,image/jpeg,61712,44afa830a42c64b906f532911e85d401945bfd690dfcde93e4788e4c81ddee7b,1,
CN_PENDING_PAGE_MANIFEST_0.1,LTMD-CN3-G1982-VP027,LTMD-CN3-G1982,H1982P3CI103,1982,3,27,179,27,https://historico.conaliteg.gob.mx/c/H1982P3CI103/027.jpg,0,0.150838,Q1,source_jpeg,1,200,image/jpeg,66119,75443ef4d4c5784809b02b96efe2d7dea8453bc3b2ada849ecbc92547a300626,1,
CN_PENDING_PAGE_MANIFEST_0.1,LTMD-CN3-G1982-VP028,LTMD-CN3-G1982,H1982P3CI103,1982,3,28,179,28,https://historico.conaliteg.gob.mx/c/H1982P3CI103/028.jpg,0,0.156425,Q1,source_jpeg,1,200,image/jpeg,48797,756a0f8065dcdb72ee05a528819e248fdd30ee55413e2d49ca90dcdbf9073280,1,
CN_PENDING_PAGE_MANIFEST_0.1,LTMD-CN3-G1982-VP029,LTMD-CN3-G1982,H1982P3CI103,1982,3,29,179,29,https://historico.conaliteg.gob.mx/c/H1982P3CI103/029.jpg,0,0.162011,Q1,source_jpeg,1,200,image/jpeg,48225,2fd2652b8c5a881afcebd5dbc8913806d14a3122ba8cb41473d4a3b16e686593,1,
CN_PENDING_PAGE_MANIFEST_0.1,LTMD-CN3-G1982-VP030,LTMD-CN3-G1982,H1982P3CI103,1982,3,30,179,30,https://historico.conaliteg.gob.mx/c/H1982P3CI103/030.jpg,0,0.167598,Q1,source_jpeg,1,200,image/jpeg,47136,9506a3b676b22c05967ebf8505c77b70fed72fc9ab45c263d476c8835f951db8,1,
CN_PENDING_PAGE_MANIFEST_0.1,LTMD-CN3-G1982-VP031,LTMD-CN3-G1982,H1982P3CI103,1982,3,31,179,31,https://historico.conaliteg.gob.mx/c/H1982P3CI103/031.jpg,0,0.173184,Q1,source_jpeg,1,200,image/jpeg,59194,8a938f6c959204980d24c539e7b33e3b207b4b726040b34b1d155ada5ffcd84c,1,
CN_PENDING_PAGE_MANIFEST_0.1,LTMD-CN3-G1982-VP032,LTMD-CN3-G1982,H1982P3CI103,1982,3,32,179,32,https://historico.conaliteg.gob.mx/c/H1982P3CI103/032.jpg,0,0.178771,Q1,source_jpeg,1,200,image/jpeg,68310,ce33e074ac75058612c8540db26ba4fa949f51ea2035075e9db4bc47b5bff933,1,
CN_PENDING_PAGE_MANIFEST_0.1,LTMD-CN3-G1982-VP033,LTMD-CN3-G1982,H1982P3CI103,1982,3,33,179,33,https://historico.conaliteg.gob.mx/c/H1982P3CI103/033.jpg,0,0.184358,Q1,source_jpeg,1,200,image/jpeg,47645,d303540526dcdc312c7f737357ff6cee7f2bc00bb0ebc3634b87818464a40cb5,1,
CN_PENDING_PAGE_MANIFEST_0.1,LTMD-CN3-G1982-VP034,LTMD-CN3-G1982,H1982P3CI103,1982,3,34,179,34,https://historico.conaliteg.gob.mx/c/H1982P3CI103/034.jpg,0,0.189944,Q1,source_jpeg,1,200,image/jpeg,57948,acd2b6a49d58703a69cdc467f659833419a157d12c80d70baef14235a0f82e4e,1,
CN_PENDING_PAGE_MANIFEST_0.1,LTMD-CN3-G1982-VP035,LTMD-CN3-G1982,H1982P3CI103,1982,3,35,179,35,https://historico.conaliteg.gob.mx/c/H1982P3CI103/035.jpg,0,0.195531,Q1,source_jpeg,1,200,image/jpeg,48397,d634c30cbe3db34e0aef6eda03ec0a3fb48352952b947114a221b892bc1d0dd3,1,
CN_PENDING_PAGE_MANIFEST_0.1,LTMD-CN3-G1982-VP036,LTMD-CN3-G1982,H1982P3CI103,1982,3,36,179,36,https://historico.conaliteg.gob.mx/c/H1982P3CI103/036.jpg,0,0.201117,Q1,source_jpeg,1,200,image/jpeg,63361,13ecf23d64c4ef5c89d3fea25e638f89c8e677e1d7e38ea49297c388a2fde8f1,1,
CN_PENDING_PAGE_MANIFEST_0.1,LTMD-CN3-G1982-VP037,LTMD-CN3-G1982,H1982P3CI103,1982,3,37,179,37,https://historico.conaliteg.gob.mx/c/H1982P3CI103/037.jpg,0,0.206704,Q1,source_jpeg,1,200,image/jpeg,62143,a7d6ee0c69ab14ce156243c5fc257728315a107b89d0ca94fb762ef686fba5e2,1,
CN_PENDING_PAGE_MANIFEST_0.1,LTMD-CN3-G1982-VP038,LTMD-CN3-G1982,H1982P3CI103,1982,3,38,179,38,https://historico.conaliteg.gob.mx/c/H1982P3CI103/038.jpg,0,0.212291,Q1,source_jpeg,1,200,image/jpeg,47124,4d8ff2d445de15f503ee44fd261adf91ea7ba95c3c7a7977a9c1c4079e8b360e,1,
CN_PENDING_PAGE_MANIFEST_0.1,LTMD-CN3-G1982-VP039,LTMD-CN3-G1982,H1982P3CI103,1982,3,39,179,39,https://historico.conaliteg.gob.mx/c/H1982P3CI103/039.jpg,0,0.217877,Q1,source_jpeg,1,200,image/jpeg,46659,f3132d552c2fbaccdc37f0572c14139f6fa1d212875fe33b1afe9f92b6bcdc93,1,
CN_PENDING_PAGE_MANIFEST_0.1,LTMD-CN3-G1982-VP040,LTMD-CN3-G1982,H1982P3CI103,1982,3,40,179,40,https://historico.conaliteg.gob.mx/c/H1982P3CI103/040.jpg,0,0.223464,Q1,source_jpeg,1,200,image/jpeg,38697,d48113cb3c952e85d4b328962f9f77fe45ea6e01c93b254f3deee47f5fd8a096,1,
CN_PENDING_PAGE_MANIFEST_0.1,LTMD-CN3-G1982-VP041,LTMD-CN3-G1982,H1982P3CI103,1982,3,41,179,41,https://historico.conaliteg.gob.mx/c/H1982P3CI103/041.jpg,0,0.229050,Q1,source_jpeg,1,200,image/jpeg,55853,a7c8cc0e615e5fc12c99add7fad81d97462defe6c208fc01a6646b5fee2f8cd9,1,
CN_PENDING_PAGE_MANIFEST_0.1,LTMD-CN3-G1982-VP042,LTMD-CN3-G1982,H1982P3CI103,1982,3,42,179,42,https://historico.conaliteg.gob.mx/c/H1982P3CI103/042.jpg,0,0.234637,Q1,source_jpeg,1,200,image/jpeg,53029,40e640eb435af9c371a580c130a621a0539b883eb6db3eef6aad1c28f1c6db8c,1,
CN_PENDING_PAGE_MANIFEST_0.1,LTMD-CN3-G1982-VP043,LTMD-CN3-G1982,H1982P3CI103,1982,3,43,179,43,https://historico.conaliteg.gob.mx/c/H1982P3CI103/043.jpg,0,0.240223,Q1,source_jpeg,1,200,image/jpeg,50764,f7db696d3a9e5cbcbbdca281e80e6627bc3614b64fe1502f42246af89428b618,1,
CN_PENDING_PAGE_MANIFEST_0.1,LTMD-CN3-G1982-VP044,LTMD-CN3-G1982,H1982P3CI103,1982,3,44,179,44,https://historico.conaliteg.gob.mx/c/H1982P3CI103/044.jpg,0,0.245810,Q1,source_jpeg,1,200,image/jpeg,58939,1da59076efcc5b3f04f68d824ab473055cab1a74c639e11a2f64fa5ca5556151,1,
CN_PENDING_PAGE_MANIFEST_0.1,LTMD-CN3-G1982-VP045,LTMD-CN3-G1982,H1982P3CI103,1982,3,45,179,45,https://historico.conaliteg.gob.mx/c/H1982P3CI103/045.jpg,0,0.251397,Q2,source_jpeg,1,200,image/jpeg,41930,d98c693ec5d69ca0aaf8d02d024c091ad189b11830e4a4c36be59c6de3750a05,1,
CN_PENDING_PAGE_MANIFEST_0.1,LTMD-CN3-G1982-VP046,LTMD-CN3-G1982,H1982P3CI103,1982,3,46,179,46,https://historico.conaliteg.gob.mx/c/H1982P3CI103/046.jpg,0,0.256983,Q2,source_jpeg,1,200,image/jpeg,68444,cd5922992378a3cfbd2575cf29ac8e2f792cc180752db27d660ca0613494b462,1,
CN_PENDING_PAGE_MANIFEST_0.1,LTMD-CN3-G1982-VP047,LTMD-CN3-G1982,H1982P3CI103,1982,3,47,179,47,https://historico.conaliteg.gob.mx/c/H1982P3CI103/047.jpg,0,0.262570,Q2,source_jpeg,1,200,image/jpeg,69198,925435a9bb5613bf65ac151b72c561f7223e02225e452b60ee8e75dd2517c309,1,
CN_PENDING_PAGE_MANIFEST_0.1,LTMD-CN3-G1982-VP048,LTMD-CN3-G1982,H1982P3CI103,1982,3,48,179,48,https://historico.conaliteg.gob.mx/c/H1982P3CI103/048.jpg,0,0.268156,Q2,source_jpeg,1,200,image/jpeg,54437,53d6dc71f7dc60c62c5d162346042ec99b6155cbdcf12c3f92e2ceb98195445d,1,
CN_PENDING_PAGE_MANIFEST_0.1,LTMD-CN3-G1982-VP049,LTMD-CN3-G1982,H1982P3CI103,1982,3,49,179,49,https://historico.conaliteg.gob.mx/c/H1982P3CI103/049.jpg,0,0.273743,Q2,source_jpeg,1,200,image/jpeg,58143,73771901b113e5657087fd2555cc6d404280b8b45046914ffd229d1434dc3039,1,
CN_PENDING_PAGE_MANIFEST_0.1,LTMD-CN3-G1982-VP050,LTMD-CN3-G1982,H1982P3CI103,1982,3,50,179,50,https://historico.conaliteg.gob.mx/c/H1982P3CI103/050.jpg,0,0.279330,Q2,source_jpeg,1,200,image/jpeg,56417,a1b7690d2295702a6cfed1f5eef5960eed84082d1a036d1855cb39cb528f2afd,1,
CN_PENDING_PAGE_MANIFEST_0.1,LTMD-CN3-G1982-VP051,LTMD-CN3-G1982,H1982P3CI103,1982,3,51,179,51,https://historico.conaliteg.gob.mx/c/H1982P3CI103/051.jpg,0,0.284916,Q2,source_jpeg,1,200,image/jpeg,50988,5e02a81e9e3f14d51eaf6159567f7960a8147bfe100707d93c2dede3abc87172,1,
CN_PENDING_PAGE_MANIFEST_0.1,LTMD-CN3-G1982-VP052,LTMD-CN3-G1982,H1982P3CI103,1982,3,52,179,52,https://historico.conaliteg.gob.mx/c/H1982P3CI103/052.jpg,0,0.290503,Q2,source_jpeg,1,200,image/jpeg,54674,29abd4be2b65253a1f54745605a997a24cae463b91e6ce951281e5586e41ad5e,1,
CN_PENDING_PAGE_MANIFEST_0.1,LTMD-CN3-G1982-VP053,LTMD-CN3-G1982,H1982P3CI103,1982,3,53,179,53,https://historico.conaliteg.gob.mx/c/H1982P3CI103/053.jpg,0,0.296089,Q2,source_jpeg,1,200,image/jpeg,54871,6517283987ac000f0d643c46063f0743483d87ea64a8dd23babdcf7a2392533e,1,
CN_PENDING_PAGE_MANIFEST_0.1,LTMD-CN3-G1982-VP054,LTMD-CN3-G1982,H1982P3CI103,1982,3,54,179,54,https://historico.conaliteg.gob.mx/c/H1982P3CI103/054.jpg,0,0.301676,Q2,source_jpeg,1,200,image/jpeg,42069,ab4abc328d3b9bae33fe7a29532a565a8cbefe8c22b66d5ac4b27072e8c85537,1,
CN_PENDING_PAGE_MANIFEST_0.1,LTMD-CN3-G1982-VP055,LTMD-CN3-G1982,H1982P3CI103,1982,3,55,179,55,https://historico.conaliteg.gob.mx/c/H1982P3CI103/055.jpg,0,0.307263,Q2,source_jpeg,1,200,image/jpeg,46023,cba345018df7fe14e9912f6fb866283cf3492dc73d2ee36cf5b259cd16d0f25a,1,
CN_PENDING_PAGE_MANIFEST_0.1,LTMD-CN3-G1982-VP056,LTMD-CN3-G1982,H1982P3CI103,1982,3,56,179,56,https://historico.conaliteg.gob.mx/c/H1982P3CI103/056.jpg,0,0.312849,Q2,source_jpeg,1,200,image/jpeg,52621,336481c51d22039188d57af4f94f75f83dd3740af14c505ecfb26760673782d1,1,
CN_PENDING_PAGE_MANIFEST_0.1,LTMD-CN3-G1982-VP057,LTMD-CN3-G1982,H1982P3CI103,1982,3,57,179,57,https://historico.conaliteg.gob.mx/c/H1982P3CI103/057.jpg,0,0.318436,Q2,source_jpeg,1,200,image/jpeg,48813,e34bd891d374c15052394f2ee114684bcae37a75b982fe84e5cfd1f515eb022b,1,
CN_PENDING_PAGE_MANIFEST_0.1,LTMD-CN3-G1982-VP058,LTMD-CN3-G1982,H1982P3CI103,1982,3,58,179,58,https://historico.conaliteg.gob.mx/c/H1982P3CI103/058.jpg,0,0.324022,Q2,source_jpeg,1,200,image/jpeg,55057,5bd44305a7e9d62b637fd1be7d44c455266d08305fd30270c3065e0d28e66292,1,
CN_PENDING_PAGE_MANIFEST_0.1,LTMD-CN3-G1982-VP059,LTMD-CN3-G1982,H1982P3CI103,1982,3,59,179,59,https://historico.conaliteg.gob.mx/c/H1982P3CI103/059.jpg,0,0.329609,Q2,source_jpeg,1,200,image/jpeg,55088,6ffed3452628e997c3c01ccf720b26734763c101612e5d38a3dddb875cb451ce,1,
CN_PENDING_PAGE_MANIFEST_0.1,LTMD-CN3-G1982-VP060,LTMD-CN3-G1982,H1982P3CI103,1982,3,60,179,60,https://historico.conaliteg.gob.mx/c/H1982P3CI103/060.jpg,0,0.335196,Q2,source_jpeg,1,200,image/jpeg,50244,47c3e80988e49e84ea27bf2d12c1a217a5507e4326f9301ff73d1ca7bd813ac5,1,
CN_PENDING_PAGE_MANIFEST_0.1,LTMD-CN3-G1982-VP061,LTMD-CN3-G1982,H1982P3CI103,1982,3,61,179,61,https://historico.conaliteg.gob.mx/c/H1982P3CI103/061.jpg,0,0.340782,Q2,source_jpeg,1,200,image/jpeg,52515,a8dd8ba83da58413f9f967f99511b9627139d6af5ba9eaa55514cfd4bf4642f4,1,
CN_PENDING_PAGE_MANIFEST_0.1,LTMD-CN3-G1982-VP062,LTMD-CN3-G1982,H1982P3CI103,1982,3,62,179,62,https://historico.conaliteg.gob.mx/c/H1982P3CI103/062.jpg,0,0.346369,Q2,source_jpeg,1,200,image/jpeg,56247,5b540b85527284895d6535e5bc118cd6d7ec378b6fc256e1fcdcca1b638b0d1b,1,
CN_PENDING_PAGE_MANIFEST_0.1,LTMD-CN3-G1982-VP063,LTMD-CN3-G1982,H1982P3CI103,1982,3,63,179,63,https://historico.conaliteg.gob.mx/c/H1982P3CI103/063.jpg,0,0.351955,Q2,source_jpeg,1,200,image/jpeg,68198,68b857dc9cb1218cf3dd81d10fb0d7b98bd869c68698b72905eb885ff762ba74,1,
CN_PENDING_PAGE_MANIFEST_0.1,LTMD-CN3-G1982-VP064,LTMD-CN3-G1982,H1982P3CI103,1982,3,64,179,64,https://historico.conaliteg.gob.mx/c/H1982P3CI103/064.jpg,0,0.357542,Q2,source_jpeg,1,200,image/jpeg,51299,fcb4ac5f7a1f5597fd6ad14e0710448dffbd210a19b05984cdc64338c7113582,1,
CN_PENDING_PAGE_MANIFEST_0.1,LTMD-CN3-G1982-VP065,LTMD-CN3-G1982,H1982P3CI103,1982,3,65,179,65,https://historico.conaliteg.gob.mx/c/H1982P3CI103/065.jpg,0,0.363128,Q2,source_jpeg,1,200,image/jpeg,57715,48476d7c76e78cdf1a3c9fe9cda45fed42a97446c9c49cb1d3da9fcc16f6a4ac,1,
CN_PENDING_PAGE_MANIFEST_0.1,LTMD-CN3-G1982-VP066,LTMD-CN3-G1982,H1982P3CI103,1982,3,66,179,66,https://historico.conaliteg.gob.mx/c/H1982P3CI103/066.jpg,0,0.368715,Q2,source_jpeg,1,200,image/jpeg,63740,e5edc24a27a1ca0df93406353590bff0828a43f1406adab055ef91de2cc2777c,1,
CN_PENDING_PAGE_MANIFEST_0.1,LTMD-CN3-G1982-VP067,LTMD-CN3-G1982,H1982P3CI103,1982,3,67,179,67,https://historico.conaliteg.gob.mx/c/H1982P3CI103/067.jpg,0,0.374302,Q2,source_jpeg,1,200,image/jpeg,58036,c5ab8ce0bfc3edd87cf242baae0d1c915e665ebba83dab3b6fdf9fa55189ac4c,1,
CN_PENDING_PAGE_MANIFEST_0.1,LTMD-CN3-G1982-VP068,LTMD-CN3-G1982,H1982P3CI103,1982,3,68,179,68,https://historico.conaliteg.gob.mx/c/H1982P3CI103/068.jpg,0,0.379888,Q2,source_jpeg,1,200,image/jpeg,69757,49f393b82cc6ef797079ce2ee7fbbabfe88f57f7d1ee4ea4e9ba3b445df5a0b9,1,
CN_PENDING_PAGE_MANIFEST_0.1,LTMD-CN3-G1982-VP069,LTMD-CN3-G1982,H1982P3CI103,1982,3,69,179,69,https://historico.conaliteg.gob.mx/c/H1982P3CI103/069.jpg,0,0.385475,Q2,source_jpeg,1,200,image/jpeg,63484,6b60433fffdd346c3d3556445a7ef33153ce954a23138645d215b7b0820cfac3,1,
CN_PENDING_PAGE_MANIFEST_0.1,LTMD-CN3-G1982-VP070,LTMD-CN3-G1982,H1982P3CI103,1982,3,70,179,70,https://historico.conaliteg.gob.mx/c/H1982P3CI103/070.jpg,0,0.391061,Q2,source_jpeg,1,200,image/jpeg,48482,53d6dbe121bc861ad01437f1fe75ae54995cabcc09d2e98a79b57840486a55c1,1,
CN_PENDING_PAGE_MANIFEST_0.1,LTMD-CN3-G1982-VP071,LTMD-CN3-G1982,H1982P3CI103,1982,3,71,179,71,https://historico.conaliteg.gob.mx/c/H1982P3CI103/071.jpg,0,0.396648,Q2,source_jpeg,1,200,image/jpeg,60428,20e849b81c8e565e915a047bc68255bac1154b39a8173f2ff7f0fd27d5bc9bed,1,
CN_PENDING_PAGE_MANIFEST_0.1,LTMD-CN3-G1982-VP072,LTMD-CN3-G1982,H1982P3CI103,1982,3,72,179,72,https://historico.conaliteg.gob.mx/c/H1982P3CI103/072.jpg,0,0.402235,Q2,source_jpeg,1,200,image/jpeg,58227,3cf4861ddb81b7a6d1e1c3ac627355b08877d6974f5bd8715954e6a7c8b0e3dd,1,
CN_PENDING_PAGE_MANIFEST_0.1,LTMD-CN3-G1982-VP073,LTMD-CN3-G1982,H1982P3CI103,1982,3,73,179,73,https://historico.conaliteg.gob.mx/c/H1982P3CI103/073.jpg,0,0.407821,Q2,source_jpeg,1,200,image/jpeg,54664,fcf9e76a21c70312a0e3721877a616e7c618b2a31540141088b2d32ba171d759,1,
CN_PENDING_PAGE_MANIFEST_0.1,LTMD-CN3-G1982-VP074,LTMD-CN3-G1982,H1982P3CI103,1982,3,74,179,74,https://historico.conaliteg.gob.mx/c/H1982P3CI103/074.jpg,0,0.413408,Q2,source_jpeg,1,200,image/jpeg,43604,4f0403a247dbee968608ebdf0b02ea1d6e567a417b200ec97cc841e290e660ba,1,
CN_PENDING_PAGE_MANIFEST_0.1,LTMD-CN3-G1982-VP075,LTMD-CN3-G1982,H1982P3CI103,1982,3,75,179,75,https://historico.conaliteg.gob.mx/c/H1982P3CI103/075.jpg,0,0.418994,Q2,source_jpeg,1,200,image/jpeg,44357,a9cb1d5cb00b089ae6a4734eaae5481df5fcb03c1e65569550adc75cf3d26334,1,
CN_PENDING_PAGE_MANIFEST_0.1,LTMD-CN3-G1982-VP076,LTMD-CN3-G1982,H1982P3CI103,1982,3,76,179,76,https://historico.conaliteg.gob.mx/c/H1982P3CI103/076.jpg,0,0.424581,Q2,source_jpeg,1,200,image/jpeg,49134,54498f7f2941cd9c037d79387b54f91418f6b074d1ece3cd89ebd8561ddde2d5,1,
CN_PENDING_PAGE_MANIFEST_0.1,LTMD-CN3-G1982-VP077,LTMD-CN3-G1982,H1982P3CI103,1982,3,77,179,77,https://historico.conaliteg.gob.mx/c/H1982P3CI103/077.jpg,0,0.430168,Q2,source_jpeg,1,200,image/jpeg,44615,1405fa9395bb98c68ae5c946cc65f9843e509cdaf24a30edc2e082ec6b11ba9a,1,
CN_PENDING_PAGE_MANIFEST_0.1,LTMD-CN3-G1982-VP078,LTMD-CN3-G1982,H1982P3CI103,1982,3,78,179,78,https://historico.conaliteg.gob.mx/c/H1982P3CI103/078.jpg,0,0.435754,Q2,source_jpeg,1,200,image/jpeg,69780,5e9dd06d4cbfbdc30bb7ba9737041b603a13cd2a98049cd893c875b686ab2200,1,
CN_PENDING_PAGE_MANIFEST_0.1,LTMD-CN3-G1982-VP079,LTMD-CN3-G1982,H1982P3CI103,1982,3,79,179,79,https://historico.conaliteg.gob.mx/c/H1982P3CI103/079.jpg,0,0.441341,Q2,source_jpeg,1,200,image/jpeg,49931,79a65ba38e88563ef9bcdde6f97f2a490058273dd0a7690fae80664bcced049c,1,
CN_PENDING_PAGE_MANIFEST_0.1,LTMD-CN3-G1982-VP080,LTMD-CN3-G1982,H1982P3CI103,1982,3,80,179,80,https://historico.conaliteg.gob.mx/c/H1982P3CI103/080.jpg,0,0.446927,Q2,source_jpeg,1,200,image/jpeg,50840,5d9e7f2a78369bc5e988e4551f2fba36eae3549b98a77a5d5f0d6cd140841afd,1,
CN_PENDING_PAGE_MANIFEST_0.1,LTMD-CN3-G1982-VP081,LTMD-CN3-G1982,H1982P3CI103,1982,3,81,179,81,https://historico.conaliteg.gob.mx/c/H1982P3CI103/081.jpg,0,0.452514,Q2,source_jpeg,1,200,image/jpeg,57809,1d1387728d2410b6b809204320376233e7c172253c8a156316761e5b60743bda,1,
CN_PENDING_PAGE_MANIFEST_0.1,LTMD-CN3-G1982-VP082,LTMD-CN3-G1982,H1982P3CI103,1982,3,82,179,82,https://historico.conaliteg.gob.mx/c/H1982P3CI103/082.jpg,0,0.458101,Q2,source_jpeg,1,200,image/jpeg,52555,7d652b2ac0bb28d9a42584bfd4ff712c83430b0b7207e0822acbbf6dad279e60,1,
CN_PENDING_PAGE_MANIFEST_0.1,LTMD-CN3-G1982-VP083,LTMD-CN3-G1982,H1982P3CI103,1982,3,83,179,83,https://historico.conaliteg.gob.mx/c/H1982P3CI103/083.jpg,0,0.463687,Q2,source_jpeg,1,200,image/jpeg,45774,5a19d86ce42d5c48ad429b32c0f085f5b582e8e236ebb359ad88a38368974643,1,
CN_PENDING_PAGE_MANIFEST_0.1,LTMD-CN3-G1982-VP084,LTMD-CN3-G1982,H1982P3CI103,1982,3,84,179,84,https://historico.conaliteg.gob.mx/c/H1982P3CI103/084.jpg,0,0.469274,Q2,source_jpeg,1,200,image/jpeg,54916,031e49b21f42df6f16bd5d2720b4d75df1845f093bff8e40c974157b175354d6,1,
CN_PENDING_PAGE_MANIFEST_0.1,LTMD-CN3-G1982-VP085,LTMD-CN3-G1982,H1982P3CI103,1982,3,85,179,85,https://historico.conaliteg.gob.mx/c/H1982P3CI103/085.jpg,0,0.474860,Q2,source_jpeg,1,200,image/jpeg,66390,d745551c1ddcd51e59528f0418b4c7901c8ea39ae58efa77c23cc83d7374f366,1,
CN_PENDING_PAGE_MANIFEST_0.1,LTMD-CN3-G1982-VP086,LTMD-CN3-G1982,H1982P3CI103,1982,3,86,179,86,https://historico.conaliteg.gob.mx/c/H1982P3CI103/086.jpg,0,0.480447,Q2,source_jpeg,1,200,image/jpeg,79588,d47876f859a13efce48418057c63beeeaa3251f9a3c14aedf62b16a5f6ebc5a8,1,
CN_PENDING_PAGE_MANIFEST_0.1,LTMD-CN3-G1982-VP087,LTMD-CN3-G1982,H1982P3CI103,1982,3,87,179,87,https://historico.conaliteg.gob.mx/c/H1982P3CI103/087.jpg,0,0.486034,Q2,source_jpeg,1,200,image/jpeg,73974,45b689df772946dfbcc61b751b9a01fb91e782817368ea32b4e6c9c1d9f68378,1,
CN_PENDING_PAGE_MANIFEST_0.1,LTMD-CN3-G1982-VP088,LTMD-CN3-G1982,H1982P3CI103,1982,3,88,179,88,https://historico.conaliteg.gob.mx/c/H1982P3CI103/088.jpg,0,0.491620,Q2,source_jpeg,1,200,image/jpeg,72716,ed8de0e5d22aa2e541c81be1b3ec94c75f5138452ce6ecc9a7c0652f3ef0dbe7,1,
CN_PENDING_PAGE_MANIFEST_0.1,LTMD-CN3-G1982-VP089,LTMD-CN3-G1982,H1982P3CI103,1982,3,89,179,89,https://historico.conaliteg.gob.mx/c/H1982P3CI103/089.jpg,0,0.497207,Q2,source_jpeg,1,200,image/jpeg,73205,16e63e0202f8b9c13ccb64769d00b969a4a36f2d641a694e6d34642023b30a07,1,
CN_PENDING_PAGE_MANIFEST_0.1,LTMD-CN3-G1982-VP090,LTMD-CN3-G1982,H1982P3CI103,1982,3,90,179,90,https://historico.conaliteg.gob.mx/c/H1982P3CI103/090.jpg,0,0.502793,Q3,source_jpeg,1,200,image/jpeg,62047,ca5c887bcecd21061c159cb023e9043406025bdbbcd31885791425d0a9500605,1,
CN_PENDING_PAGE_MANIFEST_0.1,LTMD-CN3-G1982-VP091,LTMD-CN3-G1982,H1982P3CI103,1982,3,91,179,91,https://historico.conaliteg.gob.mx/c/H1982P3CI103/091.jpg,0,0.508380,Q3,source_jpeg,1,200,image/jpeg,65152,a3935d0d53fb3cd66e50826285871d0cb8ee1129da87b2cd8d8cca805d8bdc11,1,
CN_PENDING_PAGE_MANIFEST_0.1,LTMD-CN3-G1982-VP092,LTMD-CN3-G1982,H1982P3CI103,1982,3,92,179,92,https://historico.conaliteg.gob.mx/c/H1982P3CI103/092.jpg,0,0.513966,Q3,source_jpeg,1,200,image/jpeg,45985,21559a120baee13474c66d8b35e25440db9f0706245c245a9e511198e1203c89,1,
CN_PENDING_PAGE_MANIFEST_0.1,LTMD-CN3-G1982-VP093,LTMD-CN3-G1982,H1982P3CI103,1982,3,93,179,93,https://historico.conaliteg.gob.mx/c/H1982P3CI103/093.jpg,0,0.519553,Q3,source_jpeg,1,200,image/jpeg,38540,2f67f51462dd5016032b774c34288ead59f487030c1bc2336fee6273f3d570b0,1,
CN_PENDING_PAGE_MANIFEST_0.1,LTMD-CN3-G1982-VP094,LTMD-CN3-G1982,H1982P3CI103,1982,3,94,179,94,https://historico.conaliteg.gob.mx/c/H1982P3CI103/094.jpg,0,0.525140,Q3,source_jpeg,1,200,image/jpeg,57830,296f5d33fc1b8865979749247963297da113aeb8762109cdbd492941acc1bbc5,1,
CN_PENDING_PAGE_MANIFEST_0.1,LTMD-CN3-G1982-VP095,LTMD-CN3-G1982,H1982P3CI103,1982,3,95,179,95,https://historico.conaliteg.gob.mx/c/H1982P3CI103/095.jpg,0,0.530726,Q3,source_jpeg,1,200,image/jpeg,46144,ede8e5387851d15bdd481a4311c28b2668893661b93b0c0dc4ec2720e73748ee,1,
CN_PENDING_PAGE_MANIFEST_0.1,LTMD-CN3-G1982-VP096,LTMD-CN3-G1982,H1982P3CI103,1982,3,96,179,96,https://historico.conaliteg.gob.mx/c/H1982P3CI103/096.jpg,0,0.536313,Q3,source_jpeg,1,200,image/jpeg,56665,86c780620f5d5d38ba774287348b2584d11df2180ec2e54a822590c4e8aa9888,1,
CN_PENDING_PAGE_MANIFEST_0.1,LTMD-CN3-G1982-VP097,LTMD-CN3-G1982,H1982P3CI103,1982,3,97,179,97,https://historico.conaliteg.gob.mx/c/H1982P3CI103/097.jpg,0,0.541899,Q3,source_jpeg,1,200,image/jpeg,46927,4ce416014adf950a071bb97121d10324aeb6b8cfe3f7170263f1e7a71b12c61e,1,
CN_PENDING_PAGE_MANIFEST_0.1,LTMD-CN3-G1982-VP098,LTMD-CN3-G1982,H1982P3CI103,1982,3,98,179,98,https://historico.conaliteg.gob.mx/c/H1982P3CI103/098.jpg,0,0.547486,Q3,source_jpeg,1,200,image/jpeg,51125,27235234e2bc0670e3c579a6f5ac4265c3abbb9e6dd58a301a94e417beea050f,1,
CN_PENDING_PAGE_MANIFEST_0.1,LTMD-CN3-G1982-VP099,LTMD-CN3-G1982,H1982P3CI103,1982,3,99,179,99,https://historico.conaliteg.gob.mx/c/H1982P3CI103/099.jpg,0,0.553073,Q3,source_jpeg,1,200,image/jpeg,57957,f0cf9e977aea0c3fa3b0dfe8222822bc0d51df154e9d7cb46988fcf877a36548,1,
CN_PENDING_PAGE_MANIFEST_0.1,LTMD-CN3-G1982-VP100,LTMD-CN3-G1982,H1982P3CI103,1982,3,100,179,100,https://historico.conaliteg.gob.mx/c/H1982P3CI103/100.jpg,0,0.558659,Q3,source_jpeg,1,200,image/jpeg,49351,9c3400778d3fdeda6262999a7d2ab96243e004b2cfb330a2e6438a09ac44b85c,1,
CN_PENDING_PAGE_MANIFEST_0.1,LTMD-CN3-G1982-VP101,LTMD-CN3-G1982,H1982P3CI103,1982,3,101,179,101,https://historico.conaliteg.gob.mx/c/H1982P3CI103/101.jpg,0,0.564246,Q3,source_jpeg,1,200,image/jpeg,58854,89c003c730f51c5dca676b5ffe651994771ca1a9f45d415743a19cebc9cc4c0d,1,
CN_PENDING_PAGE_MANIFEST_0.1,LTMD-CN3-G1982-VP102,LTMD-CN3-G1982,H1982P3CI103,1982,3,102,179,102,https://historico.conaliteg.gob.mx/c/H1982P3CI103/102.jpg,0,0.569832,Q3,source_jpeg,1,200,image/jpeg,62239,08a890e5109e19f2a52600050d1f49a64320ee284db769035edcc7744b80d228,1,
CN_PENDING_PAGE_MANIFEST_0.1,LTMD-CN3-G1982-VP103,LTMD-CN3-G1982,H1982P3CI103,1982,3,103,179,103,https://historico.conaliteg.gob.mx/c/H1982P3CI103/103.jpg,0,0.575419,Q3,source_jpeg,1,200,image/jpeg,41014,ebcc2d7c4df3b5e3c9e9db0c1452677b441141b508d4387f40b1d5b5f36c7c04,1,
CN_PENDING_PAGE_MANIFEST_0.1,LTMD-CN3-G1982-VP104,LTMD-CN3-G1982,H1982P3CI103,1982,3,104,179,104,https://historico.conaliteg.gob.mx/c/H1982P3CI103/104.jpg,0,0.581006,Q3,source_jpeg,1,200,image/jpeg,45792,75fb71712ece576f0efd5cfcd580c0b21e51370642bd519e28abe673fe21bf55,1,
CN_PENDING_PAGE_MANIFEST_0.1,LTMD-CN3-G1982-VP105,LTMD-CN3-G1982,H1982P3CI103,1982,3,105,179,105,https://historico.conaliteg.gob.mx/c/H1982P3CI103/105.jpg,0,0.586592,Q3,source_jpeg,1,200,image/jpeg,50468,57d83aa0ee9e03506572933e10243f043955d6ba3a1ae4985f5ff3dbf5481b2e,1,
CN_PENDING_PAGE_MANIFEST_0.1,LTMD-CN3-G1982-VP106,LTMD-CN3-G1982,H1982P3CI103,1982,3,106,179,106,https://historico.conaliteg.gob.mx/c/H1982P3CI103/106.jpg,0,0.592179,Q3,source_jpeg,1,200,image/jpeg,81390,a20d5c1925873c9bca47b8caeef572e44865f1f4c1f31f0e80f2a7e090b40f26,1,
CN_PENDING_PAGE_MANIFEST_0.1,LTMD-CN3-G1982-VP107,LTMD-CN3-G1982,H1982P3CI103,1982,3,107,179,107,https://historico.conaliteg.gob.mx/c/H1982P3CI103/107.jpg,0,0.597765,Q3,source_jpeg,1,200,image/jpeg,74770,714faa4d537126df41c3ee8ad50e0267cde85d43aa8765f6f425a96c176538ff,1,
CN_PENDING_PAGE_MANIFEST_0.1,LTMD-CN3-G1982-VP108,LTMD-CN3-G1982,H1982P3CI103,1982,3,108,179,108,https://historico.conaliteg.gob.mx/c/H1982P3CI103/108.jpg,0,0.603352,Q3,source_jpeg,1,200,image/jpeg,48941,49647e8c1be7cab0444b5a084339f539e5a2f37d1befa3bbe9df3869ac352712,1,
CN_PENDING_PAGE_MANIFEST_0.1,LTMD-CN3-G1982-VP109,LTMD-CN3-G1982,H1982P3CI103,1982,3,109,179,109,https://historico.conaliteg.gob.mx/c/H1982P3CI103/109.jpg,0,0.608939,Q3,source_jpeg,1,200,image/jpeg,39701,9e0c58c4d8050af2027b77bceed61bf6b4e57e1f6e6903e12d9cfc2baca37793,1,
CN_PENDING_PAGE_MANIFEST_0.1,LTMD-CN3-G1982-VP110,LTMD-CN3-G1982,H1982P3CI103,1982,3,110,179,110,https://historico.conaliteg.gob.mx/c/H1982P3CI103/110.jpg,0,0.614525,Q3,source_jpeg,1,200,image/jpeg,51353,c04576b3381eaac948f6f953f480ea0ce2d3b1c8d28c885af1f6370cc982890b,1,
CN_PENDING_PAGE_MANIFEST_0.1,LTMD-CN3-G1982-VP111,LTMD-CN3-G1982,H1982P3CI103,1982,3,111,179,111,https://historico.conaliteg.gob.mx/c/H1982P3CI103/111.jpg,0,0.620112,Q3,source_jpeg,1,200,image/jpeg,72127,d451b7292437625aa230fea02b2977a594c2da59c5b78d7c173c9a9ef84a17ef,1,
CN_PENDING_PAGE_MANIFEST_0.1,LTMD-CN3-G1982-VP112,LTMD-CN3-G1982,H1982P3CI103,1982,3,112,179,112,https://historico.conaliteg.gob.mx/c/H1982P3CI103/112.jpg,0,0.625698,Q3,source_jpeg,1,200,image/jpeg,59786,dbf87cc1f2e19d6f9b6c62cbbaf5852fc795283af28aeda04706b1e921afa08a,1,
CN_PENDING_PAGE_MANIFEST_0.1,LTMD-CN3-G1982-VP113,LTMD-CN3-G1982,H1982P3CI103,1982,3,113,179,113,https://historico.conaliteg.gob.mx/c/H1982P3CI103/113.jpg,0,0.631285,Q3,source_jpeg,1,200,image/jpeg,60420,ecdfb14123f9e81d66519f920ea654ddaa7d4c1e2e1613ec4cb066bc1488d8fb,1,
CN_PENDING_PAGE_MANIFEST_0.1,LTMD-CN3-G1982-VP114,LTMD-CN3-G1982,H1982P3CI103,1982,3,114,179,114,https://historico.conaliteg.gob.mx/c/H1982P3CI103/114.jpg,0,0.636872,Q3,source_jpeg,1,200,image/jpeg,37533,f1bec825d2ae8dcf967aeaa99f4b200da8fa32d5396dac8d2f18d89622ccc2d4,1,
CN_PENDING_PAGE_MANIFEST_0.1,LTMD-CN3-G1982-VP115,LTMD-CN3-G1982,H1982P3CI103,1982,3,115,179,115,https://historico.conaliteg.gob.mx/c/H1982P3CI103/115.jpg,0,0.642458,Q3,source_jpeg,1,200,image/jpeg,45497,8e522d8d2abceefc4ea561961b2d2e87c3396aa0a6e1ca4d6f84860cbb8dfdf7,1,
CN_PENDING_PAGE_MANIFEST_0.1,LTMD-CN3-G1982-VP116,LTMD-CN3-G1982,H1982P3CI103,1982,3,116,179,116,https://historico.conaliteg.gob.mx/c/H1982P3CI103/116.jpg,0,0.648045,Q3,source_jpeg,1,200,image/jpeg,56675,ab6a1d897000474912f867d203929a495059b8a5f8100944b839cfd48d8357ae,1,
CN_PENDING_PAGE_MANIFEST_0.1,LTMD-CN3-G1982-VP117,LTMD-CN3-G1982,H1982P3CI103,1982,3,117,179,117,https://historico.conaliteg.gob.mx/c/H1982P3CI103/117.jpg,0,0.653631,Q3,source_jpeg,1,200,image/jpeg,58380,5431d92cfaec0d3a39ce4fb5922ab7c6213f8ec8ba848138c19760307d139277,1,
CN_PENDING_PAGE_MANIFEST_0.1,LTMD-CN3-G1982-VP118,LTMD-CN3-G1982,H1982P3CI103,1982,3,118,179,118,https://historico.conaliteg.gob.mx/c/H1982P3CI103/118.jpg,0,0.659218,Q3,source_jpeg,1,200,image/jpeg,49500,99ae7a7acca3329bc3aec09cbf670b67afb1330132d1e75471f698deecab2485,1,
CN_PENDING_PAGE_MANIFEST_0.1,LTMD-CN3-G1982-VP119,LTMD-CN3-G1982,H1982P3CI103,1982,3,119,179,119,https://historico.conaliteg.gob.mx/c/H1982P3CI103/119.jpg,0,0.664804,Q3,source_jpeg,1,200,image/jpeg,53584,4536271379d01944d4b26216fa05fe0675d66dd3b8c81ac9b6786d0ef2e67cd6,1,
CN_PENDING_PAGE_MANIFEST_0.1,LTMD-CN3-G1982-VP120,LTMD-CN3-G1982,H1982P3CI103,1982,3,120,179,120,https://historico.conaliteg.gob.mx/c/H1982P3CI103/120.jpg,0,0.670391,Q3,source_jpeg,1,200,image/jpeg,56848,fc379a7d2badf768f8b925f317b7ffe9fe390ebec75aac5a60fae1ddf586f707,1,
CN_PENDING_PAGE_MANIFEST_0.1,LTMD-CN3-G1982-VP121,LTMD-CN3-G1982,H1982P3CI103,1982,3,121,179,121,https://historico.conaliteg.gob.mx/c/H1982P3CI103/121.jpg,0,0.675978,Q3,source_jpeg,1,200,image/jpeg,54647,79e1d34825e0b7ee9f5f6e86ab514ba9409ab5493a9119ed1453e798ac377244,1,
CN_PENDING_PAGE_MANIFEST_0.1,LTMD-CN3-G1982-VP122,LTMD-CN3-G1982,H1982P3CI103,1982,3,122,179,122,https://historico.conaliteg.gob.mx/c/H1982P3CI103/122.jpg,0,0.681564,Q3,source_jpeg,1,200,image/jpeg,67093,94fc666c20b45c662609ee326d74497bcbcf1b258b9e9e8a3d80e865fc6af2bc,1,
CN_PENDING_PAGE_MANIFEST_0.1,LTMD-CN3-G1982-VP123,LTMD-CN3-G1982,H1982P3CI103,1982,3,123,179,123,https://historico.conaliteg.gob.mx/c/H1982P3CI103/123.jpg,0,0.687151,Q3,source_jpeg,1,200,image/jpeg,55611,b60b22e923b1b5dc9a5fa188ae85722faa724c63fd5ef0a8ea023618157dd553,1,
CN_PENDING_PAGE_MANIFEST_0.1,LTMD-CN3-G1982-VP124,LTMD-CN3-G1982,H1982P3CI103,1982,3,124,179,124,https://historico.conaliteg.gob.mx/c/H1982P3CI103/124.jpg,0,0.692737,Q3,source_jpeg,1,200,image/jpeg,55729,eedce70e8409951a7420f26f054b8b61cf815933373a7abfacf760e6a4c1800f,1,
CN_PENDING_PAGE_MANIFEST_0.1,LTMD-CN3-G1982-VP125,LTMD-CN3-G1982,H1982P3CI103,1982,3,125,179,125,https://historico.conaliteg.gob.mx/c/H1982P3CI103/125.jpg,0,0.698324,Q3,source_jpeg,1,200,image/jpeg,48449,c412a191f1b9690d6afd4444e4312c21aee620edcefc9bb88f84e2dc2d7dfcd1,1,
CN_PENDING_PAGE_MANIFEST_0.1,LTMD-CN3-G1982-VP126,LTMD-CN3-G1982,H1982P3CI103,1982,3,126,179,126,https://historico.conaliteg.gob.mx/c/H1982P3CI103/126.jpg,0,0.703911,Q3,source_jpeg,1,200,image/jpeg,62474,c3e924259bf12ca756bde3b5b370e585dca943c9870ea5cd86e64df28118f4c1,1,
CN_PENDING_PAGE_MANIFEST_0.1,LTMD-CN3-G1982-VP127,LTMD-CN3-G1982,H1982P3CI103,1982,3,127,179,127,https://historico.conaliteg.gob.mx/c/H1982P3CI103/127.jpg,0,0.709497,Q3,source_jpeg,1,200,image/jpeg,58504,e5a7367b4f376a032234b298042d9e2aef54be3f76f53b5223d59aff0dce118f,1,
CN_PENDING_PAGE_MANIFEST_0.1,LTMD-CN3-G1982-VP128,LTMD-CN3-G1982,H1982P3CI103,1982,3,128,179,128,https://historico.conaliteg.gob.mx/c/H1982P3CI103/128.jpg,0,0.715084,Q3,source_jpeg,1,200,image/jpeg,49605,e5970e3173f6ab1caf4f3b93537be65ef0cd7b840afa73508b1815d3e1aea7c2,1,
CN_PENDING_PAGE_MANIFEST_0.1,LTMD-CN3-G1982-VP129,LTMD-CN3-G1982,H1982P3CI103,1982,3,129,179,129,https://historico.conaliteg.gob.mx/c/H1982P3CI103/129.jpg,0,0.720670,Q3,source_jpeg,1,200,image/jpeg,55705,48618ebf932964a8abc5647082e676a4cad6a548c8e32c988342c6aa19fcbf0f,1,
CN_PENDING_PAGE_MANIFEST_0.1,LTMD-CN3-G1982-VP130,LTMD-CN3-G1982,H1982P3CI103,1982,3,130,179,130,https://historico.conaliteg.gob.mx/c/H1982P3CI103/130.jpg,0,0.726257,Q3,source_jpeg,1,200,image/jpeg,48045,54f10a7c1e1894bf2f740958d5472196f9dcca4846ea7e8f3e16bee62fccc4fd,1,
CN_PENDING_PAGE_MANIFEST_0.1,LTMD-CN3-G1982-VP131,LTMD-CN3-G1982,H1982P3CI103,1982,3,131,179,131,https://historico.conaliteg.gob.mx/c/H1982P3CI103/131.jpg,0,0.731844,Q3,source_jpeg,1,200,image/jpeg,61630,f8063bb02adbaecc31514025b996d6c5d80d5c3762a22a79e25621b05a7c8fad,1,
CN_PENDING_PAGE_MANIFEST_0.1,LTMD-CN3-G1982-VP132,LTMD-CN3-G1982,H1982P3CI103,1982,3,132,179,132,https://historico.conaliteg.gob.mx/c/H1982P3CI103/132.jpg,0,0.737430,Q3,source_jpeg,1,200,image/jpeg,53641,4784aa10511c65d69193f25e81b4b49df30ba50ae0f36031f5b0ae9a8909fc3d,1,
CN_PENDING_PAGE_MANIFEST_0.1,LTMD-CN3-G1982-VP133,LTMD-CN3-G1982,H1982P3CI103,1982,3,133,179,133,https://historico.conaliteg.gob.mx/c/H1982P3CI103/133.jpg,0,0.743017,Q3,source_jpeg,1,200,image/jpeg,50364,e18878c7886dd5d9d27e72743e1ec706dde7a1dd77e9f08c5717e566bdf8fc8f,1,
CN_PENDING_PAGE_MANIFEST_0.1,LTMD-CN3-G1982-VP134,LTMD-CN3-G1982,H1982P3CI103,1982,3,134,179,134,https://historico.conaliteg.gob.mx/c/H1982P3CI103/134.jpg,0,0.748603,Q3,source_jpeg,1,200,image/jpeg,47782,d168715b5a2e4652524bb8eedd2b9cac0e1fc40980ac6004c5c387c532852312,1,
CN_PENDING_PAGE_MANIFEST_0.1,LTMD-CN3-G1982-VP135,LTMD-CN3-G1982,H1982P3CI103,1982,3,135,179,135,https://historico.conaliteg.gob.mx/c/H1982P3CI103/135.jpg,0,0.754190,Q4,source_jpeg,1,200,image/jpeg,50810,b40878f96e4d586e198e6df2b9cd4b525502f9e5bacd5d3c77f2340b1a1a1ec5,1,
CN_PENDING_PAGE_MANIFEST_0.1,LTMD-CN3-G1982-VP136,LTMD-CN3-G1982,H1982P3CI103,1982,3,136,179,136,https://historico.conaliteg.gob.mx/c/H1982P3CI103/136.jpg,0,0.759777,Q4,source_jpeg,1,200,image/jpeg,53555,99d3ba967786c8e7cf3af5267ad4a45354458f7cc80f7b4a7edb736ffcd91ea7,1,
CN_PENDING_PAGE_MANIFEST_0.1,LTMD-CN3-G1982-VP137,LTMD-CN3-G1982,H1982P3CI103,1982,3,137,179,137,https://historico.conaliteg.gob.mx/c/H1982P3CI103/137.jpg,0,0.765363,Q4,source_jpeg,1,200,image/jpeg,41843,d415d4d5b4fed78115bc33c9c14fd1e2303e71237e5d6b7594396d57c4c64164,1,
CN_PENDING_PAGE_MANIFEST_0.1,LTMD-CN3-G1982-VP138,LTMD-CN3-G1982,H1982P3CI103,1982,3,138,179,138,https://historico.conaliteg.gob.mx/c/H1982P3CI103/138.jpg,0,0.770950,Q4,source_jpeg,1,200,image/jpeg,47883,5299dbc57000ace1d3d5fa1fce1c3b8c79929cb344645e81ee90f3a6c40eb8d4,1,
CN_PENDING_PAGE_MANIFEST_0.1,LTMD-CN3-G1982-VP139,LTMD-CN3-G1982,H1982P3CI103,1982,3,139,179,139,https://historico.conaliteg.gob.mx/c/H1982P3CI103/139.jpg,0,0.776536,Q4,source_jpeg,1,200,image/jpeg,60699,c8effd6c5c623c4d28429402e30235bb11faece17b77654b853e9587954cc826,1,
CN_PENDING_PAGE_MANIFEST_0.1,LTMD-CN3-G1982-VP140,LTMD-CN3-G1982,H1982P3CI103,1982,3,140,179,140,https://historico.conaliteg.gob.mx/c/H1982P3CI103/140.jpg,0,0.782123,Q4,source_jpeg,1,200,image/jpeg,46434,4046d63e43e966c6e0c1d366914160f7462a71d04e9d6b5d7e4bb780384945dd,1,
CN_PENDING_PAGE_MANIFEST_0.1,LTMD-CN3-G1982-VP141,LTMD-CN3-G1982,H1982P3CI103,1982,3,141,179,141,https://historico.conaliteg.gob.mx/c/H1982P3CI103/141.jpg,0,0.787709,Q4,source_jpeg,1,200,image/jpeg,42137,9bef51b5c1430083ea5be5de2c6035cfbe2003ccfa70467c8706864a67a81b86,1,
CN_PENDING_PAGE_MANIFEST_0.1,LTMD-CN3-G1982-VP142,LTMD-CN3-G1982,H1982P3CI103,1982,3,142,179,142,https://historico.conaliteg.gob.mx/c/H1982P3CI103/142.jpg,0,0.793296,Q4,source_jpeg,1,200,image/jpeg,55710,e8a4911d3e2f4a4973531c20972b711439c7109a5b10cec20d82bc28b14d1f8d,1,
CN_PENDING_PAGE_MANIFEST_0.1,LTMD-CN3-G1982-VP143,LTMD-CN3-G1982,H1982P3CI103,1982,3,143,179,143,https://historico.conaliteg.gob.mx/c/H1982P3CI103/143.jpg,0,0.798883,Q4,source_jpeg,1,200,image/jpeg,68177,be99db629e4296a11e1df4fd467fefc0a329f494472a10b5b80e1622860ea52c,1,
CN_PENDING_PAGE_MANIFEST_0.1,LTMD-CN3-G1982-VP144,LTMD-CN3-G1982,H1982P3CI103,1982,3,144,179,144,https://historico.conaliteg.gob.mx/c/H1982P3CI103/144.jpg,0,0.804469,Q4,source_jpeg,1,200,image/jpeg,58953,ab22dcef2f045049a9e3cfc3491c8c71e66810cc83907d3259879ce9d754feba,1,
CN_PENDING_PAGE_MANIFEST_0.1,LTMD-CN3-G1982-VP145,LTMD-CN3-G1982,H1982P3CI103,1982,3,145,179,145,https://historico.conaliteg.gob.mx/c/H1982P3CI103/145.jpg,0,0.810056,Q4,source_jpeg,1,200,image/jpeg,54086,5f56923d563a6d79f81bd9ae6205227ce9849bf40511b0042e5d7c15849bf35f,1,
CN_PENDING_PAGE_MANIFEST_0.1,LTMD-CN3-G1982-VP146,LTMD-CN3-G1982,H1982P3CI103,1982,3,146,179,146,https://historico.conaliteg.gob.mx/c/H1982P3CI103/146.jpg,0,0.815642,Q4,source_jpeg,1,200,image/jpeg,44092,e260211ca23d9377b6c5f3a735d9436913d6cc3292c636658c9731c43488fc9c,1,
CN_PENDING_PAGE_MANIFEST_0.1,LTMD-CN3-G1982-VP147,LTMD-CN3-G1982,H1982P3CI103,1982,3,147,179,147,https://historico.conaliteg.gob.mx/c/H1982P3CI103/147.jpg,0,0.821229,Q4,source_jpeg,1,200,image/jpeg,58425,b962cbdb14a03cf5de07241a8e65aad45a0d1fbd72400704123a81f1ab6704bc,1,
CN_PENDING_PAGE_MANIFEST_0.1,LTMD-CN3-G1982-VP148,LTMD-CN3-G1982,H1982P3CI103,1982,3,148,179,148,https://historico.conaliteg.gob.mx/c/H1982P3CI103/148.jpg,0,0.826816,Q4,source_jpeg,1,200,image/jpeg,63699,dde7ddbcab2b593694f983eab0010e63a87d2cc40a30e628006113f12747543a,1,
CN_PENDING_PAGE_MANIFEST_0.1,LTMD-CN3-G1982-VP149,LTMD-CN3-G1982,H1982P3CI103,1982,3,149,179,149,https://historico.conaliteg.gob.mx/c/H1982P3CI103/149.jpg,0,0.832402,Q4,source_jpeg,1,200,image/jpeg,58381,4fc8a44248eb2d7b96ad623bf55e29f6b0896d23c8f5d181a53d707e69360a1b,1,
CN_PENDING_PAGE_MANIFEST_0.1,LTMD-CN3-G1982-VP150,LTMD-CN3-G1982,H1982P3CI103,1982,3,150,179,150,https://historico.conaliteg.gob.mx/c/H1982P3CI103/150.jpg,0,0.837989,Q4,source_jpeg,1,200,image/jpeg,54751,54b13dcd52a96cb5338eee2ad388910de2974fda9b74a54a5483b4b86fe40ed5,1,
CN_PENDING_PAGE_MANIFEST_0.1,LTMD-CN3-G1982-VP151,LTMD-CN3-G1982,H1982P3CI103,1982,3,151,179,151,https://historico.conaliteg.gob.mx/c/H1982P3CI103/151.jpg,0,0.843575,Q4,source_jpeg,1,200,image/jpeg,49644,7dbcf24c0c1571bc9767d27f676dcb096172affb0e0e95a34ca3f0abc8360b7b,1,
CN_PENDING_PAGE_MANIFEST_0.1,LTMD-CN3-G1982-VP152,LTMD-CN3-G1982,H1982P3CI103,1982,3,152,179,152,https://historico.conaliteg.gob.mx/c/H1982P3CI103/152.jpg,0,0.849162,Q4,source_jpeg,1,200,image/jpeg,40817,376773980ec9db8b06a6c0749c0462248b80fa60089ebfe46a4cb87131898a05,1,
CN_PENDING_PAGE_MANIFEST_0.1,LTMD-CN3-G1982-VP153,LTMD-CN3-G1982,H1982P3CI103,1982,3,153,179,153,https://historico.conaliteg.gob.mx/c/H1982P3CI103/153.jpg,0,0.854749,Q4,source_jpeg,1,200,image/jpeg,38619,90c966501b9ae192ccef830f6b40a818eec717b8f4a5c5178f23e9d5a85012e0,1,
CN_PENDING_PAGE_MANIFEST_0.1,LTMD-CN3-G1982-VP154,LTMD-CN3-G1982,H1982P3CI103,1982,3,154,179,154,https://historico.conaliteg.gob.mx/c/H1982P3CI103/154.jpg,0,0.860335,Q4,source_jpeg,1,200,image/jpeg,59371,7db11c81db1ae97703d32c7f72da484aded7a3ff4d60787484dfd58d3eaf11c9,1,
CN_PENDING_PAGE_MANIFEST_0.1,LTMD-CN3-G1982-VP155,LTMD-CN3-G1982,H1982P3CI103,1982,3,155,179,155,https://historico.conaliteg.gob.mx/c/H1982P3CI103/155.jpg,0,0.865922,Q4,source_jpeg,1,200,image/jpeg,46719,4ec3e4069a9513eeef9e5b2d54b0be31286340e11b5cbe4a8220804f78f04ef2,1,
CN_PENDING_PAGE_MANIFEST_0.1,LTMD-CN3-G1982-VP156,LTMD-CN3-G1982,H1982P3CI103,1982,3,156,179,156,https://historico.conaliteg.gob.mx/c/H1982P3CI103/156.jpg,0,0.871508,Q4,source_jpeg,1,200,image/jpeg,59746,4c6e950cb3ff646f0973870ea40bd08968b87dcd06ec6d550191eaff1b3fe437,1,
CN_PENDING_PAGE_MANIFEST_0.1,LTMD-CN3-G1982-VP157,LTMD-CN3-G1982,H1982P3CI103,1982,3,157,179,157,https://historico.conaliteg.gob.mx/c/H1982P3CI103/157.jpg,0,0.877095,Q4,source_jpeg,1,200,image/jpeg,65528,9946ade574ecb3d0d80c1f13e783ed98996c54fbe1ac05865a54af07374c81f5,1,
CN_PENDING_PAGE_MANIFEST_0.1,LTMD-CN3-G1982-VP158,LTMD-CN3-G1982,H1982P3CI103,1982,3,158,179,158,https://historico.conaliteg.gob.mx/c/H1982P3CI103/158.jpg,0,0.882682,Q4,source_jpeg,1,200,image/jpeg,50175,de8889f89af31e18908a5e8d8f9565e2b4bff5b6c4f1982868bd18f87a1b6fa1,1,
CN_PENDING_PAGE_MANIFEST_0.1,LTMD-CN3-G1982-VP159,LTMD-CN3-G1982,H1982P3CI103,1982,3,159,179,159,https://historico.conaliteg.gob.mx/c/H1982P3CI103/159.jpg,0,0.888268,Q4,source_jpeg,1,200,image/jpeg,54286,b4cf8eb8b3af5c727a8fe8f9c0c757dc448855925b99f0c98f02ad2d6182baa3,1,
CN_PENDING_PAGE_MANIFEST_0.1,LTMD-CN3-G1982-VP160,LTMD-CN3-G1982,H1982P3CI103,1982,3,160,179,160,https://historico.conaliteg.gob.mx/c/H1982P3CI103/160.jpg,0,0.893855,Q4,source_jpeg,1,200,image/jpeg,44736,1a57d91903919b263869e3c379930d02292a06cac417f06f57a3f276f1d3ca29,1,
CN_PENDING_PAGE_MANIFEST_0.1,LTMD-CN3-G1982-VP161,LTMD-CN3-G1982,H1982P3CI103,1982,3,161,179,161,https://historico.conaliteg.gob.mx/c/H1982P3CI103/161.jpg,0,0.899441,Q4,source_jpeg,1,200,image/jpeg,42194,3886fecfc9c7e7588347b3797de4cdaba89e5d035b731fc490bb29559245e8b4,1,
CN_PENDING_PAGE_MANIFEST_0.1,LTMD-CN3-G1982-VP162,LTMD-CN3-G1982,H1982P3CI103,1982,3,162,179,162,https://historico.conaliteg.gob.mx/c/H1982P3CI103/162.jpg,0,0.905028,Q4,source_jpeg,1,200,image/jpeg,44861,9cb03657dc8cb2802fba68889bac37ea907a2f9973a059bd9b5199db6f386edc,1,
CN_PENDING_PAGE_MANIFEST_0.1,LTMD-CN3-G1982-VP163,LTMD-CN3-G1982,H1982P3CI103,1982,3,163,179,163,https://historico.conaliteg.gob.mx/c/H1982P3CI103/163.jpg,0,0.910615,Q4,source_jpeg,1,200,image/jpeg,37961,2da294d7a83d7e80cf1238acc40ad727e5678b1d30ce3bf76b87a6c6437bb89e,1,
CN_PENDING_PAGE_MANIFEST_0.1,LTMD-CN3-G1982-VP164,LTMD-CN3-G1982,H1982P3CI103,1982,3,164,179,164,https://historico.conaliteg.gob.mx/c/H1982P3CI103/164.jpg,0,0.916201,Q4,source_jpeg,1,200,image/jpeg,43443,83a167c7f011bad5575d4d8e8ae337422f04409dd9613a8fa05bed012cd4e0d3,1,
CN_PENDING_PAGE_MANIFEST_0.1,LTMD-CN3-G1982-VP165,LTMD-CN3-G1982,H1982P3CI103,1982,3,165,179,165,https://historico.conaliteg.gob.mx/c/H1982P3CI103/165.jpg,0,0.921788,Q4,source_jpeg,1,200,image/jpeg,37967,7900b95c55dbc9c3cbd127ce99dfb37646f205d7626525126e6040b61c3a7e38,1,
CN_PENDING_PAGE_MANIFEST_0.1,LTMD-CN3-G1982-VP166,LTMD-CN3-G1982,H1982P3CI103,1982,3,166,179,166,https://historico.conaliteg.gob.mx/c/H1982P3CI103/166.jpg,0,0.927374,Q4,source_jpeg,1,200,image/jpeg,49009,1fdd7897202f2c2e4476622069c17bb84c5291f32565f52fff6427fb5fcf64b7,1,
CN_PENDING_PAGE_MANIFEST_0.1,LTMD-CN3-G1982-VP167,LTMD-CN3-G1982,H1982P3CI103,1982,3,167,179,167,https://historico.conaliteg.gob.mx/c/H1982P3CI103/167.jpg,0,0.932961,Q4,source_jpeg,1,200,image/jpeg,53792,5579fb9e47fe2637bca01d0e72a938e28880b3e3914c1a90d9268d6a3892de01,1,
CN_PENDING_PAGE_MANIFEST_0.1,LTMD-CN3-G1982-VP168,LTMD-CN3-G1982,H1982P3CI103,1982,3,168,179,168,https://historico.conaliteg.gob.mx/c/H1982P3CI103/168.jpg,0,0.938547,Q4,source_jpeg,1,200,image/jpeg,56475,a7c4dd35cf357e91f731cfeaaba8fb158c2f98085f88ecd2760c8c5963e482e4,1,
CN_PENDING_PAGE_MANIFEST_0.1,LTMD-CN3-G1982-VP169,LTMD-CN3-G1982,H1982P3CI103,1982,3,169,179,169,https://historico.conaliteg.gob.mx/c/H1982P3CI103/169.jpg,0,0.944134,Q4,source_jpeg,1,200,image/jpeg,47817,0a89a83fb3f34fbb35320074849feb8022795d1b7a72c2bad4da2994e69d3e38,1,
CN_PENDING_PAGE_MANIFEST_0.1,LTMD-CN3-G1982-VP170,LTMD-CN3-G1982,H1982P3CI103,1982,3,170,179,170,https://historico.conaliteg.gob.mx/c/H1982P3CI103/170.jpg,0,0.949721,Q4,source_jpeg,1,200,image/jpeg,55101,5bb667aec6189eeda2e76b342be160198d07ebaf25ba91b78664fe548fefe892,1,
CN_PENDING_PAGE_MANIFEST_0.1,LTMD-CN3-G1982-VP171,LTMD-CN3-G1982,H1982P3CI103,1982,3,171,179,171,https://historico.conaliteg.gob.mx/c/H1982P3CI103/171.jpg,0,0.955307,Q4,source_jpeg,1,200,image/jpeg,54217,f74f6dc1d1f8f84865be4cc6fadb1a5ea06a35c32fa7307388e9fed71796b0c3,1,
CN_PENDING_PAGE_MANIFEST_0.1,LTMD-CN3-G1982-VP172,LTMD-CN3-G1982,H1982P3CI103,1982,3,172,179,172,https://historico.conaliteg.gob.mx/c/H1982P3CI103/172.jpg,0,0.960894,Q4,source_jpeg,1,200,image/jpeg,52507,e6c51fb97a84aeaa1b3ba3e1436741b823f7c61245f5a2d1703502300c46bd71,1,
CN_PENDING_PAGE_MANIFEST_0.1,LTMD-CN3-G1982-VP173,LTMD-CN3-G1982,H1982P3CI103,1982,3,173,179,173,https://historico.conaliteg.gob.mx/c/H1982P3CI103/173.jpg,0,0.966480,Q4,source_jpeg,1,200,image/jpeg,48297,aefe5123a30d93b5121846faed2f1848339a9f9a0d7372d381ae94a26441d1b1,1,
CN_PENDING_PAGE_MANIFEST_0.1,LTMD-CN3-G1982-VP174,LTMD-CN3-G1982,H1982P3CI103,1982,3,174,179,174,https://historico.conaliteg.gob.mx/c/H1982P3CI103/174.jpg,0,0.972067,Q4,source_jpeg,1,200,image/jpeg,48016,bcf7b945378b1a6c7d849f138e674515cab0b8326acf8fec82b03dac658f7a5a,1,
CN_PENDING_PAGE_MANIFEST_0.1,LTMD-CN3-G1982-VP175,LTMD-CN3-G1982,H1982P3CI103,1982,3,175,179,175,https://historico.conaliteg.gob.mx/c/H1982P3CI103/175.jpg,0,0.977654,Q4,source_jpeg,1,200,image/jpeg,54252,f566f3ca456c256511ae9ea3db8624fdfe4689793340dba64dbf3e047d50379a,1,
CN_PENDING_PAGE_MANIFEST_0.1,LTMD-CN3-G1982-VP176,LTMD-CN3-G1982,H1982P3CI103,1982,3,176,179,176,https://historico.conaliteg.gob.mx/c/H1982P3CI103/176.jpg,0,0.983240,Q4,source_jpeg,1,200,image/jpeg,18676,e676302d79b1651e4cd15aaf85219d8e244373eee47cd598c6692d37923d68a8,1,
CN_PENDING_PAGE_MANIFEST_0.1,LTMD-CN3-G1982-VP177,LTMD-CN3-G1982,H1982P3CI103,1982,3,177,179,177,https://historico.conaliteg.gob.mx/c/H1982P3CI103/177.jpg,0,0.988827,Q4,source_jpeg,1,200,image/jpeg,64578,673f6409b756b73ac77d3f90a195aab6ee4e920ef4a27598e1642d14899bae88,1,
CN_PENDING_PAGE_MANIFEST_0.1,LTMD-CN3-G1982-VP178,LTMD-CN3-G1982,H1982P3CI103,1982,3,178,179,178,https://historico.conaliteg.gob.mx/c/H1982P3CI103/178.jpg,0,0.994413,Q4,source_jpeg,1,200,image/jpeg,283976,c9fe057a95bc3db975c37ae1f8a4b95923850181911171deab10575c8de9f173,1,
CN_PENDING_PAGE_MANIFEST_0.1,LTMD-CN3-G1988-VP001,LTMD-CN3-G1988,H1988P3CI129,1988,3,1,179,0,https://historico.conaliteg.gob.mx/c/H1988P3CI129/000.jpg,0,0.005587,Q1,source_jpeg,1,200,image/jpeg,104965,21d54d1b335868428fce0c5d1504b117276be04ab0a5d28410752bf292119528,1,
CN_PENDING_PAGE_MANIFEST_0.1,LTMD-CN3-G1988-VP002,LTMD-CN3-G1988,H1988P3CI129,1988,3,2,179,2,https://historico.conaliteg.gob.mx/c/H1988P3CI129/002.jpg,0,0.011173,Q1,source_jpeg,1,200,image/jpeg,142564,ef863036b1bf271a66d7eab575d05f077d39a34bf971d81f65d19b24b782eea9,1,
CN_PENDING_PAGE_MANIFEST_0.1,LTMD-CN3-G1988-VP003,LTMD-CN3-G1988,H1988P3CI129,1988,3,3,179,3,https://historico.conaliteg.gob.mx/c/H1988P3CI129/003.jpg,0,0.016760,Q1,source_jpeg,1,200,image/jpeg,144176,f0a02550afe48068906fbd90294f3f5d13f7a310742701d6c15db362701fb08c,1,
CN_PENDING_PAGE_MANIFEST_0.1,LTMD-CN3-G1988-VP004,LTMD-CN3-G1988,H1988P3CI129,1988,3,4,179,4,https://historico.conaliteg.gob.mx/c/H1988P3CI129/004.jpg,0,0.022346,Q1,source_jpeg,1,200,image/jpeg,174217,5a07d18af9fd0739c3f14655ee1f501f1edde6fe2e56f32498032edce2fb9b8c,1,
CN_PENDING_PAGE_MANIFEST_0.1,LTMD-CN3-G1988-VP005,LTMD-CN3-G1988,H1988P3CI129,1988,3,5,179,5,https://historico.conaliteg.gob.mx/c/H1988P3CI129/005.jpg,0,0.027933,Q1,source_jpeg,1,200,image/jpeg,58932,55ddb52ae490479056f258cfff003d01ef73df11f928e7a2bce5c50a845c9cd4,1,
CN_PENDING_PAGE_MANIFEST_0.1,LTMD-CN3-G1988-VP006,LTMD-CN3-G1988,H1988P3CI129,1988,3,6,179,6,https://historico.conaliteg.gob.mx/c/H1988P3CI129/006.jpg,0,0.033520,Q1,source_jpeg,1,200,image/jpeg,133719,5425067ed8f3269a2ff5b00c2e51a627671bc0ced5cb29156ff361761165e28f,1,
CN_PENDING_PAGE_MANIFEST_0.1,LTMD-CN3-G1988-VP007,LTMD-CN3-G1988,H1988P3CI129,1988,3,7,179,7,https://historico.conaliteg.gob.mx/c/H1988P3CI129/007.jpg,0,0.039106,Q1,source_jpeg,1,200,image/jpeg,129282,1c6479f107a036097ffa5e8295df67031e750c639b0d34a1e324362ad5dcdb7f,1,
CN_PENDING_PAGE_MANIFEST_0.1,LTMD-CN3-G1988-VP008,LTMD-CN3-G1988,H1988P3CI129,1988,3,8,179,8,https://historico.conaliteg.gob.mx/c/H1988P3CI129/008.jpg,0,0.044693,Q1,source_jpeg,1,200,image/jpeg,137265,57b5d2f403c62876fa05b7f6aa9d29042159f6da767205eb65b0b52e6a418527,1,
CN_PENDING_PAGE_MANIFEST_0.1,LTMD-CN3-G1988-VP009,LTMD-CN3-G1988,H1988P3CI129,1988,3,9,179,9,https://historico.conaliteg.gob.mx/c/H1988P3CI129/009.jpg,0,0.050279,Q1,source_jpeg,1,200,image/jpeg,117388,aea3eb0e497a1dfae2d3b67fb65cfe59e0e86a26632be7adf205120bb38ae744,1,
CN_PENDING_PAGE_MANIFEST_0.1,LTMD-CN3-G1988-VP010,LTMD-CN3-G1988,H1988P3CI129,1988,3,10,179,10,https://historico.conaliteg.gob.mx/c/H1988P3CI129/010.jpg,0,0.055866,Q1,source_jpeg,1,200,image/jpeg,149245,0845f608e6929cadbc93818e9f54820731c99a0e58b586afb6f1d280924f40d0,1,
CN_PENDING_PAGE_MANIFEST_0.1,LTMD-CN3-G1988-VP011,LTMD-CN3-G1988,H1988P3CI129,1988,3,11,179,11,https://historico.conaliteg.gob.mx/c/H1988P3CI129/011.jpg,0,0.061453,Q1,source_jpeg,1,200,image/jpeg,129244,c32c125593e0ef334d7c09a69bbfacc72b0dc64af468926d077b4767fdef4083,1,
CN_PENDING_PAGE_MANIFEST_0.1,LTMD-CN3-G1988-VP012,LTMD-CN3-G1988,H1988P3CI129,1988,3,12,179,12,https://historico.conaliteg.gob.mx/c/H1988P3CI129/012.jpg,0,0.067039,Q1,source_jpeg,1,200,image/jpeg,163340,5c90dc4eebe9319ff92dd7280998c5b0877f703e56412b751a805ddad45f288c,1,
CN_PENDING_PAGE_MANIFEST_0.1,LTMD-CN3-G1988-VP013,LTMD-CN3-G1988,H1988P3CI129,1988,3,13,179,13,https://historico.conaliteg.gob.mx/c/H1988P3CI129/013.jpg,0,0.072626,Q1,source_jpeg,1,200,image/jpeg,141874,12fdaf6479d3f75418fbc7fbfb9f31638e94b569ef2efddd61a3e83ae7f52723,1,
CN_PENDING_PAGE_MANIFEST_0.1,LTMD-CN3-G1988-VP014,LTMD-CN3-G1988,H1988P3CI129,1988,3,14,179,14,https://historico.conaliteg.gob.mx/c/H1988P3CI129/014.jpg,0,0.078212,Q1,source_jpeg,1,200,image/jpeg,128021,832cde88f0d50ec8a30223d23982b940e6c00353ab0bdc4c7b6a781cba1ab721,1,
CN_PENDING_PAGE_MANIFEST_0.1,LTMD-CN3-G1988-VP015,LTMD-CN3-G1988,H1988P3CI129,1988,3,15,179,15,https://historico.conaliteg.gob.mx/c/H1988P3CI129/015.jpg,0,0.083799,Q1,source_jpeg,1,200,image/jpeg,113290,db0acb9fa5d553cd6ef1d7315e443b1d6586e6e8fc5cd389c8dbdf7bdaa6bd24,1,
CN_PENDING_PAGE_MANIFEST_0.1,LTMD-CN3-G1988-VP016,LTMD-CN3-G1988,H1988P3CI129,1988,3,16,179,16,https://historico.conaliteg.gob.mx/c/H1988P3CI129/016.jpg,0,0.089385,Q1,source_jpeg,1,200,image/jpeg,107002,f251cd0bad7deb9fdca742a6c6354f594e6ccf34a46a8d225834a3f713ab3851,1,
CN_PENDING_PAGE_MANIFEST_0.1,LTMD-CN3-G1988-VP017,LTMD-CN3-G1988,H1988P3CI129,1988,3,17,179,17,https://historico.conaliteg.gob.mx/c/H1988P3CI129/017.jpg,0,0.094972,Q1,source_jpeg,1,200,image/jpeg,110444,6f0930f102264b74c00d33553b2956a2dee64caae1c7f916aa88168916e2f7b6,1,
CN_PENDING_PAGE_MANIFEST_0.1,LTMD-CN3-G1988-VP018,LTMD-CN3-G1988,H1988P3CI129,1988,3,18,179,18,https://historico.conaliteg.gob.mx/c/H1988P3CI129/018.jpg,0,0.100559,Q1,source_jpeg,1,200,image/jpeg,111870,806cad90f569305ae352d21eca1f08f95df804ffe02be6e6eff46bc2fd592756,1,
CN_PENDING_PAGE_MANIFEST_0.1,LTMD-CN3-G1988-VP019,LTMD-CN3-G1988,H1988P3CI129,1988,3,19,179,19,https://historico.conaliteg.gob.mx/c/H1988P3CI129/019.jpg,0,0.106145,Q1,source_jpeg,1,200,image/jpeg,102040,130a9ceb7456dfe5f1fa624b70a77dcfe09bc98029e2f4dc7a0a26c93965a2f0,1,
CN_PENDING_PAGE_MANIFEST_0.1,LTMD-CN3-G1988-VP020,LTMD-CN3-G1988,H1988P3CI129,1988,3,20,179,20,https://historico.conaliteg.gob.mx/c/H1988P3CI129/020.jpg,0,0.111732,Q1,source_jpeg,1,200,image/jpeg,125911,b152b3249fbe94ce5b8e07b552fc28823f955ad38535ea37d2959732012c36e5,1,
CN_PENDING_PAGE_MANIFEST_0.1,LTMD-CN3-G1988-VP021,LTMD-CN3-G1988,H1988P3CI129,1988,3,21,179,21,https://historico.conaliteg.gob.mx/c/H1988P3CI129/021.jpg,0,0.117318,Q1,source_jpeg,1,200,image/jpeg,112966,cd4949e02523caf10dbe2ef0b2f9bd14b873fc00c225dae6017f6d130ad6b74b,1,
CN_PENDING_PAGE_MANIFEST_0.1,LTMD-CN3-G1988-VP022,LTMD-CN3-G1988,H1988P3CI129,1988,3,22,179,22,https://historico.conaliteg.gob.mx/c/H1988P3CI129/022.jpg,0,0.122905,Q1,source_jpeg,1,200,image/jpeg,126167,611c371aa8bd529df4240685da897c5cb7271125642ca9e2fd3faa7e25285a82,1,
CN_PENDING_PAGE_MANIFEST_0.1,LTMD-CN3-G1988-VP023,LTMD-CN3-G1988,H1988P3CI129,1988,3,23,179,23,https://historico.conaliteg.gob.mx/c/H1988P3CI129/023.jpg,0,0.128492,Q1,source_jpeg,1,200,image/jpeg,130533,1cf987336301a4c44d54bcd4006ef17669e1b2f296dcb8b463cc57e484ed7d21,1,
CN_PENDING_PAGE_MANIFEST_0.1,LTMD-CN3-G1988-VP024,LTMD-CN3-G1988,H1988P3CI129,1988,3,24,179,24,https://historico.conaliteg.gob.mx/c/H1988P3CI129/024.jpg,0,0.134078,Q1,source_jpeg,1,200,image/jpeg,157152,e4ea92e1efd78998c4786d3e254acdc8f1b7b32914c6dd40c094febd072395c7,1,
CN_PENDING_PAGE_MANIFEST_0.1,LTMD-CN3-G1988-VP025,LTMD-CN3-G1988,H1988P3CI129,1988,3,25,179,25,https://historico.conaliteg.gob.mx/c/H1988P3CI129/025.jpg,0,0.139665,Q1,source_jpeg,1,200,image/jpeg,128994,d9e76ecce23d78a90627641d890b7036b97b562b37600768cf90925ca6c7adea,1,
CN_PENDING_PAGE_MANIFEST_0.1,LTMD-CN3-G1988-VP026,LTMD-CN3-G1988,H1988P3CI129,1988,3,26,179,26,https://historico.conaliteg.gob.mx/c/H1988P3CI129/026.jpg,0,0.145251,Q1,source_jpeg,1,200,image/jpeg,78130,b5d1e3fe9c5584e0a590e4d5283ce8cd601c4533556541ca77196ffa90f9251a,1,
CN_PENDING_PAGE_MANIFEST_0.1,LTMD-CN3-G1988-VP027,LTMD-CN3-G1988,H1988P3CI129,1988,3,27,179,27,https://historico.conaliteg.gob.mx/c/H1988P3CI129/027.jpg,0,0.150838,Q1,source_jpeg,1,200,image/jpeg,99148,e5fe6983ce9e817a97840be909ce8ae1ac9dbdc74a21d89a748ff0d54dca8da4,1,
CN_PENDING_PAGE_MANIFEST_0.1,LTMD-CN3-G1988-VP028,LTMD-CN3-G1988,H1988P3CI129,1988,3,28,179,28,https://historico.conaliteg.gob.mx/c/H1988P3CI129/028.jpg,0,0.156425,Q1,source_jpeg,1,200,image/jpeg,119451,d39802b70b95e537dc6ad1ec169dc7355432d2b5563dc5c21ec3f76f5ed8b5c8,1,
CN_PENDING_PAGE_MANIFEST_0.1,LTMD-CN3-G1988-VP029,LTMD-CN3-G1988,H1988P3CI129,1988,3,29,179,29,https://historico.conaliteg.gob.mx/c/H1988P3CI129/029.jpg,0,0.162011,Q1,source_jpeg,1,200,image/jpeg,116383,397ffbc2db757e715ce9b023d098559bcd99171bb4afe924c8f25f6c5c830cc8,1,
CN_PENDING_PAGE_MANIFEST_0.1,LTMD-CN3-G1988-VP030,LTMD-CN3-G1988,H1988P3CI129,1988,3,30,179,30,https://historico.conaliteg.gob.mx/c/H1988P3CI129/030.jpg,0,0.167598,Q1,source_jpeg,1,200,image/jpeg,125391,b1261535841ae5d22dc092dfb6d6136aba1dc591adc505efb8474747b13825f7,1,
CN_PENDING_PAGE_MANIFEST_0.1,LTMD-CN3-G1988-VP031,LTMD-CN3-G1988,H1988P3CI129,1988,3,31,179,31,https://historico.conaliteg.gob.mx/c/H1988P3CI129/031.jpg,0,0.173184,Q1,source_jpeg,1,200,image/jpeg,135392,458463308e7347ffe4b26003822cb41aa00f56ced6634d117392f749511d3116,1,
CN_PENDING_PAGE_MANIFEST_0.1,LTMD-CN3-G1988-VP032,LTMD-CN3-G1988,H1988P3CI129,1988,3,32,179,32,https://historico.conaliteg.gob.mx/c/H1988P3CI129/032.jpg,0,0.178771,Q1,source_jpeg,1,200,image/jpeg,174837,764fc99feb2400cddd1f5ab587fab34852ff1e4da39b5cc459efc46f8c7abffd,1,
CN_PENDING_PAGE_MANIFEST_0.1,LTMD-CN3-G1988-VP033,LTMD-CN3-G1988,H1988P3CI129,1988,3,33,179,33,https://historico.conaliteg.gob.mx/c/H1988P3CI129/033.jpg,0,0.184358,Q1,source_jpeg,1,200,image/jpeg,136042,6574024bfbc88a4586a151ec4eab9eeded44b67378460c9b6e4299de3db79bd8,1,
CN_PENDING_PAGE_MANIFEST_0.1,LTMD-CN3-G1988-VP034,LTMD-CN3-G1988,H1988P3CI129,1988,3,34,179,34,https://historico.conaliteg.gob.mx/c/H1988P3CI129/034.jpg,0,0.189944,Q1,source_jpeg,1,200,image/jpeg,198285,74ab05d181ca8fd1b8b7ca937d79fbcdd39a102229af996540a2a3f1ebb9a0b7,1,
CN_PENDING_PAGE_MANIFEST_0.1,LTMD-CN3-G1988-VP035,LTMD-CN3-G1988,H1988P3CI129,1988,3,35,179,35,https://historico.conaliteg.gob.mx/c/H1988P3CI129/035.jpg,0,0.195531,Q1,source_jpeg,1,200,image/jpeg,132003,97d159a0fe0e00fd62ba3bdd25e0895ca7a2b616db5af62b7178c6fecaf0d02a,1,
CN_PENDING_PAGE_MANIFEST_0.1,LTMD-CN3-G1988-VP036,LTMD-CN3-G1988,H1988P3CI129,1988,3,36,179,36,https://historico.conaliteg.gob.mx/c/H1988P3CI129/036.jpg,0,0.201117,Q1,source_jpeg,1,200,image/jpeg,168757,ec57a4e362423361e9a8dc81d008276fbaee556f8cd94b029d7d2b1c171b1cef,1,
CN_PENDING_PAGE_MANIFEST_0.1,LTMD-CN3-G1988-VP037,LTMD-CN3-G1988,H1988P3CI129,1988,3,37,179,37,https://historico.conaliteg.gob.mx/c/H1988P3CI129/037.jpg,0,0.206704,Q1,source_jpeg,1,200,image/jpeg,112528,d516b3cd98486b4184e3faa6312a1c4ccfc35b327b0a70dcf135ad069fbcd267,1,
CN_PENDING_PAGE_MANIFEST_0.1,LTMD-CN3-G1988-VP038,LTMD-CN3-G1988,H1988P3CI129,1988,3,38,179,38,https://historico.conaliteg.gob.mx/c/H1988P3CI129/038.jpg,0,0.212291,Q1,source_jpeg,1,200,image/jpeg,92232,c79e5aadfc8fcdac234d4ba73e31b9d6c519715caa6b0b88517c5550537e0407,1,
CN_PENDING_PAGE_MANIFEST_0.1,LTMD-CN3-G1988-VP039,LTMD-CN3-G1988,H1988P3CI129,1988,3,39,179,39,https://historico.conaliteg.gob.mx/c/H1988P3CI129/039.jpg,0,0.217877,Q1,source_jpeg,1,200,image/jpeg,85892,287254645f8d46df9eba5b8674207b06e23656ce3f605d01b08b4f8bb1884fb4,1,
CN_PENDING_PAGE_MANIFEST_0.1,LTMD-CN3-G1988-VP040,LTMD-CN3-G1988,H1988P3CI129,1988,3,40,179,40,https://historico.conaliteg.gob.mx/c/H1988P3CI129/040.jpg,0,0.223464,Q1,source_jpeg,1,200,image/jpeg,85515,3fff25a70f40ac44140a918191e7ed738575b813221d984ef7aff9ebf2322369,1,
CN_PENDING_PAGE_MANIFEST_0.1,LTMD-CN3-G1988-VP041,LTMD-CN3-G1988,H1988P3CI129,1988,3,41,179,41,https://historico.conaliteg.gob.mx/c/H1988P3CI129/041.jpg,0,0.229050,Q1,source_jpeg,1,200,image/jpeg,142446,54ba4ca54563920a25acbc6af478e7d0e70a8e3564af9c6e43669c6ee9ded520,1,
CN_PENDING_PAGE_MANIFEST_0.1,LTMD-CN3-G1988-VP042,LTMD-CN3-G1988,H1988P3CI129,1988,3,42,179,42,https://historico.conaliteg.gob.mx/c/H1988P3CI129/042.jpg,0,0.234637,Q1,source_jpeg,1,200,image/jpeg,137076,a2c21730c099108c720c5b37e0f883e23cf90f56a2ee5752a4ba8ad717d9dc4f,1,
CN_PENDING_PAGE_MANIFEST_0.1,LTMD-CN3-G1988-VP043,LTMD-CN3-G1988,H1988P3CI129,1988,3,43,179,43,https://historico.conaliteg.gob.mx/c/H1988P3CI129/043.jpg,0,0.240223,Q1,source_jpeg,1,200,image/jpeg,108655,4a972d0ce612d8a1f4dec7c04aeee4f1fe03a1b883464587ed629be7b55fea6c,1,
CN_PENDING_PAGE_MANIFEST_0.1,LTMD-CN3-G1988-VP044,LTMD-CN3-G1988,H1988P3CI129,1988,3,44,179,44,https://historico.conaliteg.gob.mx/c/H1988P3CI129/044.jpg,0,0.245810,Q1,source_jpeg,1,200,image/jpeg,120228,df2a616292fa0913545670ac3bbec3d3087ec11445cb2322cb04a6622790aadd,1,
CN_PENDING_PAGE_MANIFEST_0.1,LTMD-CN3-G1988-VP045,LTMD-CN3-G1988,H1988P3CI129,1988,3,45,179,45,https://historico.conaliteg.gob.mx/c/H1988P3CI129/045.jpg,0,0.251397,Q2,source_jpeg,1,200,image/jpeg,92798,3b78a20e17988005269579e38886f1b1e828a3abba0508e7edd6c3ddc229a7f4,1,
CN_PENDING_PAGE_MANIFEST_0.1,LTMD-CN3-G1988-VP046,LTMD-CN3-G1988,H1988P3CI129,1988,3,46,179,46,https://historico.conaliteg.gob.mx/c/H1988P3CI129/046.jpg,0,0.256983,Q2,source_jpeg,1,200,image/jpeg,90789,e14fedfdd74029ec374a7e43c0b220aee3096e58862edd4fcd615a82103d7b07,1,
CN_PENDING_PAGE_MANIFEST_0.1,LTMD-CN3-G1988-VP047,LTMD-CN3-G1988,H1988P3CI129,1988,3,47,179,47,https://historico.conaliteg.gob.mx/c/H1988P3CI129/047.jpg,0,0.262570,Q2,source_jpeg,1,200,image/jpeg,121785,ea39d0e2db809e4764bd759aaf584af17ca2abefa559ead158ddb3bd2c1f5e8d,1,
CN_PENDING_PAGE_MANIFEST_0.1,LTMD-CN3-G1988-VP048,LTMD-CN3-G1988,H1988P3CI129,1988,3,48,179,48,https://historico.conaliteg.gob.mx/c/H1988P3CI129/048.jpg,0,0.268156,Q2,source_jpeg,1,200,image/jpeg,127081,f13b0ebf97c84ecc918b68e78d21cb0bfdc5c905d18df43479b0076c6f8f52d6,1,
CN_PENDING_PAGE_MANIFEST_0.1,LTMD-CN3-G1988-VP049,LTMD-CN3-G1988,H1988P3CI129,1988,3,49,179,49,https://historico.conaliteg.gob.mx/c/H1988P3CI129/049.jpg,0,0.273743,Q2,source_jpeg,1,200,image/jpeg,143372,1afde161c8d531ac83c5b178fd6a0aa2719e0a479d20b8c0ec66cd7e702a6986,1,
CN_PENDING_PAGE_MANIFEST_0.1,LTMD-CN3-G1988-VP050,LTMD-CN3-G1988,H1988P3CI129,1988,3,50,179,50,https://historico.conaliteg.gob.mx/c/H1988P3CI129/050.jpg,0,0.279330,Q2,source_jpeg,1,200,image/jpeg,145233,5b1ece124fbb3c71e8a777fc453900483c6d21114f3e9190f68543a9442f488a,1,
CN_PENDING_PAGE_MANIFEST_0.1,LTMD-CN3-G1988-VP051,LTMD-CN3-G1988,H1988P3CI129,1988,3,51,179,51,https://historico.conaliteg.gob.mx/c/H1988P3CI129/051.jpg,0,0.284916,Q2,source_jpeg,1,200,image/jpeg,138848,a7127db32739f5cc59655894cb173de0170d56ec8415795475a1ef29b50e9fcd,1,
CN_PENDING_PAGE_MANIFEST_0.1,LTMD-CN3-G1988-VP052,LTMD-CN3-G1988,H1988P3CI129,1988,3,52,179,52,https://historico.conaliteg.gob.mx/c/H1988P3CI129/052.jpg,0,0.290503,Q2,source_jpeg,1,200,image/jpeg,167016,ad8d7ea36f1a9307c48160dcb4381f6139fdf97c50b1e50490b5fa639452668d,1,
CN_PENDING_PAGE_MANIFEST_0.1,LTMD-CN3-G1988-VP053,LTMD-CN3-G1988,H1988P3CI129,1988,3,53,179,53,https://historico.conaliteg.gob.mx/c/H1988P3CI129/053.jpg,0,0.296089,Q2,source_jpeg,1,200,image/jpeg,137799,b2a740c089539bec0d3941226e031b95ea0a81ece3664e3e75da8200e0837b82,1,
CN_PENDING_PAGE_MANIFEST_0.1,LTMD-CN3-G1988-VP054,LTMD-CN3-G1988,H1988P3CI129,1988,3,54,179,54,https://historico.conaliteg.gob.mx/c/H1988P3CI129/054.jpg,0,0.301676,Q2,source_jpeg,1,200,image/jpeg,121595,b8d3815293c3ca9fac2243a1e5ca5ec565fb582f13694ceaca663b54509f23dd,1,
CN_PENDING_PAGE_MANIFEST_0.1,LTMD-CN3-G1988-VP055,LTMD-CN3-G1988,H1988P3CI129,1988,3,55,179,55,https://historico.conaliteg.gob.mx/c/H1988P3CI129/055.jpg,0,0.307263,Q2,source_jpeg,1,200,image/jpeg,100711,74248dd1acc55c135ae3abe81ce84850df3b99725399b03ecee5a38800f79444,1,
CN_PENDING_PAGE_MANIFEST_0.1,LTMD-CN3-G1988-VP056,LTMD-CN3-G1988,H1988P3CI129,1988,3,56,179,56,https://historico.conaliteg.gob.mx/c/H1988P3CI129/056.jpg,0,0.312849,Q2,source_jpeg,1,200,image/jpeg,138410,2ffb708fde20c64c841b4d3d6e3d82d783748cb89fc480b9d92e22d746abdfb3,1,
CN_PENDING_PAGE_MANIFEST_0.1,LTMD-CN3-G1988-VP057,LTMD-CN3-G1988,H1988P3CI129,1988,3,57,179,57,https://historico.conaliteg.gob.mx/c/H1988P3CI129/057.jpg,0,0.318436,Q2,source_jpeg,1,200,image/jpeg,123843,e818b46196fe8fcbffe842984303b8d7c011b25ab940f07f797a20777b246d30,1,
CN_PENDING_PAGE_MANIFEST_0.1,LTMD-CN3-G1988-VP058,LTMD-CN3-G1988,H1988P3CI129,1988,3,58,179,58,https://historico.conaliteg.gob.mx/c/H1988P3CI129/058.jpg,0,0.324022,Q2,source_jpeg,1,200,image/jpeg,130319,8b8fa1897ab23f0f287253e3cacd883c329b999e6859a3c83b9137b1c93bde17,1,
CN_PENDING_PAGE_MANIFEST_0.1,LTMD-CN3-G1988-VP059,LTMD-CN3-G1988,H1988P3CI129,1988,3,59,179,59,https://historico.conaliteg.gob.mx/c/H1988P3CI129/059.jpg,0,0.329609,Q2,source_jpeg,1,200,image/jpeg,109583,ffe41925df9a8026354de056387ddc2185071f10fba3ddf74bea0087b328d90b,1,
CN_PENDING_PAGE_MANIFEST_0.1,LTMD-CN3-G1988-VP060,LTMD-CN3-G1988,H1988P3CI129,1988,3,60,179,60,https://historico.conaliteg.gob.mx/c/H1988P3CI129/060.jpg,0,0.335196,Q2,source_jpeg,1,200,image/jpeg,117741,346b5ffa89c948c13fd7c26dcf5a5b135d2343bca2753e33733ebbe5e3dcfd42,1,
CN_PENDING_PAGE_MANIFEST_0.1,LTMD-CN3-G1988-VP061,LTMD-CN3-G1988,H1988P3CI129,1988,3,61,179,61,https://historico.conaliteg.gob.mx/c/H1988P3CI129/061.jpg,0,0.340782,Q2,source_jpeg,1,200,image/jpeg,123239,07fdb5abee5afd2797049470532799485d3a01c065714c4736d3dc848ac694ef,1,
CN_PENDING_PAGE_MANIFEST_0.1,LTMD-CN3-G1988-VP062,LTMD-CN3-G1988,H1988P3CI129,1988,3,62,179,62,https://historico.conaliteg.gob.mx/c/H1988P3CI129/062.jpg,0,0.346369,Q2,source_jpeg,1,200,image/jpeg,119901,86b90e5b2697888383481c38df7d26f74722bcbdf280fd41c86c71329838dfd5,1,
CN_PENDING_PAGE_MANIFEST_0.1,LTMD-CN3-G1988-VP063,LTMD-CN3-G1988,H1988P3CI129,1988,3,63,179,63,https://historico.conaliteg.gob.mx/c/H1988P3CI129/063.jpg,0,0.351955,Q2,source_jpeg,1,200,image/jpeg,169728,cd94abd1043bd45f1d9e0b988508bbb1a7b5f17b5469c1e561b27bb7d3a96af3,1,
CN_PENDING_PAGE_MANIFEST_0.1,LTMD-CN3-G1988-VP064,LTMD-CN3-G1988,H1988P3CI129,1988,3,64,179,64,https://historico.conaliteg.gob.mx/c/H1988P3CI129/064.jpg,0,0.357542,Q2,source_jpeg,1,200,image/jpeg,121548,745c6623a648ffc0143f74e3033f4ac96cbc806677653724bcf282d9b5ee484a,1,
CN_PENDING_PAGE_MANIFEST_0.1,LTMD-CN3-G1988-VP065,LTMD-CN3-G1988,H1988P3CI129,1988,3,65,179,65,https://historico.conaliteg.gob.mx/c/H1988P3CI129/065.jpg,0,0.363128,Q2,source_jpeg,1,200,image/jpeg,118894,95cfa33cc1f3f80e9f11cc1f44afcbb5ab595ce1f96435771168102cf0945cdf,1,
CN_PENDING_PAGE_MANIFEST_0.1,LTMD-CN3-G1988-VP066,LTMD-CN3-G1988,H1988P3CI129,1988,3,66,179,66,https://historico.conaliteg.gob.mx/c/H1988P3CI129/066.jpg,0,0.368715,Q2,source_jpeg,1,200,image/jpeg,141429,4c2043f3a03a3dca98054701d5bffb00fe4d26eee7d8ad420851c733cf18b5bd,1,
CN_PENDING_PAGE_MANIFEST_0.1,LTMD-CN3-G1988-VP067,LTMD-CN3-G1988,H1988P3CI129,1988,3,67,179,67,https://historico.conaliteg.gob.mx/c/H1988P3CI129/067.jpg,0,0.374302,Q2,source_jpeg,1,200,image/jpeg,105578,20fd33dbfb1e9f6dbce19ea677f786c7c6602942a3f52d47b331426995168abb,1,
CN_PENDING_PAGE_MANIFEST_0.1,LTMD-CN3-G1988-VP068,LTMD-CN3-G1988,H1988P3CI129,1988,3,68,179,68,https://historico.conaliteg.gob.mx/c/H1988P3CI129/068.jpg,0,0.379888,Q2,source_jpeg,1,200,image/jpeg,165787,a2aefba241ef3b8e93a919ce21af6ebcb98f43df8b8cd00da3f47c1c4eb194b4,1,
CN_PENDING_PAGE_MANIFEST_0.1,LTMD-CN3-G1988-VP069,LTMD-CN3-G1988,H1988P3CI129,1988,3,69,179,69,https://historico.conaliteg.gob.mx/c/H1988P3CI129/069.jpg,0,0.385475,Q2,source_jpeg,1,200,image/jpeg,131391,65033bf0fdf8c480411c8312cc0a9274f35e8edc3ec0eccdf266b77cf5c3fe24,1,
CN_PENDING_PAGE_MANIFEST_0.1,LTMD-CN3-G1988-VP070,LTMD-CN3-G1988,H1988P3CI129,1988,3,70,179,70,https://historico.conaliteg.gob.mx/c/H1988P3CI129/070.jpg,0,0.391061,Q2,source_jpeg,1,200,image/jpeg,94697,b0eeefcd0742d3ef6ff552dd98c3159355550597f7350c837f4e2963ecea517d,1,
CN_PENDING_PAGE_MANIFEST_0.1,LTMD-CN3-G1988-VP071,LTMD-CN3-G1988,H1988P3CI129,1988,3,71,179,71,https://historico.conaliteg.gob.mx/c/H1988P3CI129/071.jpg,0,0.396648,Q2,source_jpeg,1,200,image/jpeg,121416,5be271949075fa1ec3d2465d3678be1b0231191ff13505d242b2f8aa87414e95,1,
CN_PENDING_PAGE_MANIFEST_0.1,LTMD-CN3-G1988-VP072,LTMD-CN3-G1988,H1988P3CI129,1988,3,72,179,72,https://historico.conaliteg.gob.mx/c/H1988P3CI129/072.jpg,0,0.402235,Q2,source_jpeg,1,200,image/jpeg,132667,233683eccb428335fa9bb1a934c22b1abe3f13a89c3e84ac945ca6dfe1547f17,1,
CN_PENDING_PAGE_MANIFEST_0.1,LTMD-CN3-G1988-VP073,LTMD-CN3-G1988,H1988P3CI129,1988,3,73,179,73,https://historico.conaliteg.gob.mx/c/H1988P3CI129/073.jpg,0,0.407821,Q2,source_jpeg,1,200,image/jpeg,123585,18120c4ceee2c3391320df55de841292a1ed711586fdb9400d23d14687ff715a,1,
CN_PENDING_PAGE_MANIFEST_0.1,LTMD-CN3-G1988-VP074,LTMD-CN3-G1988,H1988P3CI129,1988,3,74,179,74,https://historico.conaliteg.gob.mx/c/H1988P3CI129/074.jpg,0,0.413408,Q2,source_jpeg,1,200,image/jpeg,100695,aaf1dfd77eeef389902278d5f8c671cae462dec01c1208dc04adb66c326aade2,1,
CN_PENDING_PAGE_MANIFEST_0.1,LTMD-CN3-G1988-VP075,LTMD-CN3-G1988,H1988P3CI129,1988,3,75,179,75,https://historico.conaliteg.gob.mx/c/H1988P3CI129/075.jpg,0,0.418994,Q2,source_jpeg,1,200,image/jpeg,100254,883ec0d58f000645c68999b6fd5838a0ee259cba9d400d2b62d5be7769ad9bdf,1,
CN_PENDING_PAGE_MANIFEST_0.1,LTMD-CN3-G1988-VP076,LTMD-CN3-G1988,H1988P3CI129,1988,3,76,179,76,https://historico.conaliteg.gob.mx/c/H1988P3CI129/076.jpg,0,0.424581,Q2,source_jpeg,1,200,image/jpeg,105565,036e38b8ed3841c62032b7773886a27b26e0b951302ce263b3424b7f5000ce4a,1,
CN_PENDING_PAGE_MANIFEST_0.1,LTMD-CN3-G1988-VP077,LTMD-CN3-G1988,H1988P3CI129,1988,3,77,179,77,https://historico.conaliteg.gob.mx/c/H1988P3CI129/077.jpg,0,0.430168,Q2,source_jpeg,1,200,image/jpeg,112261,fdadc8082f86ef29acd3012d71ad96ab8ad372295e21167289532cbe65282a48,1,
CN_PENDING_PAGE_MANIFEST_0.1,LTMD-CN3-G1988-VP078,LTMD-CN3-G1988,H1988P3CI129,1988,3,78,179,78,https://historico.conaliteg.gob.mx/c/H1988P3CI129/078.jpg,0,0.435754,Q2,source_jpeg,1,200,image/jpeg,146837,96ab5681ce45b9d6723f2fb66d16ee2446946281b59447708f8a6fb8c82b78ad,1,
CN_PENDING_PAGE_MANIFEST_0.1,LTMD-CN3-G1988-VP079,LTMD-CN3-G1988,H1988P3CI129,1988,3,79,179,79,https://historico.conaliteg.gob.mx/c/H1988P3CI129/079.jpg,0,0.441341,Q2,source_jpeg,1,200,image/jpeg,113827,45570c8a0989b46a4ea42209c51fc02ddfb34a82b3ef43ce47a78dae4fee6fd6,1,
CN_PENDING_PAGE_MANIFEST_0.1,LTMD-CN3-G1988-VP080,LTMD-CN3-G1988,H1988P3CI129,1988,3,80,179,80,https://historico.conaliteg.gob.mx/c/H1988P3CI129/080.jpg,0,0.446927,Q2,source_jpeg,1,200,image/jpeg,122202,d6a305b3dfab124cc7e715865cb21f3eb8bee2e9ca561f61b2b88beb30d1e8d2,1,
CN_PENDING_PAGE_MANIFEST_0.1,LTMD-CN3-G1988-VP081,LTMD-CN3-G1988,H1988P3CI129,1988,3,81,179,81,https://historico.conaliteg.gob.mx/c/H1988P3CI129/081.jpg,0,0.452514,Q2,source_jpeg,1,200,image/jpeg,134736,714f3d0af2aff7f2f8f565269cd13b3319a28c642574164bee20b2fe6b4a9adb,1,
CN_PENDING_PAGE_MANIFEST_0.1,LTMD-CN3-G1988-VP082,LTMD-CN3-G1988,H1988P3CI129,1988,3,82,179,82,https://historico.conaliteg.gob.mx/c/H1988P3CI129/082.jpg,0,0.458101,Q2,source_jpeg,1,200,image/jpeg,110755,c95501709d163be7e6fbd41819d27e0608035756f9d2136cc10b455108f5ec30,1,
CN_PENDING_PAGE_MANIFEST_0.1,LTMD-CN3-G1988-VP083,LTMD-CN3-G1988,H1988P3CI129,1988,3,83,179,83,https://historico.conaliteg.gob.mx/c/H1988P3CI129/083.jpg,0,0.463687,Q2,source_jpeg,1,200,image/jpeg,102179,e9bdde9db3e77bd9651f04bbe0bc030d26a497bee328ae0e45a7090c7466848f,1,
CN_PENDING_PAGE_MANIFEST_0.1,LTMD-CN3-G1988-VP084,LTMD-CN3-G1988,H1988P3CI129,1988,3,84,179,84,https://historico.conaliteg.gob.mx/c/H1988P3CI129/084.jpg,0,0.469274,Q2,source_jpeg,1,200,image/jpeg,114946,647cd7d7c28d27e87fb20aab36446f9146784746687ec7fe86c20f5a9a1ff685,1,
CN_PENDING_PAGE_MANIFEST_0.1,LTMD-CN3-G1988-VP085,LTMD-CN3-G1988,H1988P3CI129,1988,3,85,179,85,https://historico.conaliteg.gob.mx/c/H1988P3CI129/085.jpg,0,0.474860,Q2,source_jpeg,1,200,image/jpeg,156896,c70eed4fcea632b6c9ab348fb01e29863c25030d16b59b4a0f30ede83707092e,1,
CN_PENDING_PAGE_MANIFEST_0.1,LTMD-CN3-G1988-VP086,LTMD-CN3-G1988,H1988P3CI129,1988,3,86,179,86,https://historico.conaliteg.gob.mx/c/H1988P3CI129/086.jpg,0,0.480447,Q2,source_jpeg,1,200,image/jpeg,178409,4a296e87e794893a2f9f49057e7b3f0c31442d0679ab20a2449f037f7f2b2cef,1,
CN_PENDING_PAGE_MANIFEST_0.1,LTMD-CN3-G1988-VP087,LTMD-CN3-G1988,H1988P3CI129,1988,3,87,179,87,https://historico.conaliteg.gob.mx/c/H1988P3CI129/087.jpg,0,0.486034,Q2,source_jpeg,1,200,image/jpeg,166310,78f61635ac023fc984e9ccb6693e25f4929c515c77e9a97b76e0db2c11c1b2ca,1,
CN_PENDING_PAGE_MANIFEST_0.1,LTMD-CN3-G1988-VP088,LTMD-CN3-G1988,H1988P3CI129,1988,3,88,179,88,https://historico.conaliteg.gob.mx/c/H1988P3CI129/088.jpg,0,0.491620,Q2,source_jpeg,1,200,image/jpeg,150288,ea2d8ca765e27df8423ef573819dd1172500cc01350c147e33b7734eb83a4e18,1,
CN_PENDING_PAGE_MANIFEST_0.1,LTMD-CN3-G1988-VP089,LTMD-CN3-G1988,H1988P3CI129,1988,3,89,179,89,https://historico.conaliteg.gob.mx/c/H1988P3CI129/089.jpg,0,0.497207,Q2,source_jpeg,1,200,image/jpeg,162767,43ca78b65b2a523849905ee7c4125359f86e739a7d815f627362af0499beb916,1,
CN_PENDING_PAGE_MANIFEST_0.1,LTMD-CN3-G1988-VP090,LTMD-CN3-G1988,H1988P3CI129,1988,3,90,179,90,https://historico.conaliteg.gob.mx/c/H1988P3CI129/090.jpg,0,0.502793,Q3,source_jpeg,1,200,image/jpeg,85405,dbb096471899eb0f9063e645dcbfba90e68abab3d46d3bd344064ae8b081d03d,1,
CN_PENDING_PAGE_MANIFEST_0.1,LTMD-CN3-G1988-VP091,LTMD-CN3-G1988,H1988P3CI129,1988,3,91,179,91,https://historico.conaliteg.gob.mx/c/H1988P3CI129/091.jpg,0,0.508380,Q3,source_jpeg,1,200,image/jpeg,96550,4ff301c7fadac8c39e87abebedb4a80bf9e6c10f6a5c0ceeb4b675ce781a1330,1,
CN_PENDING_PAGE_MANIFEST_0.1,LTMD-CN3-G1988-VP092,LTMD-CN3-G1988,H1988P3CI129,1988,3,92,179,92,https://historico.conaliteg.gob.mx/c/H1988P3CI129/092.jpg,0,0.513966,Q3,source_jpeg,1,200,image/jpeg,120844,7d6bff992ef2b593efc203619142471e548f89ecbcec52927f20d594607227d5,1,
CN_PENDING_PAGE_MANIFEST_0.1,LTMD-CN3-G1988-VP093,LTMD-CN3-G1988,H1988P3CI129,1988,3,93,179,93,https://historico.conaliteg.gob.mx/c/H1988P3CI129/093.jpg,0,0.519553,Q3,source_jpeg,1,200,image/jpeg,101395,1a516f6d8114923a82d2b701f611f868f4ac7743e36075062b2aaeeb47cc4f1e,1,
CN_PENDING_PAGE_MANIFEST_0.1,LTMD-CN3-G1988-VP094,LTMD-CN3-G1988,H1988P3CI129,1988,3,94,179,94,https://historico.conaliteg.gob.mx/c/H1988P3CI129/094.jpg,0,0.525140,Q3,source_jpeg,1,200,image/jpeg,107692,f5a324e2a42c535dff5f5679f46a1a0b8ebe4ab5b083adcd792f24d13b53d45a,1,
CN_PENDING_PAGE_MANIFEST_0.1,LTMD-CN3-G1988-VP095,LTMD-CN3-G1988,H1988P3CI129,1988,3,95,179,95,https://historico.conaliteg.gob.mx/c/H1988P3CI129/095.jpg,0,0.530726,Q3,source_jpeg,1,200,image/jpeg,106458,7609efaa6aae70c978401f38059abd8ae5c6addec8895f4fb3e043aa602f91c6,1,
CN_PENDING_PAGE_MANIFEST_0.1,LTMD-CN3-G1988-VP096,LTMD-CN3-G1988,H1988P3CI129,1988,3,96,179,96,https://historico.conaliteg.gob.mx/c/H1988P3CI129/096.jpg,0,0.536313,Q3,source_jpeg,1,200,image/jpeg,131454,b8b6cf71ef04aa36c58d5270ffee845ed0093418b35501f7df3912428f490b3c,1,
CN_PENDING_PAGE_MANIFEST_0.1,LTMD-CN3-G1988-VP097,LTMD-CN3-G1988,H1988P3CI129,1988,3,97,179,97,https://historico.conaliteg.gob.mx/c/H1988P3CI129/097.jpg,0,0.541899,Q3,source_jpeg,1,200,image/jpeg,114657,aadabdeec912fc575f08f5837897812b10b59ee5aada14317b6c40a9e28d3bfc,1,
CN_PENDING_PAGE_MANIFEST_0.1,LTMD-CN3-G1988-VP098,LTMD-CN3-G1988,H1988P3CI129,1988,3,98,179,98,https://historico.conaliteg.gob.mx/c/H1988P3CI129/098.jpg,0,0.547486,Q3,source_jpeg,1,200,image/jpeg,128236,c108599f9265906ccbb4700bd0d246112ce207659faf7f914405533b2afbeaca,1,
CN_PENDING_PAGE_MANIFEST_0.1,LTMD-CN3-G1988-VP099,LTMD-CN3-G1988,H1988P3CI129,1988,3,99,179,99,https://historico.conaliteg.gob.mx/c/H1988P3CI129/099.jpg,0,0.553073,Q3,source_jpeg,1,200,image/jpeg,131208,831b0141c5a45895520f10a3cdb0d28374f9351e43386889c26df3f204a75fcb,1,
CN_PENDING_PAGE_MANIFEST_0.1,LTMD-CN3-G1988-VP100,LTMD-CN3-G1988,H1988P3CI129,1988,3,100,179,100,https://historico.conaliteg.gob.mx/c/H1988P3CI129/100.jpg,0,0.558659,Q3,source_jpeg,1,200,image/jpeg,109970,a87e40a6a198f9e50a19422b796140d14b210822e20c09e4778af7d4dffddf44,1,
CN_PENDING_PAGE_MANIFEST_0.1,LTMD-CN3-G1988-VP101,LTMD-CN3-G1988,H1988P3CI129,1988,3,101,179,101,https://historico.conaliteg.gob.mx/c/H1988P3CI129/101.jpg,0,0.564246,Q3,source_jpeg,1,200,image/jpeg,117669,1fefc81597f528b2758e58f43c3cfac3ec5ec88adcc80fc6a940e874cb168fcf,1,
CN_PENDING_PAGE_MANIFEST_0.1,LTMD-CN3-G1988-VP102,LTMD-CN3-G1988,H1988P3CI129,1988,3,102,179,102,https://historico.conaliteg.gob.mx/c/H1988P3CI129/102.jpg,0,0.569832,Q3,source_jpeg,1,200,image/jpeg,121059,b05e2f37df234ce50be2c511f6bbd0d060f1194054f3ed0eb88b75da0773ea74,1,
CN_PENDING_PAGE_MANIFEST_0.1,LTMD-CN3-G1988-VP103,LTMD-CN3-G1988,H1988P3CI129,1988,3,103,179,103,https://historico.conaliteg.gob.mx/c/H1988P3CI129/103.jpg,0,0.575419,Q3,source_jpeg,1,200,image/jpeg,114812,960886ddf0efdee2b3246a9f892106ed2f016f0707d6117cbe1759d73afc2f99,1,
CN_PENDING_PAGE_MANIFEST_0.1,LTMD-CN3-G1988-VP104,LTMD-CN3-G1988,H1988P3CI129,1988,3,104,179,104,https://historico.conaliteg.gob.mx/c/H1988P3CI129/104.jpg,0,0.581006,Q3,source_jpeg,1,200,image/jpeg,120115,99b4fadaae4bb53006dc955046f2f913cdea7f9ca3799474b597d2776ffac700,1,
CN_PENDING_PAGE_MANIFEST_0.1,LTMD-CN3-G1988-VP105,LTMD-CN3-G1988,H1988P3CI129,1988,3,105,179,105,https://historico.conaliteg.gob.mx/c/H1988P3CI129/105.jpg,0,0.586592,Q3,source_jpeg,1,200,image/jpeg,115815,03c7a479d11c2e168045d7bc291fe6ccbfac0bf2fcaf3d7b0a69df87f18206fd,1,
CN_PENDING_PAGE_MANIFEST_0.1,LTMD-CN3-G1988-VP106,LTMD-CN3-G1988,H1988P3CI129,1988,3,106,179,106,https://historico.conaliteg.gob.mx/c/H1988P3CI129/106.jpg,0,0.592179,Q3,source_jpeg,1,200,image/jpeg,90925,2f9492834b3983f31a7055d21dc5c36ab9e8fdcf2e879c2a1e23b91dba16dcfa,1,
CN_PENDING_PAGE_MANIFEST_0.1,LTMD-CN3-G1988-VP107,LTMD-CN3-G1988,H1988P3CI129,1988,3,107,179,107,https://historico.conaliteg.gob.mx/c/H1988P3CI129/107.jpg,0,0.597765,Q3,source_jpeg,1,200,image/jpeg,102328,5f8568f17312a3c6e0488504fa16fe5b0c4e2da25271e223d13cc517a4637e91,1,
CN_PENDING_PAGE_MANIFEST_0.1,LTMD-CN3-G1988-VP108,LTMD-CN3-G1988,H1988P3CI129,1988,3,108,179,108,https://historico.conaliteg.gob.mx/c/H1988P3CI129/108.jpg,0,0.603352,Q3,source_jpeg,1,200,image/jpeg,128454,dd28ad7489694c06156867c6b17151dff7db2301de57697e36bc564692a08bdb,1,
CN_PENDING_PAGE_MANIFEST_0.1,LTMD-CN3-G1988-VP109,LTMD-CN3-G1988,H1988P3CI129,1988,3,109,179,109,https://historico.conaliteg.gob.mx/c/H1988P3CI129/109.jpg,0,0.608939,Q3,source_jpeg,1,200,image/jpeg,110724,c997d3b8bee725abb8fb6f6f12316c08c50f214574c8293801d4c350a778b28d,1,
CN_PENDING_PAGE_MANIFEST_0.1,LTMD-CN3-G1988-VP110,LTMD-CN3-G1988,H1988P3CI129,1988,3,110,179,110,https://historico.conaliteg.gob.mx/c/H1988P3CI129/110.jpg,0,0.614525,Q3,source_jpeg,1,200,image/jpeg,122847,9120cc4c4b5d19f7c9ea31f18eea2415b28c41652250d05fc46152dcdf6cc60c,1,
CN_PENDING_PAGE_MANIFEST_0.1,LTMD-CN3-G1988-VP111,LTMD-CN3-G1988,H1988P3CI129,1988,3,111,179,111,https://historico.conaliteg.gob.mx/c/H1988P3CI129/111.jpg,0,0.620112,Q3,source_jpeg,1,200,image/jpeg,142790,594a3ff7a9bdddfc75d817cf94b73befe7aad78100346dc6ec4a7ce9c468661d,1,
CN_PENDING_PAGE_MANIFEST_0.1,LTMD-CN3-G1988-VP112,LTMD-CN3-G1988,H1988P3CI129,1988,3,112,179,112,https://historico.conaliteg.gob.mx/c/H1988P3CI129/112.jpg,0,0.625698,Q3,source_jpeg,1,200,image/jpeg,176320,ee04f111b577d04a7a71c42caa958c564e5a461ebdbf5bf147ad89e79fd18d17,1,
CN_PENDING_PAGE_MANIFEST_0.1,LTMD-CN3-G1988-VP113,LTMD-CN3-G1988,H1988P3CI129,1988,3,113,179,113,https://historico.conaliteg.gob.mx/c/H1988P3CI129/113.jpg,0,0.631285,Q3,source_jpeg,1,200,image/jpeg,139246,bc942c688dac940d20af39e761df43b7215a07229bdedc8f785085f66d93fef4,1,
CN_PENDING_PAGE_MANIFEST_0.1,LTMD-CN3-G1988-VP114,LTMD-CN3-G1988,H1988P3CI129,1988,3,114,179,114,https://historico.conaliteg.gob.mx/c/H1988P3CI129/114.jpg,0,0.636872,Q3,source_jpeg,1,200,image/jpeg,93905,4d8ba0abaa729f151473b8a4509c46b6c161ace0057e27bc39d876570e295883,1,
CN_PENDING_PAGE_MANIFEST_0.1,LTMD-CN3-G1988-VP115,LTMD-CN3-G1988,H1988P3CI129,1988,3,115,179,115,https://historico.conaliteg.gob.mx/c/H1988P3CI129/115.jpg,0,0.642458,Q3,source_jpeg,1,200,image/jpeg,97410,b45c37092200cabec4dd76ce61e11c36ee74477b194d9d0a3bf63dbd5e821d5c,1,
CN_PENDING_PAGE_MANIFEST_0.1,LTMD-CN3-G1988-VP116,LTMD-CN3-G1988,H1988P3CI129,1988,3,116,179,116,https://historico.conaliteg.gob.mx/c/H1988P3CI129/116.jpg,0,0.648045,Q3,source_jpeg,1,200,image/jpeg,140272,db72cd77006dc815fdba918a70752b50914f729ceb415d2b5271fbf966ba6344,1,
CN_PENDING_PAGE_MANIFEST_0.1,LTMD-CN3-G1988-VP117,LTMD-CN3-G1988,H1988P3CI129,1988,3,117,179,117,https://historico.conaliteg.gob.mx/c/H1988P3CI129/117.jpg,0,0.653631,Q3,source_jpeg,1,200,image/jpeg,139118,35583f63070ff62f063e045db872fb95ad8b0079671b4497a40e9aa49bf499f3,1,
CN_PENDING_PAGE_MANIFEST_0.1,LTMD-CN3-G1988-VP118,LTMD-CN3-G1988,H1988P3CI129,1988,3,118,179,118,https://historico.conaliteg.gob.mx/c/H1988P3CI129/118.jpg,0,0.659218,Q3,source_jpeg,1,200,image/jpeg,103130,2ad82f0a681d3f9d31cfb701db030646f2f8d34d5927d9fc67a36d93c13fbba8,1,
CN_PENDING_PAGE_MANIFEST_0.1,LTMD-CN3-G1988-VP119,LTMD-CN3-G1988,H1988P3CI129,1988,3,119,179,119,https://historico.conaliteg.gob.mx/c/H1988P3CI129/119.jpg,0,0.664804,Q3,source_jpeg,1,200,image/jpeg,134694,6bcfca2ee1ed4d60d440787fc10bba820e3a55fee8cb3f6f0f882b6a1b59bb35,1,
CN_PENDING_PAGE_MANIFEST_0.1,LTMD-CN3-G1988-VP120,LTMD-CN3-G1988,H1988P3CI129,1988,3,120,179,120,https://historico.conaliteg.gob.mx/c/H1988P3CI129/120.jpg,0,0.670391,Q3,source_jpeg,1,200,image/jpeg,125318,ba0341c1c1fd9c05e4c49b2b01fb93d438b511a7b855edbece7d328b2820cf6e,1,
CN_PENDING_PAGE_MANIFEST_0.1,LTMD-CN3-G1988-VP121,LTMD-CN3-G1988,H1988P3CI129,1988,3,121,179,121,https://historico.conaliteg.gob.mx/c/H1988P3CI129/121.jpg,0,0.675978,Q3,source_jpeg,1,200,image/jpeg,118242,a399230f7b4ed3a819270537a08bdcc7be7f231becbe3fc38086d46d7c3444dd,1,
CN_PENDING_PAGE_MANIFEST_0.1,LTMD-CN3-G1988-VP122,LTMD-CN3-G1988,H1988P3CI129,1988,3,122,179,122,https://historico.conaliteg.gob.mx/c/H1988P3CI129/122.jpg,0,0.681564,Q3,source_jpeg,1,200,image/jpeg,148595,99a946094febe01e6bda0a8cd3907f59c5445bc502bf3545a09e8100c4819c4a,1,
CN_PENDING_PAGE_MANIFEST_0.1,LTMD-CN3-G1988-VP123,LTMD-CN3-G1988,H1988P3CI129,1988,3,123,179,123,https://historico.conaliteg.gob.mx/c/H1988P3CI129/123.jpg,0,0.687151,Q3,source_jpeg,1,200,image/jpeg,117316,dc97fd606ea7c50c42a4d2b7346c82889265611db3b9424f6bfc5db10d2301a9,1,
CN_PENDING_PAGE_MANIFEST_0.1,LTMD-CN3-G1988-VP124,LTMD-CN3-G1988,H1988P3CI129,1988,3,124,179,124,https://historico.conaliteg.gob.mx/c/H1988P3CI129/124.jpg,0,0.692737,Q3,source_jpeg,1,200,image/jpeg,144374,c64990c1ce99933ad2ddb71d673d0c38b009aed7cd346003d2dade6ea8c46841,1,
CN_PENDING_PAGE_MANIFEST_0.1,LTMD-CN3-G1988-VP125,LTMD-CN3-G1988,H1988P3CI129,1988,3,125,179,125,https://historico.conaliteg.gob.mx/c/H1988P3CI129/125.jpg,0,0.698324,Q3,source_jpeg,1,200,image/jpeg,120152,2ca043a027fb0492f1fb99cd099e462adee2a6dd278bb88aa32e23c5fa49988e,1,
CN_PENDING_PAGE_MANIFEST_0.1,LTMD-CN3-G1988-VP126,LTMD-CN3-G1988,H1988P3CI129,1988,3,126,179,126,https://historico.conaliteg.gob.mx/c/H1988P3CI129/126.jpg,0,0.703911,Q3,source_jpeg,1,200,image/jpeg,71060,18890ae9d37c9a35db94377c59f8179b532e7fb5d26f6423f3f788b60ea86805,1,
CN_PENDING_PAGE_MANIFEST_0.1,LTMD-CN3-G1988-VP127,LTMD-CN3-G1988,H1988P3CI129,1988,3,127,179,127,https://historico.conaliteg.gob.mx/c/H1988P3CI129/127.jpg,0,0.709497,Q3,source_jpeg,1,200,image/jpeg,82182,6e57d53ae88a2813f9dda81af961e6ae2657b38e859e87b892c979bb2ae9c3d5,1,
CN_PENDING_PAGE_MANIFEST_0.1,LTMD-CN3-G1988-VP128,LTMD-CN3-G1988,H1988P3CI129,1988,3,128,179,128,https://historico.conaliteg.gob.mx/c/H1988P3CI129/128.jpg,0,0.715084,Q3,source_jpeg,1,200,image/jpeg,124256,54ff840ed5378fba13502b46d57df5933e32cf696bd63e423cb1ace9f2ffce55,1,
CN_PENDING_PAGE_MANIFEST_0.1,LTMD-CN3-G1988-VP129,LTMD-CN3-G1988,H1988P3CI129,1988,3,129,179,129,https://historico.conaliteg.gob.mx/c/H1988P3CI129/129.jpg,0,0.720670,Q3,source_jpeg,1,200,image/jpeg,125703,a016d17f293fac59dc970d0f7b7913494f3aa5947d7b63ba2c6768b22bd4f927,1,
CN_PENDING_PAGE_MANIFEST_0.1,LTMD-CN3-G1988-VP130,LTMD-CN3-G1988,H1988P3CI129,1988,3,130,179,130,https://historico.conaliteg.gob.mx/c/H1988P3CI129/130.jpg,0,0.726257,Q3,source_jpeg,1,200,image/jpeg,119583,4955a45602b7373e90bf6aba658d466910cca627a6b8a4f68f9ecd350b17e93f,1,
CN_PENDING_PAGE_MANIFEST_0.1,LTMD-CN3-G1988-VP131,LTMD-CN3-G1988,H1988P3CI129,1988,3,131,179,131,https://historico.conaliteg.gob.mx/c/H1988P3CI129/131.jpg,0,0.731844,Q3,source_jpeg,1,200,image/jpeg,128782,2afd29efed9dc738674c04b8ae24aa9dd2e4942e992de17e2ccd9c4d1429908f,1,
CN_PENDING_PAGE_MANIFEST_0.1,LTMD-CN3-G1988-VP132,LTMD-CN3-G1988,H1988P3CI129,1988,3,132,179,132,https://historico.conaliteg.gob.mx/c/H1988P3CI129/132.jpg,0,0.737430,Q3,source_jpeg,1,200,image/jpeg,132134,9cdd701506c543591ed4b9c0276ce728df200a79a22fbe1e3758e48a5afaf135,1,
CN_PENDING_PAGE_MANIFEST_0.1,LTMD-CN3-G1988-VP133,LTMD-CN3-G1988,H1988P3CI129,1988,3,133,179,133,https://historico.conaliteg.gob.mx/c/H1988P3CI129/133.jpg,0,0.743017,Q3,source_jpeg,1,200,image/jpeg,115533,bb737ac824c850c2c6fd814867f43d1d663524669c291c190a6045ed57687d72,1,
CN_PENDING_PAGE_MANIFEST_0.1,LTMD-CN3-G1988-VP134,LTMD-CN3-G1988,H1988P3CI129,1988,3,134,179,134,https://historico.conaliteg.gob.mx/c/H1988P3CI129/134.jpg,0,0.748603,Q3,source_jpeg,1,200,image/jpeg,137441,db9e5b820f95b72d3f63163069706f373d78cf9b56db802dfdc52572d1b38cd5,1,
CN_PENDING_PAGE_MANIFEST_0.1,LTMD-CN3-G1988-VP135,LTMD-CN3-G1988,H1988P3CI129,1988,3,135,179,135,https://historico.conaliteg.gob.mx/c/H1988P3CI129/135.jpg,0,0.754190,Q4,source_jpeg,1,200,image/jpeg,104247,d8ffe4354cdb27486b5c6874b43aad3690a7cbfab20636530f152bed62d70fe9,1,
CN_PENDING_PAGE_MANIFEST_0.1,LTMD-CN3-G1988-VP136,LTMD-CN3-G1988,H1988P3CI129,1988,3,136,179,136,https://historico.conaliteg.gob.mx/c/H1988P3CI129/136.jpg,0,0.759777,Q4,source_jpeg,1,200,image/jpeg,130860,605bb9f77174ebc15f024ceb94a9ae840291ab621ef7f2efb61850ec307884ce,1,
CN_PENDING_PAGE_MANIFEST_0.1,LTMD-CN3-G1988-VP137,LTMD-CN3-G1988,H1988P3CI129,1988,3,137,179,137,https://historico.conaliteg.gob.mx/c/H1988P3CI129/137.jpg,0,0.765363,Q4,source_jpeg,1,200,image/jpeg,104240,4dbe634f40a4e02d6955d4b07540020e4c3794e3b4625c6e6eb5c9ec432003b9,1,
CN_PENDING_PAGE_MANIFEST_0.1,LTMD-CN3-G1988-VP138,LTMD-CN3-G1988,H1988P3CI129,1988,3,138,179,138,https://historico.conaliteg.gob.mx/c/H1988P3CI129/138.jpg,0,0.770950,Q4,source_jpeg,1,200,image/jpeg,130946,cb2d4eed16456c56948f68445422b3ec768acedd91492b2a2da6a07dbdc6fe62,1,
CN_PENDING_PAGE_MANIFEST_0.1,LTMD-CN3-G1988-VP139,LTMD-CN3-G1988,H1988P3CI129,1988,3,139,179,139,https://historico.conaliteg.gob.mx/c/H1988P3CI129/139.jpg,0,0.776536,Q4,source_jpeg,1,200,image/jpeg,125780,42da215ee4094313043593e2b5789e386168cbd4b55844b1a9e879d1e4017f96,1,
CN_PENDING_PAGE_MANIFEST_0.1,LTMD-CN3-G1988-VP140,LTMD-CN3-G1988,H1988P3CI129,1988,3,140,179,140,https://historico.conaliteg.gob.mx/c/H1988P3CI129/140.jpg,0,0.782123,Q4,source_jpeg,1,200,image/jpeg,127942,87454939fd3f46f677a27dc3cce575219243c11f106f6b8ea98c7fd72a8d38f1,1,
CN_PENDING_PAGE_MANIFEST_0.1,LTMD-CN3-G1988-VP141,LTMD-CN3-G1988,H1988P3CI129,1988,3,141,179,141,https://historico.conaliteg.gob.mx/c/H1988P3CI129/141.jpg,0,0.787709,Q4,source_jpeg,1,200,image/jpeg,101908,1599190f7e4494ce18e8aa50206f51d17d413283a7201073f315d4da7643b5fc,1,
CN_PENDING_PAGE_MANIFEST_0.1,LTMD-CN3-G1988-VP142,LTMD-CN3-G1988,H1988P3CI129,1988,3,142,179,142,https://historico.conaliteg.gob.mx/c/H1988P3CI129/142.jpg,0,0.793296,Q4,source_jpeg,1,200,image/jpeg,152638,b8ae02ae0b43fa49816a8e95f5f8328e7f6859b49bdcfb82c3613e9796d8985d,1,
CN_PENDING_PAGE_MANIFEST_0.1,LTMD-CN3-G1988-VP143,LTMD-CN3-G1988,H1988P3CI129,1988,3,143,179,143,https://historico.conaliteg.gob.mx/c/H1988P3CI129/143.jpg,0,0.798883,Q4,source_jpeg,1,200,image/jpeg,148966,c7d6cf12ae737da120f8fc4d890a9457da72ac43e6346908e9bdea3c2dfe8b8a,1,
CN_PENDING_PAGE_MANIFEST_0.1,LTMD-CN3-G1988-VP144,LTMD-CN3-G1988,H1988P3CI129,1988,3,144,179,144,https://historico.conaliteg.gob.mx/c/H1988P3CI129/144.jpg,0,0.804469,Q4,source_jpeg,1,200,image/jpeg,159476,323e19f6262feb0b86456df5b206b05763f8f3bbc0ff4a19dd2722d68a748e01,1,
CN_PENDING_PAGE_MANIFEST_0.1,LTMD-CN3-G1988-VP145,LTMD-CN3-G1988,H1988P3CI129,1988,3,145,179,145,https://historico.conaliteg.gob.mx/c/H1988P3CI129/145.jpg,0,0.810056,Q4,source_jpeg,1,200,image/jpeg,89526,446c5a97d7caa9532586ac33f257da9c7f341bdec19436a936b699df07d530f6,1,
CN_PENDING_PAGE_MANIFEST_0.1,LTMD-CN3-G1988-VP146,LTMD-CN3-G1988,H1988P3CI129,1988,3,146,179,146,https://historico.conaliteg.gob.mx/c/H1988P3CI129/146.jpg,0,0.815642,Q4,source_jpeg,1,200,image/jpeg,121777,a38251040d4f5c26bde3087bb04d4282a35704ae26d3901f6630219f73001b18,1,
CN_PENDING_PAGE_MANIFEST_0.1,LTMD-CN3-G1988-VP147,LTMD-CN3-G1988,H1988P3CI129,1988,3,147,179,147,https://historico.conaliteg.gob.mx/c/H1988P3CI129/147.jpg,0,0.821229,Q4,source_jpeg,1,200,image/jpeg,121253,b61940b7501959f3f04cc1e2046d5ecdb46f89f39606cedb28fc8065013e49fb,1,
CN_PENDING_PAGE_MANIFEST_0.1,LTMD-CN3-G1988-VP148,LTMD-CN3-G1988,H1988P3CI129,1988,3,148,179,148,https://historico.conaliteg.gob.mx/c/H1988P3CI129/148.jpg,0,0.826816,Q4,source_jpeg,1,200,image/jpeg,153214,2cf81d2df06ee06836bca71339327efe7050c50c27772b14912b7f8dd79cca59,1,
CN_PENDING_PAGE_MANIFEST_0.1,LTMD-CN3-G1988-VP149,LTMD-CN3-G1988,H1988P3CI129,1988,3,149,179,149,https://historico.conaliteg.gob.mx/c/H1988P3CI129/149.jpg,0,0.832402,Q4,source_jpeg,1,200,image/jpeg,117379,17b6c5c115feaf581643983c0abb82c8df5fef3a03d3eaf0fcd78540f225ce18,1,
CN_PENDING_PAGE_MANIFEST_0.1,LTMD-CN3-G1988-VP150,LTMD-CN3-G1988,H1988P3CI129,1988,3,150,179,150,https://historico.conaliteg.gob.mx/c/H1988P3CI129/150.jpg,0,0.837989,Q4,source_jpeg,1,200,image/jpeg,121190,29f291c5aff39383af9c2b89742ae69433a2cece6d7d722049e5782e99231b8f,1,
CN_PENDING_PAGE_MANIFEST_0.1,LTMD-CN3-G1988-VP151,LTMD-CN3-G1988,H1988P3CI129,1988,3,151,179,151,https://historico.conaliteg.gob.mx/c/H1988P3CI129/151.jpg,0,0.843575,Q4,source_jpeg,1,200,image/jpeg,117306,823f50cffd5f791c00555a7df75c599ff60db1c3a074ff0914142f8bcbb11421,1,
CN_PENDING_PAGE_MANIFEST_0.1,LTMD-CN3-G1988-VP152,LTMD-CN3-G1988,H1988P3CI129,1988,3,152,179,152,https://historico.conaliteg.gob.mx/c/H1988P3CI129/152.jpg,0,0.849162,Q4,source_jpeg,1,200,image/jpeg,119642,990662a5830cc49e9912e54e9d00e1fd1bdc9f38cda314509514fdd6f0d598fb,1,
CN_PENDING_PAGE_MANIFEST_0.1,LTMD-CN3-G1988-VP153,LTMD-CN3-G1988,H1988P3CI129,1988,3,153,179,153,https://historico.conaliteg.gob.mx/c/H1988P3CI129/153.jpg,0,0.854749,Q4,source_jpeg,1,200,image/jpeg,92280,66421b134a605889c4a62c44f2f030ed7d267093eebafa7777ae9f1c00e59547,1,
CN_PENDING_PAGE_MANIFEST_0.1,LTMD-CN3-G1988-VP154,LTMD-CN3-G1988,H1988P3CI129,1988,3,154,179,154,https://historico.conaliteg.gob.mx/c/H1988P3CI129/154.jpg,0,0.860335,Q4,source_jpeg,1,200,image/jpeg,147695,856f7121caecfeb8a8812abd7c0f40e49e8fc6c710f2fdca8ec5d9be89beb205,1,
CN_PENDING_PAGE_MANIFEST_0.1,LTMD-CN3-G1988-VP155,LTMD-CN3-G1988,H1988P3CI129,1988,3,155,179,155,https://historico.conaliteg.gob.mx/c/H1988P3CI129/155.jpg,0,0.865922,Q4,source_jpeg,1,200,image/jpeg,120527,a2bdfdbbe097f445b76afa02df23538cc3dd2a44a58c21a7e1b53668cab37cf8,1,
CN_PENDING_PAGE_MANIFEST_0.1,LTMD-CN3-G1988-VP156,LTMD-CN3-G1988,H1988P3CI129,1988,3,156,179,156,https://historico.conaliteg.gob.mx/c/H1988P3CI129/156.jpg,0,0.871508,Q4,source_jpeg,1,200,image/jpeg,136655,0f4aabe9be897a4c67eb2fd7eeea5bbbab454a52d4c4faf45ae6bfb366228d31,1,
CN_PENDING_PAGE_MANIFEST_0.1,LTMD-CN3-G1988-VP157,LTMD-CN3-G1988,H1988P3CI129,1988,3,157,179,157,https://historico.conaliteg.gob.mx/c/H1988P3CI129/157.jpg,0,0.877095,Q4,source_jpeg,1,200,image/jpeg,130653,14bb0ebd1a08165c503098619d50a06d3a5d78e35bd14c4fadc9afa76529f0db,1,
CN_PENDING_PAGE_MANIFEST_0.1,LTMD-CN3-G1988-VP158,LTMD-CN3-G1988,H1988P3CI129,1988,3,158,179,158,https://historico.conaliteg.gob.mx/c/H1988P3CI129/158.jpg,0,0.882682,Q4,source_jpeg,1,200,image/jpeg,138155,a97955fe41dc452c5441efac351963e4c781e932443ea0b1936dd11d91d3d5be,1,
CN_PENDING_PAGE_MANIFEST_0.1,LTMD-CN3-G1988-VP159,LTMD-CN3-G1988,H1988P3CI129,1988,3,159,179,159,https://historico.conaliteg.gob.mx/c/H1988P3CI129/159.jpg,0,0.888268,Q4,source_jpeg,1,200,image/jpeg,120456,d56c0d45215f555061fd5fc8da12cf5c2f6c3e802b1e4f129223a967d4042b5c,1,
CN_PENDING_PAGE_MANIFEST_0.1,LTMD-CN3-G1988-VP160,LTMD-CN3-G1988,H1988P3CI129,1988,3,160,179,160,https://historico.conaliteg.gob.mx/c/H1988P3CI129/160.jpg,0,0.893855,Q4,source_jpeg,1,200,image/jpeg,127473,95ffd7f3bfda8e8b4c025a6b73b21176f930541ef3ca4f076ea694b222f0e541,1,
CN_PENDING_PAGE_MANIFEST_0.1,LTMD-CN3-G1988-VP161,LTMD-CN3-G1988,H1988P3CI129,1988,3,161,179,161,https://historico.conaliteg.gob.mx/c/H1988P3CI129/161.jpg,0,0.899441,Q4,source_jpeg,1,200,image/jpeg,101519,b6de8621ebf39b539ea73bb76fb8920fcc8e7a5f7f7f79f3d1b836d921a8b89d,1,
CN_PENDING_PAGE_MANIFEST_0.1,LTMD-CN3-G1988-VP162,LTMD-CN3-G1988,H1988P3CI129,1988,3,162,179,162,https://historico.conaliteg.gob.mx/c/H1988P3CI129/162.jpg,0,0.905028,Q4,source_jpeg,1,200,image/jpeg,108707,b0f066b4dba022cc1ef340a6cabf8d3a8dddc216fae002bf444ff6366ea4411b,1,
CN_PENDING_PAGE_MANIFEST_0.1,LTMD-CN3-G1988-VP163,LTMD-CN3-G1988,H1988P3CI129,1988,3,163,179,163,https://historico.conaliteg.gob.mx/c/H1988P3CI129/163.jpg,0,0.910615,Q4,source_jpeg,1,200,image/jpeg,98896,29f3317997f37af3f7ae7db27b303a9ecf1bce257006cf74e7f9ddb7aeb69974,1,
CN_PENDING_PAGE_MANIFEST_0.1,LTMD-CN3-G1988-VP164,LTMD-CN3-G1988,H1988P3CI129,1988,3,164,179,164,https://historico.conaliteg.gob.mx/c/H1988P3CI129/164.jpg,0,0.916201,Q4,source_jpeg,1,200,image/jpeg,118876,3aa34a92e79d11b4c264893292f27bd9d54eb2916720de6854c3c74165e8b0a7,1,
CN_PENDING_PAGE_MANIFEST_0.1,LTMD-CN3-G1988-VP165,LTMD-CN3-G1988,H1988P3CI129,1988,3,165,179,165,https://historico.conaliteg.gob.mx/c/H1988P3CI129/165.jpg,0,0.921788,Q4,source_jpeg,1,200,image/jpeg,98750,3b63f9014a6c596d5fa56f224128a8b5eb65d03c09a94b7e7a11acd8e603c196,1,
CN_PENDING_PAGE_MANIFEST_0.1,LTMD-CN3-G1988-VP166,LTMD-CN3-G1988,H1988P3CI129,1988,3,166,179,166,https://historico.conaliteg.gob.mx/c/H1988P3CI129/166.jpg,0,0.927374,Q4,source_jpeg,1,200,image/jpeg,128009,048ab339c133982fbd723a6cd0da0ee5d6cdbe8d9d5b0cec819111cd827d41bd,1,
CN_PENDING_PAGE_MANIFEST_0.1,LTMD-CN3-G1988-VP167,LTMD-CN3-G1988,H1988P3CI129,1988,3,167,179,167,https://historico.conaliteg.gob.mx/c/H1988P3CI129/167.jpg,0,0.932961,Q4,source_jpeg,1,200,image/jpeg,109954,43dc077aaa4d831fdec09f33275dcc63cfff781c7531b9065d9e4837add7daaa,1,
CN_PENDING_PAGE_MANIFEST_0.1,LTMD-CN3-G1988-VP168,LTMD-CN3-G1988,H1988P3CI129,1988,3,168,179,168,https://historico.conaliteg.gob.mx/c/H1988P3CI129/168.jpg,0,0.938547,Q4,source_jpeg,1,200,image/jpeg,150095,014c7c8a608f012e7096844642b85fe0357d70546a7f892a3aee11f0bff78ef5,1,
CN_PENDING_PAGE_MANIFEST_0.1,LTMD-CN3-G1988-VP169,LTMD-CN3-G1988,H1988P3CI129,1988,3,169,179,169,https://historico.conaliteg.gob.mx/c/H1988P3CI129/169.jpg,0,0.944134,Q4,source_jpeg,1,200,image/jpeg,101643,c89c15b6ce49f9fe6ddedeec1ee557354d3fbba1d5ff17e49a132d8c3757a5dc,1,
CN_PENDING_PAGE_MANIFEST_0.1,LTMD-CN3-G1988-VP170,LTMD-CN3-G1988,H1988P3CI129,1988,3,170,179,170,https://historico.conaliteg.gob.mx/c/H1988P3CI129/170.jpg,0,0.949721,Q4,source_jpeg,1,200,image/jpeg,98304,0ef30818321c1ee3bb45de42684549ac1a39b3d3f55f00859f7fe3250f5b8619,1,
CN_PENDING_PAGE_MANIFEST_0.1,LTMD-CN3-G1988-VP171,LTMD-CN3-G1988,H1988P3CI129,1988,3,171,179,171,https://historico.conaliteg.gob.mx/c/H1988P3CI129/171.jpg,0,0.955307,Q4,source_jpeg,1,200,image/jpeg,111681,43cbd7ba0a9a6734a53b8f922d3bc2a2dfc6e8fbffd737a4cabb764e8d8d18c0,1,
CN_PENDING_PAGE_MANIFEST_0.1,LTMD-CN3-G1988-VP172,LTMD-CN3-G1988,H1988P3CI129,1988,3,172,179,172,https://historico.conaliteg.gob.mx/c/H1988P3CI129/172.jpg,0,0.960894,Q4,source_jpeg,1,200,image/jpeg,90041,600605e94e0e0325b38c4363c2659cac703de0f8b7f1ba4aee6ee050d76d8b94,1,
CN_PENDING_PAGE_MANIFEST_0.1,LTMD-CN3-G1988-VP173,LTMD-CN3-G1988,H1988P3CI129,1988,3,173,179,173,https://historico.conaliteg.gob.mx/c/H1988P3CI129/173.jpg,0,0.966480,Q4,source_jpeg,1,200,image/jpeg,77534,7d9de12105de16b69065d2951b8b868c25198e9c1fb94b0284055ea1a5a1f677,1,
CN_PENDING_PAGE_MANIFEST_0.1,LTMD-CN3-G1988-VP174,LTMD-CN3-G1988,H1988P3CI129,1988,3,174,179,174,https://historico.conaliteg.gob.mx/c/H1988P3CI129/174.jpg,0,0.972067,Q4,source_jpeg,1,200,image/jpeg,135141,0b2feacef108c8781855ccafe3dfa0d7930f39bc139c2263a09db048174d7e14,1,
CN_PENDING_PAGE_MANIFEST_0.1,LTMD-CN3-G1988-VP175,LTMD-CN3-G1988,H1988P3CI129,1988,3,175,179,175,https://historico.conaliteg.gob.mx/c/H1988P3CI129/175.jpg,0,0.977654,Q4,source_jpeg,1,200,image/jpeg,35001,82c77fb52319b3bb604b1f076819f6e38259194372c7c376f7f14576f7e8e018,1,
CN_PENDING_PAGE_MANIFEST_0.1,LTMD-CN3-G1988-VP176,LTMD-CN3-G1988,H1988P3CI129,1988,3,176,179,176,https://historico.conaliteg.gob.mx/c/H1988P3CI129/176.jpg,0,0.983240,Q4,source_jpeg,1,200,image/jpeg,45770,cbb5edd71205a0efe2ff662aa268a28b9f2526457b3cbf1943fd2b6158ae31cf,1,
CN_PENDING_PAGE_MANIFEST_0.1,LTMD-CN3-G1988-VP177,LTMD-CN3-G1988,H1988P3CI129,1988,3,177,179,177,https://historico.conaliteg.gob.mx/c/H1988P3CI129/177.jpg,0,0.988827,Q4,source_jpeg,1,200,image/jpeg,110948,696d0272d8756d644c03c422f7dfe92ea12ae966cd9c2ea6580db1bfc1c4469b,1,
CN_PENDING_PAGE_MANIFEST_0.1,LTMD-CN3-G1988-VP178,LTMD-CN3-G1988,H1988P3CI129,1988,3,178,179,178,https://historico.conaliteg.gob.mx/c/H1988P3CI129/178.jpg,0,0.994413,Q4,source_jpeg,1,200,image/jpeg,94081,186acb0c0e77e3154c0bb75090d1824863f300472ae3177065de28e90b922d0d,1,
CN_PENDING_PAGE_MANIFEST_0.1,LTMD-CN3-G1993-VP001,LTMD-CN3-G1993,H1993P3CI153,1993,3,1,179,0,https://historico.conaliteg.gob.mx/c/H1993P3CI153/000.jpg,0,0.005587,Q1,source_jpeg,1,200,image/jpeg,290642,323a6b5887ccb4685cbeba3d35bb197f22d020a2e10eb6db7b2b9da4439c811b,1,
CN_PENDING_PAGE_MANIFEST_0.1,LTMD-CN3-G1993-VP002,LTMD-CN3-G1993,H1993P3CI153,1993,3,2,179,2,https://historico.conaliteg.gob.mx/c/H1993P3CI153/002.jpg,0,0.011173,Q1,source_jpeg,1,200,image/jpeg,76489,96443ae713965db1a60a22d04b1c070fea710cd090f12801063a0729d0c05193,1,
CN_PENDING_PAGE_MANIFEST_0.1,LTMD-CN3-G1993-VP003,LTMD-CN3-G1993,H1993P3CI153,1993,3,3,179,3,https://historico.conaliteg.gob.mx/c/H1993P3CI153/003.jpg,0,0.016760,Q1,source_jpeg,1,200,image/jpeg,108015,73055f22bb40aedc92758f5ccc8b60829b3ac54b4e213e11fd2ef23f75b69b15,1,
CN_PENDING_PAGE_MANIFEST_0.1,LTMD-CN3-G1993-VP004,LTMD-CN3-G1993,H1993P3CI153,1993,3,4,179,4,https://historico.conaliteg.gob.mx/c/H1993P3CI153/004.jpg,0,0.022346,Q1,source_jpeg,1,200,image/jpeg,68029,188b303bf8927ec05dbb6e8f1777dbcb5cae2c94d3de1038180c735b1d01d05a,1,
CN_PENDING_PAGE_MANIFEST_0.1,LTMD-CN3-G1993-VP005,LTMD-CN3-G1993,H1993P3CI153,1993,3,5,179,5,https://historico.conaliteg.gob.mx/c/H1993P3CI153/005.jpg,0,0.027933,Q1,source_jpeg,1,200,image/jpeg,64178,b1a035051c8907536214cf9a93ebeec975ff2b2a5b76942a30c44d16adedb816,1,
CN_PENDING_PAGE_MANIFEST_0.1,LTMD-CN3-G1993-VP006,LTMD-CN3-G1993,H1993P3CI153,1993,3,6,179,6,https://historico.conaliteg.gob.mx/c/H1993P3CI153/006.jpg,0,0.033520,Q1,source_jpeg,1,200,image/jpeg,70573,5373ddcb5eb6937d5d0ef671ff5ca7958c7b831a118d2fdeb17f0d23a5ade158,1,
CN_PENDING_PAGE_MANIFEST_0.1,LTMD-CN3-G1993-VP007,LTMD-CN3-G1993,H1993P3CI153,1993,3,7,179,7,https://historico.conaliteg.gob.mx/c/H1993P3CI153/007.jpg,0,0.039106,Q1,source_jpeg,1,200,image/jpeg,74680,137bb28688be1f8c1d133f66782d552cedde66c4503a984df77e8322532b5789,1,
CN_PENDING_PAGE_MANIFEST_0.1,LTMD-CN3-G1993-VP008,LTMD-CN3-G1993,H1993P3CI153,1993,3,8,179,8,https://historico.conaliteg.gob.mx/c/H1993P3CI153/008.jpg,0,0.044693,Q1,source_jpeg,1,200,image/jpeg,78152,ee2e633fae4e52ffc2ef14ec7b09b2cf633a4d9e1aae45301184c451c1915027,1,
CN_PENDING_PAGE_MANIFEST_0.1,LTMD-CN3-G1993-VP009,LTMD-CN3-G1993,H1993P3CI153,1993,3,9,179,9,https://historico.conaliteg.gob.mx/c/H1993P3CI153/009.jpg,0,0.050279,Q1,source_jpeg,1,200,image/jpeg,63637,ee301cc118f97fac2862570275efb35cb46f8b33c3afd981d7f552e2f858d929,1,
CN_PENDING_PAGE_MANIFEST_0.1,LTMD-CN3-G1993-VP010,LTMD-CN3-G1993,H1993P3CI153,1993,3,10,179,10,https://historico.conaliteg.gob.mx/c/H1993P3CI153/010.jpg,0,0.055866,Q1,source_jpeg,1,200,image/jpeg,60258,6a7151fa2c5ad77dd01cfde122195fb93ac165c4a52510abd8eb6f2874c6104c,1,
CN_PENDING_PAGE_MANIFEST_0.1,LTMD-CN3-G1993-VP011,LTMD-CN3-G1993,H1993P3CI153,1993,3,11,179,11,https://historico.conaliteg.gob.mx/c/H1993P3CI153/011.jpg,0,0.061453,Q1,source_jpeg,1,200,image/jpeg,66444,114cc421c423c11c2c9736b15f0f4ca5521143176532a7eeab88222b91d2b35c,1,
CN_PENDING_PAGE_MANIFEST_0.1,LTMD-CN3-G1993-VP012,LTMD-CN3-G1993,H1993P3CI153,1993,3,12,179,12,https://historico.conaliteg.gob.mx/c/H1993P3CI153/012.jpg,0,0.067039,Q1,source_jpeg,1,200,image/jpeg,64213,361e8f06cb5e6cabf6ce7aa468d3803993498218193e7ee79ef27c6c9e9099c6,1,
CN_PENDING_PAGE_MANIFEST_0.1,LTMD-CN3-G1993-VP013,LTMD-CN3-G1993,H1993P3CI153,1993,3,13,179,13,https://historico.conaliteg.gob.mx/c/H1993P3CI153/013.jpg,0,0.072626,Q1,source_jpeg,1,200,image/jpeg,62506,ef1598f8fc4f6a00001b378481e6ce265f6dc561d16e6924c13dda76ff3488e0,1,
CN_PENDING_PAGE_MANIFEST_0.1,LTMD-CN3-G1993-VP014,LTMD-CN3-G1993,H1993P3CI153,1993,3,14,179,14,https://historico.conaliteg.gob.mx/c/H1993P3CI153/014.jpg,0,0.078212,Q1,source_jpeg,1,200,image/jpeg,72970,9df1f56827ce61be1ab0011039bee1ea2d5baae1f2afa8b07d2d5d2a77ac7058,1,
CN_PENDING_PAGE_MANIFEST_0.1,LTMD-CN3-G1993-VP015,LTMD-CN3-G1993,H1993P3CI153,1993,3,15,179,15,https://historico.conaliteg.gob.mx/c/H1993P3CI153/015.jpg,0,0.083799,Q1,source_jpeg,1,200,image/jpeg,65251,981103947dc6a53d180b133735fc117109a6486ecacb36a5402e21bfaaed8e7e,1,
CN_PENDING_PAGE_MANIFEST_0.1,LTMD-CN3-G1993-VP016,LTMD-CN3-G1993,H1993P3CI153,1993,3,16,179,16,https://historico.conaliteg.gob.mx/c/H1993P3CI153/016.jpg,0,0.089385,Q1,source_jpeg,1,200,image/jpeg,61877,0c162c78a9cdafe0e54d41fea7655fa53a3071b224d448e758700e825422a988,1,
CN_PENDING_PAGE_MANIFEST_0.1,LTMD-CN3-G1993-VP017,LTMD-CN3-G1993,H1993P3CI153,1993,3,17,179,17,https://historico.conaliteg.gob.mx/c/H1993P3CI153/017.jpg,0,0.094972,Q1,source_jpeg,1,200,image/jpeg,62041,3e9e2c0e97230a862f54eb521566c2a32b8d4ff04b34fdf80cf26ef17ffec1d5,1,
CN_PENDING_PAGE_MANIFEST_0.1,LTMD-CN3-G1993-VP018,LTMD-CN3-G1993,H1993P3CI153,1993,3,18,179,18,https://historico.conaliteg.gob.mx/c/H1993P3CI153/018.jpg,0,0.100559,Q1,source_jpeg,1,200,image/jpeg,63411,dd216d7caae34802257097eaac055860a9786b802b35af589dc1d50a13369f86,1,
CN_PENDING_PAGE_MANIFEST_0.1,LTMD-CN3-G1993-VP019,LTMD-CN3-G1993,H1993P3CI153,1993,3,19,179,19,https://historico.conaliteg.gob.mx/c/H1993P3CI153/019.jpg,0,0.106145,Q1,source_jpeg,1,200,image/jpeg,72422,3e7d562418e1162d40ddff962830c53c85167dd4e2d969622d112aceb8ca2ace,1,
CN_PENDING_PAGE_MANIFEST_0.1,LTMD-CN3-G1993-VP020,LTMD-CN3-G1993,H1993P3CI153,1993,3,20,179,20,https://historico.conaliteg.gob.mx/c/H1993P3CI153/020.jpg,0,0.111732,Q1,source_jpeg,1,200,image/jpeg,70443,f67dcbd78432d5c0acc32b79750afeba32adff70faa59325ccef32450669e05b,1,
CN_PENDING_PAGE_MANIFEST_0.1,LTMD-CN3-G1993-VP021,LTMD-CN3-G1993,H1993P3CI153,1993,3,21,179,21,https://historico.conaliteg.gob.mx/c/H1993P3CI153/021.jpg,0,0.117318,Q1,source_jpeg,1,200,image/jpeg,66922,d7e57d56ea95a1d2d31cd6ec6810f60f7eb1efb6fb20acb40c9227ea5146fbcf,1,
CN_PENDING_PAGE_MANIFEST_0.1,LTMD-CN3-G1993-VP022,LTMD-CN3-G1993,H1993P3CI153,1993,3,22,179,22,https://historico.conaliteg.gob.mx/c/H1993P3CI153/022.jpg,0,0.122905,Q1,source_jpeg,1,200,image/jpeg,76669,d90c238738798a0202faf842772a62611a5786f84f0a3677cb8ba2b5959c69e8,1,
CN_PENDING_PAGE_MANIFEST_0.1,LTMD-CN3-G1993-VP023,LTMD-CN3-G1993,H1993P3CI153,1993,3,23,179,23,https://historico.conaliteg.gob.mx/c/H1993P3CI153/023.jpg,0,0.128492,Q1,source_jpeg,1,200,image/jpeg,72243,fd4d9845ebf41c7f57b7b4f2c1c0ad27302707b454cd63b5920a033b54249c48,1,
CN_PENDING_PAGE_MANIFEST_0.1,LTMD-CN3-G1993-VP024,LTMD-CN3-G1993,H1993P3CI153,1993,3,24,179,24,https://historico.conaliteg.gob.mx/c/H1993P3CI153/024.jpg,0,0.134078,Q1,source_jpeg,1,200,image/jpeg,59289,e002ed7469c24bb25f6d328429df7af37ce15481668ddb7e48eb0266a48e04b8,1,
CN_PENDING_PAGE_MANIFEST_0.1,LTMD-CN3-G1993-VP025,LTMD-CN3-G1993,H1993P3CI153,1993,3,25,179,25,https://historico.conaliteg.gob.mx/c/H1993P3CI153/025.jpg,0,0.139665,Q1,source_jpeg,1,200,image/jpeg,69856,d91a82c56663694576254a5b649fcdf1ca3c9b1a81642f62db37c9b40930fe4d,1,
CN_PENDING_PAGE_MANIFEST_0.1,LTMD-CN3-G1993-VP026,LTMD-CN3-G1993,H1993P3CI153,1993,3,26,179,26,https://historico.conaliteg.gob.mx/c/H1993P3CI153/026.jpg,0,0.145251,Q1,source_jpeg,1,200,image/jpeg,61968,6942088985abc1bddf6d0f5c48de40a1115884b01c86dd7a6be24edcbf5f6924,1,
CN_PENDING_PAGE_MANIFEST_0.1,LTMD-CN3-G1993-VP027,LTMD-CN3-G1993,H1993P3CI153,1993,3,27,179,27,https://historico.conaliteg.gob.mx/c/H1993P3CI153/027.jpg,0,0.150838,Q1,source_jpeg,1,200,image/jpeg,61971,f9bbc545dc4216fc4376dd348554fdea1384aec7db7a0bd820ae026f39eac32e,1,
CN_PENDING_PAGE_MANIFEST_0.1,LTMD-CN3-G1993-VP028,LTMD-CN3-G1993,H1993P3CI153,1993,3,28,179,28,https://historico.conaliteg.gob.mx/c/H1993P3CI153/028.jpg,0,0.156425,Q1,source_jpeg,1,200,image/jpeg,58690,33f727701c1e0c30b05ad6e0b0a026d8c97866116aae9d0908d054aab140d7e5,1,
CN_PENDING_PAGE_MANIFEST_0.1,LTMD-CN3-G1993-VP029,LTMD-CN3-G1993,H1993P3CI153,1993,3,29,179,29,https://historico.conaliteg.gob.mx/c/H1993P3CI153/029.jpg,0,0.162011,Q1,source_jpeg,1,200,image/jpeg,71707,0804f6d5650066f8a509b63cafe2a1ced2a635b66465f01f30a7c0d391bd62e9,1,
CN_PENDING_PAGE_MANIFEST_0.1,LTMD-CN3-G1993-VP030,LTMD-CN3-G1993,H1993P3CI153,1993,3,30,179,30,https://historico.conaliteg.gob.mx/c/H1993P3CI153/030.jpg,0,0.167598,Q1,source_jpeg,1,200,image/jpeg,72366,5e7fa085a9283680aa17244f577b81123a3a7be0da48e36524301f403255e4a2,1,
CN_PENDING_PAGE_MANIFEST_0.1,LTMD-CN3-G1993-VP031,LTMD-CN3-G1993,H1993P3CI153,1993,3,31,179,31,https://historico.conaliteg.gob.mx/c/H1993P3CI153/031.jpg,0,0.173184,Q1,source_jpeg,1,200,image/jpeg,70570,1e0495ce8f22a9dd226640e427c75d977f79d3e39d0845d44599c95f8fef313d,1,
CN_PENDING_PAGE_MANIFEST_0.1,LTMD-CN3-G1993-VP032,LTMD-CN3-G1993,H1993P3CI153,1993,3,32,179,32,https://historico.conaliteg.gob.mx/c/H1993P3CI153/032.jpg,0,0.178771,Q1,source_jpeg,1,200,image/jpeg,66189,a6c0e37c35acb8bb7e7790b257c92da42a19f3bef5019eea40b8e80c7b4d39a2,1,
CN_PENDING_PAGE_MANIFEST_0.1,LTMD-CN3-G1993-VP033,LTMD-CN3-G1993,H1993P3CI153,1993,3,33,179,33,https://historico.conaliteg.gob.mx/c/H1993P3CI153/033.jpg,0,0.184358,Q1,source_jpeg,1,200,image/jpeg,76195,06a4c37e9bef292b3c83602c4c926383d70dd3e0af7a208001b839baa8e54c52,1,
CN_PENDING_PAGE_MANIFEST_0.1,LTMD-CN3-G1993-VP034,LTMD-CN3-G1993,H1993P3CI153,1993,3,34,179,34,https://historico.conaliteg.gob.mx/c/H1993P3CI153/034.jpg,0,0.189944,Q1,source_jpeg,1,200,image/jpeg,59398,da549f8939d0ffd260bae415fb95959ae0380fa52b8b9b40b2b24a97e3896349,1,
CN_PENDING_PAGE_MANIFEST_0.1,LTMD-CN3-G1993-VP035,LTMD-CN3-G1993,H1993P3CI153,1993,3,35,179,35,https://historico.conaliteg.gob.mx/c/H1993P3CI153/035.jpg,0,0.195531,Q1,source_jpeg,1,200,image/jpeg,79127,84330554c429b1b86317a3931ad5746c1a8b8cc2a25591f4225ff7c401de569b,1,
CN_PENDING_PAGE_MANIFEST_0.1,LTMD-CN3-G1993-VP036,LTMD-CN3-G1993,H1993P3CI153,1993,3,36,179,36,https://historico.conaliteg.gob.mx/c/H1993P3CI153/036.jpg,0,0.201117,Q1,source_jpeg,1,200,image/jpeg,65334,ff96d0802f1b5868d17285ce08c572cea97258ad85a6760f03866ab90c7094d1,1,
CN_PENDING_PAGE_MANIFEST_0.1,LTMD-CN3-G1993-VP037,LTMD-CN3-G1993,H1993P3CI153,1993,3,37,179,37,https://historico.conaliteg.gob.mx/c/H1993P3CI153/037.jpg,0,0.206704,Q1,source_jpeg,1,200,image/jpeg,68651,b2012fec927853a7a4be53ff229b3b25ecb14141b5fdd8adf1cd45b7457c2f64,1,
CN_PENDING_PAGE_MANIFEST_0.1,LTMD-CN3-G1993-VP038,LTMD-CN3-G1993,H1993P3CI153,1993,3,38,179,38,https://historico.conaliteg.gob.mx/c/H1993P3CI153/038.jpg,0,0.212291,Q1,source_jpeg,1,200,image/jpeg,73810,dfbbbc2d6ae40c032ae262a73949bd82d76ec5492660d770d797ea695ab53131,1,
CN_PENDING_PAGE_MANIFEST_0.1,LTMD-CN3-G1993-VP039,LTMD-CN3-G1993,H1993P3CI153,1993,3,39,179,39,https://historico.conaliteg.gob.mx/c/H1993P3CI153/039.jpg,0,0.217877,Q1,source_jpeg,1,200,image/jpeg,74451,977288f8283c0e81ca5a571f7adb4c32dbf5bcea62a447fbd26bfd094baadd1f,1,
CN_PENDING_PAGE_MANIFEST_0.1,LTMD-CN3-G1993-VP040,LTMD-CN3-G1993,H1993P3CI153,1993,3,40,179,40,https://historico.conaliteg.gob.mx/c/H1993P3CI153/040.jpg,0,0.223464,Q1,source_jpeg,1,200,image/jpeg,66910,f00d224c07fdd1bca195f77453b1df6060b6d9058ce58fd8fcfde967225a033e,1,
CN_PENDING_PAGE_MANIFEST_0.1,LTMD-CN3-G1993-VP041,LTMD-CN3-G1993,H1993P3CI153,1993,3,41,179,41,https://historico.conaliteg.gob.mx/c/H1993P3CI153/041.jpg,0,0.229050,Q1,source_jpeg,1,200,image/jpeg,58029,7f6e1b54ad953d1fc9d49c669d4c6075e87459aa8fb7b10905d32c69dda84352,1,
CN_PENDING_PAGE_MANIFEST_0.1,LTMD-CN3-G1993-VP042,LTMD-CN3-G1993,H1993P3CI153,1993,3,42,179,42,https://historico.conaliteg.gob.mx/c/H1993P3CI153/042.jpg,0,0.234637,Q1,source_jpeg,1,200,image/jpeg,63830,9bf7dc168a17c34c16dd1946d64c3b66f3172ad16f9776ac05a0d08b62da6814,1,
CN_PENDING_PAGE_MANIFEST_0.1,LTMD-CN3-G1993-VP043,LTMD-CN3-G1993,H1993P3CI153,1993,3,43,179,43,https://historico.conaliteg.gob.mx/c/H1993P3CI153/043.jpg,0,0.240223,Q1,source_jpeg,1,200,image/jpeg,69880,01c34e60deee507adcae92111e6bc8bd3ae99e72dab44767307319f06a6f5052,1,
CN_PENDING_PAGE_MANIFEST_0.1,LTMD-CN3-G1993-VP044,LTMD-CN3-G1993,H1993P3CI153,1993,3,44,179,44,https://historico.conaliteg.gob.mx/c/H1993P3CI153/044.jpg,0,0.245810,Q1,source_jpeg,1,200,image/jpeg,79853,19f8fc99951c3a1f16061ddeeedba22242723afbb5ce3c02fbcc8f145ab3fc47,1,
CN_PENDING_PAGE_MANIFEST_0.1,LTMD-CN3-G1993-VP045,LTMD-CN3-G1993,H1993P3CI153,1993,3,45,179,45,https://historico.conaliteg.gob.mx/c/H1993P3CI153/045.jpg,0,0.251397,Q2,source_jpeg,1,200,image/jpeg,81546,00e361b737ce49dcd22ccff856df61d729f80fd32c65d4f27f8b5ee8104f2eb3,1,
CN_PENDING_PAGE_MANIFEST_0.1,LTMD-CN3-G1993-VP046,LTMD-CN3-G1993,H1993P3CI153,1993,3,46,179,46,https://historico.conaliteg.gob.mx/c/H1993P3CI153/046.jpg,0,0.256983,Q2,source_jpeg,1,200,image/jpeg,69166,711f4bc7cf32f59147df762d6f637da621723db4d3b0d066eb4510cdeda9e0c3,1,
CN_PENDING_PAGE_MANIFEST_0.1,LTMD-CN3-G1993-VP047,LTMD-CN3-G1993,H1993P3CI153,1993,3,47,179,47,https://historico.conaliteg.gob.mx/c/H1993P3CI153/047.jpg,0,0.262570,Q2,source_jpeg,1,200,image/jpeg,59106,467ed946fe29686ece2761ebeb33f9ef9a7339b4869bb8662bb792ec3a835579,1,
CN_PENDING_PAGE_MANIFEST_0.1,LTMD-CN3-G1993-VP048,LTMD-CN3-G1993,H1993P3CI153,1993,3,48,179,48,https://historico.conaliteg.gob.mx/c/H1993P3CI153/048.jpg,0,0.268156,Q2,source_jpeg,1,200,image/jpeg,69167,4c61a074cff751ddda7b98991892a5ed3c8415cc677dae425fa3aac71b7caa5f,1,
CN_PENDING_PAGE_MANIFEST_0.1,LTMD-CN3-G1993-VP049,LTMD-CN3-G1993,H1993P3CI153,1993,3,49,179,49,https://historico.conaliteg.gob.mx/c/H1993P3CI153/049.jpg,0,0.273743,Q2,source_jpeg,1,200,image/jpeg,63217,d957b49ebcd5a37c7a77755d5a18edb5e91ec60dd79454e7ba8e36b1282f8cf6,1,
CN_PENDING_PAGE_MANIFEST_0.1,LTMD-CN3-G1993-VP050,LTMD-CN3-G1993,H1993P3CI153,1993,3,50,179,50,https://historico.conaliteg.gob.mx/c/H1993P3CI153/050.jpg,0,0.279330,Q2,source_jpeg,1,200,image/jpeg,64612,ffc48dd436bef15e8963893a97b498e420c97cd1d7777ca07583a10f58f0fdf3,1,
CN_PENDING_PAGE_MANIFEST_0.1,LTMD-CN3-G1993-VP051,LTMD-CN3-G1993,H1993P3CI153,1993,3,51,179,51,https://historico.conaliteg.gob.mx/c/H1993P3CI153/051.jpg,0,0.284916,Q2,source_jpeg,1,200,image/jpeg,66520,3abd7844cef02b577977b8704b6d0544c81ff320ca93e78ed0538fdbf9f205be,1,
CN_PENDING_PAGE_MANIFEST_0.1,LTMD-CN3-G1993-VP052,LTMD-CN3-G1993,H1993P3CI153,1993,3,52,179,52,https://historico.conaliteg.gob.mx/c/H1993P3CI153/052.jpg,0,0.290503,Q2,source_jpeg,1,200,image/jpeg,61938,013c183a5d3c5706c42a5cb2018714c362df4eabd47ed8eeeebbfd9226a932d3,1,
CN_PENDING_PAGE_MANIFEST_0.1,LTMD-CN3-G1993-VP053,LTMD-CN3-G1993,H1993P3CI153,1993,3,53,179,53,https://historico.conaliteg.gob.mx/c/H1993P3CI153/053.jpg,0,0.296089,Q2,source_jpeg,1,200,image/jpeg,65161,3c4a2954f5abdb698dc6318e0070c5ca233b53b7db1184d02f72c5baddfc3ded,1,
CN_PENDING_PAGE_MANIFEST_0.1,LTMD-CN3-G1993-VP054,LTMD-CN3-G1993,H1993P3CI153,1993,3,54,179,54,https://historico.conaliteg.gob.mx/c/H1993P3CI153/054.jpg,0,0.301676,Q2,source_jpeg,1,200,image/jpeg,64518,3d19c83a8347187a90cf19856e8eb2a287c3cf5f4c3feb5bc814bab3bc5cd95a,1,
CN_PENDING_PAGE_MANIFEST_0.1,LTMD-CN3-G1993-VP055,LTMD-CN3-G1993,H1993P3CI153,1993,3,55,179,55,https://historico.conaliteg.gob.mx/c/H1993P3CI153/055.jpg,0,0.307263,Q2,source_jpeg,1,200,image/jpeg,65246,941282e1f2c0ba6f17476d37eeeee8b5b5a06dd070dae414450f5340513e67f0,1,
CN_PENDING_PAGE_MANIFEST_0.1,LTMD-CN3-G1993-VP056,LTMD-CN3-G1993,H1993P3CI153,1993,3,56,179,56,https://historico.conaliteg.gob.mx/c/H1993P3CI153/056.jpg,0,0.312849,Q2,source_jpeg,1,200,image/jpeg,64859,8af356542d5b9d7f44bb005339b256507780e2ea716d86998e4bdb62d30d78c0,1,
CN_PENDING_PAGE_MANIFEST_0.1,LTMD-CN3-G1993-VP057,LTMD-CN3-G1993,H1993P3CI153,1993,3,57,179,57,https://historico.conaliteg.gob.mx/c/H1993P3CI153/057.jpg,0,0.318436,Q2,source_jpeg,1,200,image/jpeg,53556,e37b13a7823f31988e5748c50858ecc73c5099bea5ba35c8b2c3488951f6be3c,1,
CN_PENDING_PAGE_MANIFEST_0.1,LTMD-CN3-G1993-VP058,LTMD-CN3-G1993,H1993P3CI153,1993,3,58,179,58,https://historico.conaliteg.gob.mx/c/H1993P3CI153/058.jpg,0,0.324022,Q2,source_jpeg,1,200,image/jpeg,62492,b123792b8bfd7c2c546a640529112b6f2431a98eb1c29a6864de5e190ecd7711,1,
CN_PENDING_PAGE_MANIFEST_0.1,LTMD-CN3-G1993-VP059,LTMD-CN3-G1993,H1993P3CI153,1993,3,59,179,59,https://historico.conaliteg.gob.mx/c/H1993P3CI153/059.jpg,0,0.329609,Q2,source_jpeg,1,200,image/jpeg,66352,0b36ec3265f68521ec81404700d306a9c1a59badc0f99b0cf583f309d8532902,1,
CN_PENDING_PAGE_MANIFEST_0.1,LTMD-CN3-G1993-VP060,LTMD-CN3-G1993,H1993P3CI153,1993,3,60,179,60,https://historico.conaliteg.gob.mx/c/H1993P3CI153/060.jpg,0,0.335196,Q2,source_jpeg,1,200,image/jpeg,54211,d8fbf4b667aacd30c4cb2b270439c17554087b66e6c15ba8ee6a2a87960b123d,1,
CN_PENDING_PAGE_MANIFEST_0.1,LTMD-CN3-G1993-VP061,LTMD-CN3-G1993,H1993P3CI153,1993,3,61,179,61,https://historico.conaliteg.gob.mx/c/H1993P3CI153/061.jpg,0,0.340782,Q2,source_jpeg,1,200,image/jpeg,73373,f411d294c82e63b4c011c4f9ddc279841c141e988393ff37a6393c21f1423a64,1,
CN_PENDING_PAGE_MANIFEST_0.1,LTMD-CN3-G1993-VP062,LTMD-CN3-G1993,H1993P3CI153,1993,3,62,179,62,https://historico.conaliteg.gob.mx/c/H1993P3CI153/062.jpg,0,0.346369,Q2,source_jpeg,1,200,image/jpeg,79791,842d90435fd4dd4240781c63648d7f474a0417acd6c8ef70f63c862a08992596,1,
CN_PENDING_PAGE_MANIFEST_0.1,LTMD-CN3-G1993-VP063,LTMD-CN3-G1993,H1993P3CI153,1993,3,63,179,63,https://historico.conaliteg.gob.mx/c/H1993P3CI153/063.jpg,0,0.351955,Q2,source_jpeg,1,200,image/jpeg,70922,5303f27ca9966301011800c81d0768a7f5eb1aeee68bd028927bfc4a58098188,1,
CN_PENDING_PAGE_MANIFEST_0.1,LTMD-CN3-G1993-VP064,LTMD-CN3-G1993,H1993P3CI153,1993,3,64,179,64,https://historico.conaliteg.gob.mx/c/H1993P3CI153/064.jpg,0,0.357542,Q2,source_jpeg,1,200,image/jpeg,61820,6a3d70d54b61b8e44ceebe66ca36ba984cc51f7c1f9b79f434afa745768a0275,1,
CN_PENDING_PAGE_MANIFEST_0.1,LTMD-CN3-G1993-VP065,LTMD-CN3-G1993,H1993P3CI153,1993,3,65,179,65,https://historico.conaliteg.gob.mx/c/H1993P3CI153/065.jpg,0,0.363128,Q2,source_jpeg,1,200,image/jpeg,61833,d9049d785924375dfb37bf88528997dc825bc9a6434b15006c1d3570f57afd06,1,
CN_PENDING_PAGE_MANIFEST_0.1,LTMD-CN3-G1993-VP066,LTMD-CN3-G1993,H1993P3CI153,1993,3,66,179,66,https://historico.conaliteg.gob.mx/c/H1993P3CI153/066.jpg,0,0.368715,Q2,source_jpeg,1,200,image/jpeg,68073,40ce49aae2bd2bcd6b5179355a971597c617a16a7b6bbb37b50e5025e3ad551c,1,
CN_PENDING_PAGE_MANIFEST_0.1,LTMD-CN3-G1993-VP067,LTMD-CN3-G1993,H1993P3CI153,1993,3,67,179,67,https://historico.conaliteg.gob.mx/c/H1993P3CI153/067.jpg,0,0.374302,Q2,source_jpeg,1,200,image/jpeg,73638,37fd3143116b0790eb81be7c42abe52a8574033482ff61635ebf2af5ce8762d3,1,
CN_PENDING_PAGE_MANIFEST_0.1,LTMD-CN3-G1993-VP068,LTMD-CN3-G1993,H1993P3CI153,1993,3,68,179,68,https://historico.conaliteg.gob.mx/c/H1993P3CI153/068.jpg,0,0.379888,Q2,source_jpeg,1,200,image/jpeg,70598,7ad6c5b735f3ed35412243f8e1df5433d61e10b4232f00cd7301548f356d8d5a,1,
CN_PENDING_PAGE_MANIFEST_0.1,LTMD-CN3-G1993-VP069,LTMD-CN3-G1993,H1993P3CI153,1993,3,69,179,69,https://historico.conaliteg.gob.mx/c/H1993P3CI153/069.jpg,0,0.385475,Q2,source_jpeg,1,200,image/jpeg,65865,1b69deda3fb526f7c63d9ad4a784c65f319ead97ca37aad15270f7ea27f2f072,1,
CN_PENDING_PAGE_MANIFEST_0.1,LTMD-CN3-G1993-VP070,LTMD-CN3-G1993,H1993P3CI153,1993,3,70,179,70,https://historico.conaliteg.gob.mx/c/H1993P3CI153/070.jpg,0,0.391061,Q2,source_jpeg,1,200,image/jpeg,80596,fb640f0656daa0f4dab4f27e4775f1eca66d60a808fd9018787d4c24f92ce66d,1,
CN_PENDING_PAGE_MANIFEST_0.1,LTMD-CN3-G1993-VP071,LTMD-CN3-G1993,H1993P3CI153,1993,3,71,179,71,https://historico.conaliteg.gob.mx/c/H1993P3CI153/071.jpg,0,0.396648,Q2,source_jpeg,1,200,image/jpeg,63732,9bda4175f63d6baba918e66d5c9a6418e754561dbf8a2a9d69cb3b995faf06ec,1,
CN_PENDING_PAGE_MANIFEST_0.1,LTMD-CN3-G1993-VP072,LTMD-CN3-G1993,H1993P3CI153,1993,3,72,179,72,https://historico.conaliteg.gob.mx/c/H1993P3CI153/072.jpg,0,0.402235,Q2,source_jpeg,1,200,image/jpeg,73196,5e64bbb5600d226ea7f30d6e380515ca2d590a094dff94d9f5eb0e54acfcdb5e,1,
CN_PENDING_PAGE_MANIFEST_0.1,LTMD-CN3-G1993-VP073,LTMD-CN3-G1993,H1993P3CI153,1993,3,73,179,73,https://historico.conaliteg.gob.mx/c/H1993P3CI153/073.jpg,0,0.407821,Q2,source_jpeg,1,200,image/jpeg,71686,6cfd6b3381a8bacd72dfa3b621522f94106d3023a6de8f07a50651f76bbb1916,1,
CN_PENDING_PAGE_MANIFEST_0.1,LTMD-CN3-G1993-VP074,LTMD-CN3-G1993,H1993P3CI153,1993,3,74,179,74,https://historico.conaliteg.gob.mx/c/H1993P3CI153/074.jpg,0,0.413408,Q2,source_jpeg,1,200,image/jpeg,75482,4d12ae3b8800a10b1601e6f2b78e44c201e3940dd3ac604a3eb8e004f02ae4c7,1,
CN_PENDING_PAGE_MANIFEST_0.1,LTMD-CN3-G1993-VP075,LTMD-CN3-G1993,H1993P3CI153,1993,3,75,179,75,https://historico.conaliteg.gob.mx/c/H1993P3CI153/075.jpg,0,0.418994,Q2,source_jpeg,1,200,image/jpeg,76035,587a86c207dc02e72519caaedc179366f4c2db95808bb01a924c88a10a2b0d15,1,
CN_PENDING_PAGE_MANIFEST_0.1,LTMD-CN3-G1993-VP076,LTMD-CN3-G1993,H1993P3CI153,1993,3,76,179,76,https://historico.conaliteg.gob.mx/c/H1993P3CI153/076.jpg,0,0.424581,Q2,source_jpeg,1,200,image/jpeg,74884,1859e9b8a49409acfc9254ac40b4d8eeb407151e079eddbbbdf112361bd699ba,1,
CN_PENDING_PAGE_MANIFEST_0.1,LTMD-CN3-G1993-VP077,LTMD-CN3-G1993,H1993P3CI153,1993,3,77,179,77,https://historico.conaliteg.gob.mx/c/H1993P3CI153/077.jpg,0,0.430168,Q2,source_jpeg,1,200,image/jpeg,74885,3f00c8c606ee3239f5aebcc17d2a6ab3b9a22e45684b623564779828578d61bd,1,
CN_PENDING_PAGE_MANIFEST_0.1,LTMD-CN3-G1993-VP078,LTMD-CN3-G1993,H1993P3CI153,1993,3,78,179,78,https://historico.conaliteg.gob.mx/c/H1993P3CI153/078.jpg,0,0.435754,Q2,source_jpeg,1,200,image/jpeg,63768,036bfb8e6770d29b3b90d3f9f6c86e96c4cb08ddfd501b1913cfe6584c199cb4,1,
CN_PENDING_PAGE_MANIFEST_0.1,LTMD-CN3-G1993-VP079,LTMD-CN3-G1993,H1993P3CI153,1993,3,79,179,79,https://historico.conaliteg.gob.mx/c/H1993P3CI153/079.jpg,0,0.441341,Q2,source_jpeg,1,200,image/jpeg,76413,6402b34efbdd1f0b0e46bea70108aa83171052dca71821184280cc3627b4c2f0,1,
CN_PENDING_PAGE_MANIFEST_0.1,LTMD-CN3-G1993-VP080,LTMD-CN3-G1993,H1993P3CI153,1993,3,80,179,80,https://historico.conaliteg.gob.mx/c/H1993P3CI153/080.jpg,0,0.446927,Q2,source_jpeg,1,200,image/jpeg,66935,2ebafcb46abf09da584723f52004939539345d865326ff32a6ba5cf755d8dc79,1,
CN_PENDING_PAGE_MANIFEST_0.1,LTMD-CN3-G1993-VP081,LTMD-CN3-G1993,H1993P3CI153,1993,3,81,179,81,https://historico.conaliteg.gob.mx/c/H1993P3CI153/081.jpg,0,0.452514,Q2,source_jpeg,1,200,image/jpeg,70673,0476ba696b5c10882b0fe4947ce848e5365b40b168280607201688e900af3b2e,1,
CN_PENDING_PAGE_MANIFEST_0.1,LTMD-CN3-G1993-VP082,LTMD-CN3-G1993,H1993P3CI153,1993,3,82,179,82,https://historico.conaliteg.gob.mx/c/H1993P3CI153/082.jpg,0,0.458101,Q2,source_jpeg,1,200,image/jpeg,80212,9d674a2bd336ec6262a008887413636d117dca45c5bc38b5352aeeecd81d3849,1,
CN_PENDING_PAGE_MANIFEST_0.1,LTMD-CN3-G1993-VP083,LTMD-CN3-G1993,H1993P3CI153,1993,3,83,179,83,https://historico.conaliteg.gob.mx/c/H1993P3CI153/083.jpg,0,0.463687,Q2,source_jpeg,1,200,image/jpeg,78518,d03db7bec79740a6476ab24e34efa8c11ac0d9532329a419db2ca026ad1187d9,1,
CN_PENDING_PAGE_MANIFEST_0.1,LTMD-CN3-G1993-VP084,LTMD-CN3-G1993,H1993P3CI153,1993,3,84,179,84,https://historico.conaliteg.gob.mx/c/H1993P3CI153/084.jpg,0,0.469274,Q2,source_jpeg,1,200,image/jpeg,74041,f003861d99231307141c41cac3525d2a558c416709eb6f9c13ab98c707e683cd,1,
CN_PENDING_PAGE_MANIFEST_0.1,LTMD-CN3-G1993-VP085,LTMD-CN3-G1993,H1993P3CI153,1993,3,85,179,85,https://historico.conaliteg.gob.mx/c/H1993P3CI153/085.jpg,0,0.474860,Q2,source_jpeg,1,200,image/jpeg,63517,b1583d95d1fc81ee908e73985825bc98ed51c3bc35c19952adc54257682dfca1,1,
CN_PENDING_PAGE_MANIFEST_0.1,LTMD-CN3-G1993-VP086,LTMD-CN3-G1993,H1993P3CI153,1993,3,86,179,86,https://historico.conaliteg.gob.mx/c/H1993P3CI153/086.jpg,0,0.480447,Q2,source_jpeg,1,200,image/jpeg,73621,199ff8a923397fd0a76b9996901e5c68877ed3f0468f600a823227d4cbf10dff,1,
CN_PENDING_PAGE_MANIFEST_0.1,LTMD-CN3-G1993-VP087,LTMD-CN3-G1993,H1993P3CI153,1993,3,87,179,87,https://historico.conaliteg.gob.mx/c/H1993P3CI153/087.jpg,0,0.486034,Q2,source_jpeg,1,200,image/jpeg,68290,6ad9265cbf7f01091c113d82073bbd7a319534c329bfe8e6f8cb006557a7a60a,1,
CN_PENDING_PAGE_MANIFEST_0.1,LTMD-CN3-G1993-VP088,LTMD-CN3-G1993,H1993P3CI153,1993,3,88,179,88,https://historico.conaliteg.gob.mx/c/H1993P3CI153/088.jpg,0,0.491620,Q2,source_jpeg,1,200,image/jpeg,63518,2f4ad3f7f67ae1e15336dec0eb16635d1d5fadd787b1b17a6486b17e20158fff,1,
CN_PENDING_PAGE_MANIFEST_0.1,LTMD-CN3-G1993-VP089,LTMD-CN3-G1993,H1993P3CI153,1993,3,89,179,89,https://historico.conaliteg.gob.mx/c/H1993P3CI153/089.jpg,0,0.497207,Q2,source_jpeg,1,200,image/jpeg,70856,7cc21404792a365090091ad0ffcba469745f7d18ebbbe87f920db65eef35e3f4,1,
CN_PENDING_PAGE_MANIFEST_0.1,LTMD-CN3-G1993-VP090,LTMD-CN3-G1993,H1993P3CI153,1993,3,90,179,90,https://historico.conaliteg.gob.mx/c/H1993P3CI153/090.jpg,0,0.502793,Q3,source_jpeg,1,200,image/jpeg,71768,26d5768d1fb1aeaaa532a9b9e765dded9f561249ad206c7fea06ef3e6a333f50,1,
CN_PENDING_PAGE_MANIFEST_0.1,LTMD-CN3-G1993-VP091,LTMD-CN3-G1993,H1993P3CI153,1993,3,91,179,91,https://historico.conaliteg.gob.mx/c/H1993P3CI153/091.jpg,0,0.508380,Q3,source_jpeg,1,200,image/jpeg,73957,4a5b27666ff3e3b16e2ad7deecccb3cd54be63f026177135a7da374c6e5beec6,1,
CN_PENDING_PAGE_MANIFEST_0.1,LTMD-CN3-G1993-VP092,LTMD-CN3-G1993,H1993P3CI153,1993,3,92,179,92,https://historico.conaliteg.gob.mx/c/H1993P3CI153/092.jpg,0,0.513966,Q3,source_jpeg,1,200,image/jpeg,70594,89a8810e6c08731e5d2d4d6eb7a88807eaaaf9bd965c7a741dcf9a734cc849b2,1,
CN_PENDING_PAGE_MANIFEST_0.1,LTMD-CN3-G1993-VP093,LTMD-CN3-G1993,H1993P3CI153,1993,3,93,179,93,https://historico.conaliteg.gob.mx/c/H1993P3CI153/093.jpg,0,0.519553,Q3,source_jpeg,1,200,image/jpeg,74088,0563991af6b7f13a5edb2c0a811f5690c47bf6e49f3ce20d19d3f504b0f7b095,1,
CN_PENDING_PAGE_MANIFEST_0.1,LTMD-CN3-G1993-VP094,LTMD-CN3-G1993,H1993P3CI153,1993,3,94,179,94,https://historico.conaliteg.gob.mx/c/H1993P3CI153/094.jpg,0,0.525140,Q3,source_jpeg,1,200,image/jpeg,80036,024dcfc2426b2d69f156a5efe42f7d8e9c8bd68ebe3c35464b7ef48732f246d9,1,
CN_PENDING_PAGE_MANIFEST_0.1,LTMD-CN3-G1993-VP095,LTMD-CN3-G1993,H1993P3CI153,1993,3,95,179,95,https://historico.conaliteg.gob.mx/c/H1993P3CI153/095.jpg,0,0.530726,Q3,source_jpeg,1,200,image/jpeg,72290,e559b51751120805a9764a1bbf31b99a45883159d21e9923c0191e33304c8ff4,1,
CN_PENDING_PAGE_MANIFEST_0.1,LTMD-CN3-G1993-VP096,LTMD-CN3-G1993,H1993P3CI153,1993,3,96,179,96,https://historico.conaliteg.gob.mx/c/H1993P3CI153/096.jpg,0,0.536313,Q3,source_jpeg,1,200,image/jpeg,78107,2508dc3086261bc2b9ae0bebcacec8880965c75e0fd63648f3d9804d0b1d7a4b,1,
CN_PENDING_PAGE_MANIFEST_0.1,LTMD-CN3-G1993-VP097,LTMD-CN3-G1993,H1993P3CI153,1993,3,97,179,97,https://historico.conaliteg.gob.mx/c/H1993P3CI153/097.jpg,0,0.541899,Q3,source_jpeg,1,200,image/jpeg,72987,10083419bbdc9b7295a6407497c425285f8b6be7c64f85b31d6ec9ae07e21e83,1,
CN_PENDING_PAGE_MANIFEST_0.1,LTMD-CN3-G1993-VP098,LTMD-CN3-G1993,H1993P3CI153,1993,3,98,179,98,https://historico.conaliteg.gob.mx/c/H1993P3CI153/098.jpg,0,0.547486,Q3,source_jpeg,1,200,image/jpeg,63274,846087cf3fb79d4fd60bb5b96a3e9f5bada5d20d544a1e64d9b39da5d0589fde,1,
CN_PENDING_PAGE_MANIFEST_0.1,LTMD-CN3-G1993-VP099,LTMD-CN3-G1993,H1993P3CI153,1993,3,99,179,99,https://historico.conaliteg.gob.mx/c/H1993P3CI153/099.jpg,0,0.553073,Q3,source_jpeg,1,200,image/jpeg,77782,720f34876f13f53c8b3b5e92b5f765d34411ebd974c50b9aa56caf1269bf87fd,1,
CN_PENDING_PAGE_MANIFEST_0.1,LTMD-CN3-G1993-VP100,LTMD-CN3-G1993,H1993P3CI153,1993,3,100,179,100,https://historico.conaliteg.gob.mx/c/H1993P3CI153/100.jpg,0,0.558659,Q3,source_jpeg,1,200,image/jpeg,65396,184d7dc4955dc2fb45664072e73fb1ddb9bf36aed39b86bf631a20f82a9eaff8,1,
CN_PENDING_PAGE_MANIFEST_0.1,LTMD-CN3-G1993-VP101,LTMD-CN3-G1993,H1993P3CI153,1993,3,101,179,101,https://historico.conaliteg.gob.mx/c/H1993P3CI153/101.jpg,0,0.564246,Q3,source_jpeg,1,200,image/jpeg,60583,0ff24ea161688b9236b016777d6d8aad5a728d2caa814e996fce28fb6c3266e8,1,
CN_PENDING_PAGE_MANIFEST_0.1,LTMD-CN3-G1993-VP102,LTMD-CN3-G1993,H1993P3CI153,1993,3,102,179,102,https://historico.conaliteg.gob.mx/c/H1993P3CI153/102.jpg,0,0.569832,Q3,source_jpeg,1,200,image/jpeg,69662,b46cb371a2ac21fa919afa1974814b3e75532b73d9abc0aaa0aa2a2ced648ba2,1,
CN_PENDING_PAGE_MANIFEST_0.1,LTMD-CN3-G1993-VP103,LTMD-CN3-G1993,H1993P3CI153,1993,3,103,179,103,https://historico.conaliteg.gob.mx/c/H1993P3CI153/103.jpg,0,0.575419,Q3,source_jpeg,1,200,image/jpeg,77343,9d02d81ef908b18c086de57e8f641036610a233dad15dbba7e4df237aad40e13,1,
CN_PENDING_PAGE_MANIFEST_0.1,LTMD-CN3-G1993-VP104,LTMD-CN3-G1993,H1993P3CI153,1993,3,104,179,104,https://historico.conaliteg.gob.mx/c/H1993P3CI153/104.jpg,0,0.581006,Q3,source_jpeg,1,200,image/jpeg,78374,1975fd2181e868e93070caadfe180fc823ea7a526f141900516bed8a236e2f4e,1,
CN_PENDING_PAGE_MANIFEST_0.1,LTMD-CN3-G1993-VP105,LTMD-CN3-G1993,H1993P3CI153,1993,3,105,179,105,https://historico.conaliteg.gob.mx/c/H1993P3CI153/105.jpg,0,0.586592,Q3,source_jpeg,1,200,image/jpeg,66283,b69e8d96ba89e4d198f2a188ae104fc822c86b84c26f1581e1753316f59f89c3,1,
CN_PENDING_PAGE_MANIFEST_0.1,LTMD-CN3-G1993-VP106,LTMD-CN3-G1993,H1993P3CI153,1993,3,106,179,106,https://historico.conaliteg.gob.mx/c/H1993P3CI153/106.jpg,0,0.592179,Q3,source_jpeg,1,200,image/jpeg,67179,3a6ef0cb8925d30843f0baaa109a726f2d70786710f6df5d4b7f195152b77257,1,
CN_PENDING_PAGE_MANIFEST_0.1,LTMD-CN3-G1993-VP107,LTMD-CN3-G1993,H1993P3CI153,1993,3,107,179,107,https://historico.conaliteg.gob.mx/c/H1993P3CI153/107.jpg,0,0.597765,Q3,source_jpeg,1,200,image/jpeg,75546,f0e24b5e5349719a3bba1fb233fb3bb64e5ed5de6831c5d028cbc4cc61d419c6,1,
CN_PENDING_PAGE_MANIFEST_0.1,LTMD-CN3-G1993-VP108,LTMD-CN3-G1993,H1993P3CI153,1993,3,108,179,108,https://historico.conaliteg.gob.mx/c/H1993P3CI153/108.jpg,0,0.603352,Q3,source_jpeg,1,200,image/jpeg,72167,3a52fbc4487f47098f3bc9de1cf95f191136ef6c64c53564649b18e906472c9f,1,
CN_PENDING_PAGE_MANIFEST_0.1,LTMD-CN3-G1993-VP109,LTMD-CN3-G1993,H1993P3CI153,1993,3,109,179,109,https://historico.conaliteg.gob.mx/c/H1993P3CI153/109.jpg,0,0.608939,Q3,source_jpeg,1,200,image/jpeg,69147,3ff438e6b6f1c486c4747dbe568ee1953d7e259887b0f92b792f3674a797f208,1,
CN_PENDING_PAGE_MANIFEST_0.1,LTMD-CN3-G1993-VP110,LTMD-CN3-G1993,H1993P3CI153,1993,3,110,179,110,https://historico.conaliteg.gob.mx/c/H1993P3CI153/110.jpg,0,0.614525,Q3,source_jpeg,1,200,image/jpeg,74716,d87e466628495dc14a3f443d1435b70e334b961105bdf4074f12d8907f6a05b0,1,
CN_PENDING_PAGE_MANIFEST_0.1,LTMD-CN3-G1993-VP111,LTMD-CN3-G1993,H1993P3CI153,1993,3,111,179,111,https://historico.conaliteg.gob.mx/c/H1993P3CI153/111.jpg,0,0.620112,Q3,source_jpeg,1,200,image/jpeg,78821,74a8d8ea8f1c12927cc78e28932d59bde78f95cfd69a59c14dadfb64b336a334,1,
CN_PENDING_PAGE_MANIFEST_0.1,LTMD-CN3-G1993-VP112,LTMD-CN3-G1993,H1993P3CI153,1993,3,112,179,112,https://historico.conaliteg.gob.mx/c/H1993P3CI153/112.jpg,0,0.625698,Q3,source_jpeg,1,200,image/jpeg,76894,cde8b45bdcd5636d0a2bfc92c1b38cfd3cf24fa65adebf12b41e8c643b72c490,1,
CN_PENDING_PAGE_MANIFEST_0.1,LTMD-CN3-G1993-VP113,LTMD-CN3-G1993,H1993P3CI153,1993,3,113,179,113,https://historico.conaliteg.gob.mx/c/H1993P3CI153/113.jpg,0,0.631285,Q3,source_jpeg,1,200,image/jpeg,60771,ea298d1e35cc6e3c633c41892f8d1723168f472b9cca1f614572e92cfa1667c8,1,
CN_PENDING_PAGE_MANIFEST_0.1,LTMD-CN3-G1993-VP114,LTMD-CN3-G1993,H1993P3CI153,1993,3,114,179,114,https://historico.conaliteg.gob.mx/c/H1993P3CI153/114.jpg,0,0.636872,Q3,source_jpeg,1,200,image/jpeg,64854,0b2bbe172c978398f6af9c313bdc1bc42d172b1e871756134bd155a88681a424,1,
CN_PENDING_PAGE_MANIFEST_0.1,LTMD-CN3-G1993-VP115,LTMD-CN3-G1993,H1993P3CI153,1993,3,115,179,115,https://historico.conaliteg.gob.mx/c/H1993P3CI153/115.jpg,0,0.642458,Q3,source_jpeg,1,200,image/jpeg,67749,516fad0a4337c39b34b041e53a9a3b6dc30c38a892dfe035f96a51313cdf6c28,1,
CN_PENDING_PAGE_MANIFEST_0.1,LTMD-CN3-G1993-VP116,LTMD-CN3-G1993,H1993P3CI153,1993,3,116,179,116,https://historico.conaliteg.gob.mx/c/H1993P3CI153/116.jpg,0,0.648045,Q3,source_jpeg,1,200,image/jpeg,68456,9a1be85dbd4129034d37ed8f9ba382b39d98303086aaf37084b1cc5b0df594bb,1,
CN_PENDING_PAGE_MANIFEST_0.1,LTMD-CN3-G1993-VP117,LTMD-CN3-G1993,H1993P3CI153,1993,3,117,179,117,https://historico.conaliteg.gob.mx/c/H1993P3CI153/117.jpg,0,0.653631,Q3,source_jpeg,1,200,image/jpeg,76906,50cec996e88a75b05c31c821e5fb0dedadd7a1820708cf9fd441f20eb4eb2ac9,1,
CN_PENDING_PAGE_MANIFEST_0.1,LTMD-CN3-G1993-VP118,LTMD-CN3-G1993,H1993P3CI153,1993,3,118,179,118,https://historico.conaliteg.gob.mx/c/H1993P3CI153/118.jpg,0,0.659218,Q3,source_jpeg,1,200,image/jpeg,83374,d2412e2b7e48c05ff1db8d6938f2f004b7af17d4aa40b278e751f49d4dafcf8d,1,
CN_PENDING_PAGE_MANIFEST_0.1,LTMD-CN3-G1993-VP119,LTMD-CN3-G1993,H1993P3CI153,1993,3,119,179,119,https://historico.conaliteg.gob.mx/c/H1993P3CI153/119.jpg,0,0.664804,Q3,source_jpeg,1,200,image/jpeg,76266,87e96ad481f9d3a7954ee0b85c2b5396bf2db751602c813d873dd5be674428c8,1,
CN_PENDING_PAGE_MANIFEST_0.1,LTMD-CN3-G1993-VP120,LTMD-CN3-G1993,H1993P3CI153,1993,3,120,179,120,https://historico.conaliteg.gob.mx/c/H1993P3CI153/120.jpg,0,0.670391,Q3,source_jpeg,1,200,image/jpeg,77654,f5a44120fdc2a1ce4ac9a90c193ea71ac9a575a712e4753d38cca3259c0ca291,1,
CN_PENDING_PAGE_MANIFEST_0.1,LTMD-CN3-G1993-VP121,LTMD-CN3-G1993,H1993P3CI153,1993,3,121,179,121,https://historico.conaliteg.gob.mx/c/H1993P3CI153/121.jpg,0,0.675978,Q3,source_jpeg,1,200,image/jpeg,77715,44fc2f9f2cf75a988cf1c3a83c36da4204d24e28e3f2bfead4a715eedb512356,1,
CN_PENDING_PAGE_MANIFEST_0.1,LTMD-CN3-G1993-VP122,LTMD-CN3-G1993,H1993P3CI153,1993,3,122,179,122,https://historico.conaliteg.gob.mx/c/H1993P3CI153/122.jpg,0,0.681564,Q3,source_jpeg,1,200,image/jpeg,75212,5d7e6c89c4e2298d2c39e81f80d44b91441034e11b540e7b2e37c8a8a67c37d7,1,
CN_PENDING_PAGE_MANIFEST_0.1,LTMD-CN3-G1993-VP123,LTMD-CN3-G1993,H1993P3CI153,1993,3,123,179,123,https://historico.conaliteg.gob.mx/c/H1993P3CI153/123.jpg,0,0.687151,Q3,source_jpeg,1,200,image/jpeg,76579,a7a66f237810530d4f6d61dd71c12999b75e0a63813108b13734ea4a96764076,1,
CN_PENDING_PAGE_MANIFEST_0.1,LTMD-CN3-G1993-VP124,LTMD-CN3-G1993,H1993P3CI153,1993,3,124,179,124,https://historico.conaliteg.gob.mx/c/H1993P3CI153/124.jpg,0,0.692737,Q3,source_jpeg,1,200,image/jpeg,73018,7d110823e69147d4a141dc41d43e9895c4f2d0a5b535018a23f6c8540db61a7d,1,
CN_PENDING_PAGE_MANIFEST_0.1,LTMD-CN3-G1993-VP125,LTMD-CN3-G1993,H1993P3CI153,1993,3,125,179,125,https://historico.conaliteg.gob.mx/c/H1993P3CI153/125.jpg,0,0.698324,Q3,source_jpeg,1,200,image/jpeg,81736,eeeca6e0a84a1c70b077f2df3c47b834e7c579addde0545ab5e11b8b13f77c23,1,
CN_PENDING_PAGE_MANIFEST_0.1,LTMD-CN3-G1993-VP126,LTMD-CN3-G1993,H1993P3CI153,1993,3,126,179,126,https://historico.conaliteg.gob.mx/c/H1993P3CI153/126.jpg,0,0.703911,Q3,source_jpeg,1,200,image/jpeg,71238,45e571ab20d349b1735af79eb99a173143111192914a6bf5ab413f216f970cf4,1,
CN_PENDING_PAGE_MANIFEST_0.1,LTMD-CN3-G1993-VP127,LTMD-CN3-G1993,H1993P3CI153,1993,3,127,179,127,https://historico.conaliteg.gob.mx/c/H1993P3CI153/127.jpg,0,0.709497,Q3,source_jpeg,1,200,image/jpeg,80137,3403d47b75be87e46c4f390e70eec62cd893e185a199dc5767b5b8b0d4ac1495,1,
CN_PENDING_PAGE_MANIFEST_0.1,LTMD-CN3-G1993-VP128,LTMD-CN3-G1993,H1993P3CI153,1993,3,128,179,128,https://historico.conaliteg.gob.mx/c/H1993P3CI153/128.jpg,0,0.715084,Q3,source_jpeg,1,200,image/jpeg,77774,c5fe6a54fc36c88dbcff247176b53164c329d2adaa9c2ce35ea180a4b1f8079e,1,
CN_PENDING_PAGE_MANIFEST_0.1,LTMD-CN3-G1993-VP129,LTMD-CN3-G1993,H1993P3CI153,1993,3,129,179,129,https://historico.conaliteg.gob.mx/c/H1993P3CI153/129.jpg,0,0.720670,Q3,source_jpeg,1,200,image/jpeg,68748,24b8c974a28bf2908c32d668afa0d3cec2933ea9296f9ae4cd6584d73a3ea09c,1,
CN_PENDING_PAGE_MANIFEST_0.1,LTMD-CN3-G1993-VP130,LTMD-CN3-G1993,H1993P3CI153,1993,3,130,179,130,https://historico.conaliteg.gob.mx/c/H1993P3CI153/130.jpg,0,0.726257,Q3,source_jpeg,1,200,image/jpeg,70158,effb385e04411f41989906a6d9333d7c9937b35276cde496872b352e9d56c62b,1,
CN_PENDING_PAGE_MANIFEST_0.1,LTMD-CN3-G1993-VP131,LTMD-CN3-G1993,H1993P3CI153,1993,3,131,179,131,https://historico.conaliteg.gob.mx/c/H1993P3CI153/131.jpg,0,0.731844,Q3,source_jpeg,1,200,image/jpeg,75616,180c474997dcab45adaf32a9aeeeac1c4ad0926371e48bfb1415852471f84f91,1,
CN_PENDING_PAGE_MANIFEST_0.1,LTMD-CN3-G1993-VP132,LTMD-CN3-G1993,H1993P3CI153,1993,3,132,179,132,https://historico.conaliteg.gob.mx/c/H1993P3CI153/132.jpg,0,0.737430,Q3,source_jpeg,1,200,image/jpeg,77201,a9283938703624752125f318df29c53dae378b81966c45dbd1aba768c7418845,1,
CN_PENDING_PAGE_MANIFEST_0.1,LTMD-CN3-G1993-VP133,LTMD-CN3-G1993,H1993P3CI153,1993,3,133,179,133,https://historico.conaliteg.gob.mx/c/H1993P3CI153/133.jpg,0,0.743017,Q3,source_jpeg,1,200,image/jpeg,78548,e66a31517755f5150474b9eec8da49ef79dbe877a92db760652b52a98401f579,1,
CN_PENDING_PAGE_MANIFEST_0.1,LTMD-CN3-G1993-VP134,LTMD-CN3-G1993,H1993P3CI153,1993,3,134,179,134,https://historico.conaliteg.gob.mx/c/H1993P3CI153/134.jpg,0,0.748603,Q3,source_jpeg,1,200,image/jpeg,58547,64145246e3e69496f09510d83aeeef5c9d65b19ca5e033454e1a712bd844cc4e,1,
CN_PENDING_PAGE_MANIFEST_0.1,LTMD-CN3-G1993-VP135,LTMD-CN3-G1993,H1993P3CI153,1993,3,135,179,135,https://historico.conaliteg.gob.mx/c/H1993P3CI153/135.jpg,0,0.754190,Q4,source_jpeg,1,200,image/jpeg,55597,a08214d1e2e537bfe7596fa65384540ea85845cf1496c7ee3fe4300283450fa3,1,
CN_PENDING_PAGE_MANIFEST_0.1,LTMD-CN3-G1993-VP136,LTMD-CN3-G1993,H1993P3CI153,1993,3,136,179,136,https://historico.conaliteg.gob.mx/c/H1993P3CI153/136.jpg,0,0.759777,Q4,source_jpeg,1,200,image/jpeg,69955,c41135804e72813184456051d1d8d3c43f81450bc4d46aafc50dfc9504d0556c,1,
CN_PENDING_PAGE_MANIFEST_0.1,LTMD-CN3-G1993-VP137,LTMD-CN3-G1993,H1993P3CI153,1993,3,137,179,137,https://historico.conaliteg.gob.mx/c/H1993P3CI153/137.jpg,0,0.765363,Q4,source_jpeg,1,200,image/jpeg,73124,e25de760ea564dccdf1c66d4affead4ad035370dc8cf35ce4d927b263cca8ad6,1,
CN_PENDING_PAGE_MANIFEST_0.1,LTMD-CN3-G1993-VP138,LTMD-CN3-G1993,H1993P3CI153,1993,3,138,179,138,https://historico.conaliteg.gob.mx/c/H1993P3CI153/138.jpg,0,0.770950,Q4,source_jpeg,1,200,image/jpeg,68259,906754f6770e0f417c46604c82def9679e347e08cd4528f965556883980194d4,1,
CN_PENDING_PAGE_MANIFEST_0.1,LTMD-CN3-G1993-VP139,LTMD-CN3-G1993,H1993P3CI153,1993,3,139,179,139,https://historico.conaliteg.gob.mx/c/H1993P3CI153/139.jpg,0,0.776536,Q4,source_jpeg,1,200,image/jpeg,77092,33532891ab6ee6ba513dc79049dbd8abbdd662563966b372334c990223c6034c,1,
CN_PENDING_PAGE_MANIFEST_0.1,LTMD-CN3-G1993-VP140,LTMD-CN3-G1993,H1993P3CI153,1993,3,140,179,140,https://historico.conaliteg.gob.mx/c/H1993P3CI153/140.jpg,0,0.782123,Q4,source_jpeg,1,200,image/jpeg,67038,8da2547e7d389c561758868ea2854ee9632918beebb98fbe5d0faf17d6435926,1,
CN_PENDING_PAGE_MANIFEST_0.1,LTMD-CN3-G1993-VP141,LTMD-CN3-G1993,H1993P3CI153,1993,3,141,179,141,https://historico.conaliteg.gob.mx/c/H1993P3CI153/141.jpg,0,0.787709,Q4,source_jpeg,1,200,image/jpeg,72229,30404dce3dbff8de3c8801ecd2c4507e7e2ecc5b260e7b498a30bb2ff03171d1,1,
CN_PENDING_PAGE_MANIFEST_0.1,LTMD-CN3-G1993-VP142,LTMD-CN3-G1993,H1993P3CI153,1993,3,142,179,142,https://historico.conaliteg.gob.mx/c/H1993P3CI153/142.jpg,0,0.793296,Q4,source_jpeg,1,200,image/jpeg,75642,20db72d612dee1292833893796de70a66b17056a9efd9497c43ece1ddee733bc,1,
CN_PENDING_PAGE_MANIFEST_0.1,LTMD-CN3-G1993-VP143,LTMD-CN3-G1993,H1993P3CI153,1993,3,143,179,143,https://historico.conaliteg.gob.mx/c/H1993P3CI153/143.jpg,0,0.798883,Q4,source_jpeg,1,200,image/jpeg,59132,081a5f7d7db4a9fcf0ad0885ba90def412b68eb59c082fe1011da325f55335e7,1,
CN_PENDING_PAGE_MANIFEST_0.1,LTMD-CN3-G1993-VP144,LTMD-CN3-G1993,H1993P3CI153,1993,3,144,179,144,https://historico.conaliteg.gob.mx/c/H1993P3CI153/144.jpg,0,0.804469,Q4,source_jpeg,1,200,image/jpeg,65392,a055307c615f0c78c291f4a2edd5c81a66a71a2b2894bc954cf816c0960e8159,1,
CN_PENDING_PAGE_MANIFEST_0.1,LTMD-CN3-G1993-VP145,LTMD-CN3-G1993,H1993P3CI153,1993,3,145,179,145,https://historico.conaliteg.gob.mx/c/H1993P3CI153/145.jpg,0,0.810056,Q4,source_jpeg,1,200,image/jpeg,70343,74afb792e6d72db1d37453b15ed7b44ee88be2fb48e2d40f9384d72f3f999bb3,1,
CN_PENDING_PAGE_MANIFEST_0.1,LTMD-CN3-G1993-VP146,LTMD-CN3-G1993,H1993P3CI153,1993,3,146,179,146,https://historico.conaliteg.gob.mx/c/H1993P3CI153/146.jpg,0,0.815642,Q4,source_jpeg,1,200,image/jpeg,64396,f61a13d3673e6a368a4cb77ae7c6f06b702f2c903f48b767e40fa4fb440f3f1d,1,
CN_PENDING_PAGE_MANIFEST_0.1,LTMD-CN3-G1993-VP147,LTMD-CN3-G1993,H1993P3CI153,1993,3,147,179,147,https://historico.conaliteg.gob.mx/c/H1993P3CI153/147.jpg,0,0.821229,Q4,source_jpeg,1,200,image/jpeg,71740,6af2cc3cbada5b71ac5983d6b43bbdc9cdc0561c9b2cb67cde2456e4101ed9a1,1,
CN_PENDING_PAGE_MANIFEST_0.1,LTMD-CN3-G1993-VP148,LTMD-CN3-G1993,H1993P3CI153,1993,3,148,179,148,https://historico.conaliteg.gob.mx/c/H1993P3CI153/148.jpg,0,0.826816,Q4,source_jpeg,1,200,image/jpeg,89713,78936502ed7c7e23d23aaa767a1b32ea481525897c637712001799729c33625e,1,
CN_PENDING_PAGE_MANIFEST_0.1,LTMD-CN3-G1993-VP149,LTMD-CN3-G1993,H1993P3CI153,1993,3,149,179,149,https://historico.conaliteg.gob.mx/c/H1993P3CI153/149.jpg,0,0.832402,Q4,source_jpeg,1,200,image/jpeg,81992,23e72cc308fc53d0e7e6b4752df985417c2628617ca9653f16c81bac43b80910,1,
CN_PENDING_PAGE_MANIFEST_0.1,LTMD-CN3-G1993-VP150,LTMD-CN3-G1993,H1993P3CI153,1993,3,150,179,150,https://historico.conaliteg.gob.mx/c/H1993P3CI153/150.jpg,0,0.837989,Q4,source_jpeg,1,200,image/jpeg,78144,77fadd7922ef80c47f977a43da94a978fd5cc1478be516a61864253b9bb12f90,1,
CN_PENDING_PAGE_MANIFEST_0.1,LTMD-CN3-G1993-VP151,LTMD-CN3-G1993,H1993P3CI153,1993,3,151,179,151,https://historico.conaliteg.gob.mx/c/H1993P3CI153/151.jpg,0,0.843575,Q4,source_jpeg,1,200,image/jpeg,67563,3045907ddd706ee42e25330dc5e002cf2c3d01acafcbf556d606fc860b62ed9b,1,
CN_PENDING_PAGE_MANIFEST_0.1,LTMD-CN3-G1993-VP152,LTMD-CN3-G1993,H1993P3CI153,1993,3,152,179,152,https://historico.conaliteg.gob.mx/c/H1993P3CI153/152.jpg,0,0.849162,Q4,source_jpeg,1,200,image/jpeg,56290,a72ac910fc25756bd29642320cdd45f3287b1a07b14308f1ca109d33cbeff837,1,
CN_PENDING_PAGE_MANIFEST_0.1,LTMD-CN3-G1993-VP153,LTMD-CN3-G1993,H1993P3CI153,1993,3,153,179,153,https://historico.conaliteg.gob.mx/c/H1993P3CI153/153.jpg,0,0.854749,Q4,source_jpeg,1,200,image/jpeg,80256,a3d957a5c45d25b5f3b62f225f74b00233774432bac64051a48a225434ce4385,1,
CN_PENDING_PAGE_MANIFEST_0.1,LTMD-CN3-G1993-VP154,LTMD-CN3-G1993,H1993P3CI153,1993,3,154,179,154,https://historico.conaliteg.gob.mx/c/H1993P3CI153/154.jpg,0,0.860335,Q4,source_jpeg,1,200,image/jpeg,97332,cac334c5f3d62a95b492dfea57af547a9e96c225b83adf666d55faab96f6bd0b,1,
CN_PENDING_PAGE_MANIFEST_0.1,LTMD-CN3-G1993-VP155,LTMD-CN3-G1993,H1993P3CI153,1993,3,155,179,155,https://historico.conaliteg.gob.mx/c/H1993P3CI153/155.jpg,0,0.865922,Q4,source_jpeg,1,200,image/jpeg,80262,7cd46ad27ab3b9c97f38051a6035895e663fa7ccf4d8901f3d118fc3deaf5994,1,
CN_PENDING_PAGE_MANIFEST_0.1,LTMD-CN3-G1993-VP156,LTMD-CN3-G1993,H1993P3CI153,1993,3,156,179,156,https://historico.conaliteg.gob.mx/c/H1993P3CI153/156.jpg,0,0.871508,Q4,source_jpeg,1,200,image/jpeg,61493,876d7ebae53c4f7f4eb7a294561f5a800c97df6c4719f558e3202311fb4fa36d,1,
CN_PENDING_PAGE_MANIFEST_0.1,LTMD-CN3-G1993-VP157,LTMD-CN3-G1993,H1993P3CI153,1993,3,157,179,157,https://historico.conaliteg.gob.mx/c/H1993P3CI153/157.jpg,0,0.877095,Q4,source_jpeg,1,200,image/jpeg,51468,59a79c9b88d7b184b8e734a59031949e84c657142a2035e40ee9e88a4e5b77d8,1,
CN_PENDING_PAGE_MANIFEST_0.1,LTMD-CN3-G1993-VP158,LTMD-CN3-G1993,H1993P3CI153,1993,3,158,179,158,https://historico.conaliteg.gob.mx/c/H1993P3CI153/158.jpg,0,0.882682,Q4,source_jpeg,1,200,image/jpeg,83986,62710b5647b9851ffe72a7b5d54d1530cfdde6a7ce356d70f274d9ef26832031,1,
CN_PENDING_PAGE_MANIFEST_0.1,LTMD-CN3-G1993-VP159,LTMD-CN3-G1993,H1993P3CI153,1993,3,159,179,159,https://historico.conaliteg.gob.mx/c/H1993P3CI153/159.jpg,0,0.888268,Q4,source_jpeg,1,200,image/jpeg,86618,dd47a5b509cb253da66beae89b5768ad51b911466e463acde75fb5691d0d8674,1,
CN_PENDING_PAGE_MANIFEST_0.1,LTMD-CN3-G1993-VP160,LTMD-CN3-G1993,H1993P3CI153,1993,3,160,179,160,https://historico.conaliteg.gob.mx/c/H1993P3CI153/160.jpg,0,0.893855,Q4,source_jpeg,1,200,image/jpeg,98395,eb696969fe6c0b724a789d0f5607b44152870be41ef3d2bc74ed89370841e15b,1,
CN_PENDING_PAGE_MANIFEST_0.1,LTMD-CN3-G1993-VP161,LTMD-CN3-G1993,H1993P3CI153,1993,3,161,179,161,https://historico.conaliteg.gob.mx/c/H1993P3CI153/161.jpg,0,0.899441,Q4,source_jpeg,1,200,image/jpeg,96530,ef70cc55be0a060d68ba2cdc99588a106dfa9299f50c4c338cc3d29688d0df8e,1,
CN_PENDING_PAGE_MANIFEST_0.1,LTMD-CN3-G1993-VP162,LTMD-CN3-G1993,H1993P3CI153,1993,3,162,179,162,https://historico.conaliteg.gob.mx/c/H1993P3CI153/162.jpg,0,0.905028,Q4,source_jpeg,1,200,image/jpeg,88164,e63bfb0e0534b7dd381d9ae1f2374f24e177bb75fff49eb67a1340027061688f,1,
CN_PENDING_PAGE_MANIFEST_0.1,LTMD-CN3-G1993-VP163,LTMD-CN3-G1993,H1993P3CI153,1993,3,163,179,163,https://historico.conaliteg.gob.mx/c/H1993P3CI153/163.jpg,0,0.910615,Q4,source_jpeg,1,200,image/jpeg,80528,3e6e0789532866b7144d18f746fcf232e437a1d0fdd4d25fb69a8dc7d03f5286,1,
CN_PENDING_PAGE_MANIFEST_0.1,LTMD-CN3-G1993-VP164,LTMD-CN3-G1993,H1993P3CI153,1993,3,164,179,164,https://historico.conaliteg.gob.mx/c/H1993P3CI153/164.jpg,0,0.916201,Q4,source_jpeg,1,200,image/jpeg,70059,fbc4956b03a94318631cd5a0e0f12986e90f2c61273bfc49bf160be660c9aae3,1,
CN_PENDING_PAGE_MANIFEST_0.1,LTMD-CN3-G1993-VP165,LTMD-CN3-G1993,H1993P3CI153,1993,3,165,179,165,https://historico.conaliteg.gob.mx/c/H1993P3CI153/165.jpg,0,0.921788,Q4,source_jpeg,1,200,image/jpeg,75098,965ef4a352476196e6bc76f163cad2b39cee6699d3daee237cbdef7eecd239a7,1,
CN_PENDING_PAGE_MANIFEST_0.1,LTMD-CN3-G1993-VP166,LTMD-CN3-G1993,H1993P3CI153,1993,3,166,179,166,https://historico.conaliteg.gob.mx/c/H1993P3CI153/166.jpg,0,0.927374,Q4,source_jpeg,1,200,image/jpeg,75256,a1a3d215fbaa8ea5d39b297959e9f5e723be3d8de0dd7999a353032dd2fbb69a,1,
CN_PENDING_PAGE_MANIFEST_0.1,LTMD-CN3-G1993-VP167,LTMD-CN3-G1993,H1993P3CI153,1993,3,167,179,167,https://historico.conaliteg.gob.mx/c/H1993P3CI153/167.jpg,0,0.932961,Q4,source_jpeg,1,200,image/jpeg,69358,502c3117347da0f992287788583e53de06e3c8d20a0984849ba5bb191bb3b1dd,1,
CN_PENDING_PAGE_MANIFEST_0.1,LTMD-CN3-G1993-VP168,LTMD-CN3-G1993,H1993P3CI153,1993,3,168,179,168,https://historico.conaliteg.gob.mx/c/H1993P3CI153/168.jpg,0,0.938547,Q4,source_jpeg,1,200,image/jpeg,80093,b3fc8398e4df115727eb87b9ae93cf1456d8cac3088879d82dc614aecde642c5,1,
CN_PENDING_PAGE_MANIFEST_0.1,LTMD-CN3-G1993-VP169,LTMD-CN3-G1993,H1993P3CI153,1993,3,169,179,169,https://historico.conaliteg.gob.mx/c/H1993P3CI153/169.jpg,0,0.944134,Q4,source_jpeg,1,200,image/jpeg,58188,3cb1dbbf6603b419441a9026060f9295c6189fac77d3b22e86fe5eccd334cf29,1,
CN_PENDING_PAGE_MANIFEST_0.1,LTMD-CN3-G1993-VP170,LTMD-CN3-G1993,H1993P3CI153,1993,3,170,179,170,https://historico.conaliteg.gob.mx/c/H1993P3CI153/170.jpg,0,0.949721,Q4,source_jpeg,1,200,image/jpeg,60964,16b12e93e458316b26daa1d2c5ec859914dc98886997c6bdd43d393b722708f9,1,
CN_PENDING_PAGE_MANIFEST_0.1,LTMD-CN3-G1993-VP171,LTMD-CN3-G1993,H1993P3CI153,1993,3,171,179,171,https://historico.conaliteg.gob.mx/c/H1993P3CI153/171.jpg,0,0.955307,Q4,source_jpeg,1,200,image/jpeg,61901,db1718c3ca1ee801f1618201fddc7ff2b9e05620f77579e9208272acb771aefa,1,
CN_PENDING_PAGE_MANIFEST_0.1,LTMD-CN3-G1993-VP172,LTMD-CN3-G1993,H1993P3CI153,1993,3,172,179,172,https://historico.conaliteg.gob.mx/c/H1993P3CI153/172.jpg,0,0.960894,Q4,source_jpeg,1,200,image/jpeg,61150,1ebb489e89fea86cf37b2d0c976e34ed2a0b5987938d1a5e6d4d691743c2149e,1,
CN_PENDING_PAGE_MANIFEST_0.1,LTMD-CN3-G1993-VP173,LTMD-CN3-G1993,H1993P3CI153,1993,3,173,179,173,https://historico.conaliteg.gob.mx/c/H1993P3CI153/173.jpg,0,0.966480,Q4,source_jpeg,1,200,image/jpeg,62874,174e078e3594e39cec143e9061077954606c650af6edb993d16037330b580263,1,
CN_PENDING_PAGE_MANIFEST_0.1,LTMD-CN3-G1993-VP174,LTMD-CN3-G1993,H1993P3CI153,1993,3,174,179,174,https://historico.conaliteg.gob.mx/c/H1993P3CI153/174.jpg,0,0.972067,Q4,source_jpeg,1,200,image/jpeg,65721,d884e6eed892e57b0862c1705a165656fd59b6899c5862bab38604faabb7ec23,1,
CN_PENDING_PAGE_MANIFEST_0.1,LTMD-CN3-G1993-VP175,LTMD-CN3-G1993,H1993P3CI153,1993,3,175,179,175,https://historico.conaliteg.gob.mx/c/H1993P3CI153/175.jpg,0,0.977654,Q4,source_jpeg,1,200,image/jpeg,20991,d545afdfbb856da84c7715f6ecc3fef326b7c1b931ee61c6aac84fa76bb8a6be,1,
CN_PENDING_PAGE_MANIFEST_0.1,LTMD-CN3-G1993-VP176,LTMD-CN3-G1993,H1993P3CI153,1993,3,176,179,176,https://historico.conaliteg.gob.mx/c/H1993P3CI153/176.jpg,0,0.983240,Q4,source_jpeg,1,200,image/jpeg,27869,64ac9935bab31b3eeb030a34eb2a03808c226a8be798e79939a0f98c5e3eaebe,1,
CN_PENDING_PAGE_MANIFEST_0.1,LTMD-CN3-G1993-VP177,LTMD-CN3-G1993,H1993P3CI153,1993,3,177,179,177,https://historico.conaliteg.gob.mx/c/H1993P3CI153/177.jpg,0,0.988827,Q4,source_jpeg,1,200,image/jpeg,40000,fa820ed0948c1854be2766d3db4e84d69a787b7e470e34cf662b0f00dac73d81,1,
CN_PENDING_PAGE_MANIFEST_0.1,LTMD-CN3-G1993-VP178,LTMD-CN3-G1993,H1993P3CI153,1993,3,178,179,178,https://historico.conaliteg.gob.mx/c/H1993P3CI153/178.jpg,0,0.994413,Q4,source_jpeg,1,200,image/jpeg,199389,699a229a451a098c12e5bb8bdb1cf47dc8d714f10c45eb848df396d7cbce51c1,1,
CN_PENDING_PAGE_MANIFEST_0.1,LTMD-CN3-G2011-VP001,LTMD-CN3-G2011,H2011P3CI307,2011,3,1,154,0,https://historico.conaliteg.gob.mx/c/H2011P3CI307/000.jpg,0,0.006494,Q1,source_jpeg,1,200,image/jpeg,140424,2ee97c7e09b0ebbf7b06a6707923f92222b930b9589eb7c695fc9bced580f82f,1,
CN_PENDING_PAGE_MANIFEST_0.1,LTMD-CN3-G2011-VP002,LTMD-CN3-G2011,H2011P3CI307,2011,3,2,154,2,https://historico.conaliteg.gob.mx/c/H2011P3CI307/002.jpg,0,0.012987,Q1,source_jpeg,1,200,image/jpeg,329891,c92b0f8333d1572b73ac57ee57b66f68c9ec872e85ed0cdc90b31d3f1392f38e,1,
CN_PENDING_PAGE_MANIFEST_0.1,LTMD-CN3-G2011-VP003,LTMD-CN3-G2011,H2011P3CI307,2011,3,3,154,3,https://historico.conaliteg.gob.mx/c/H2011P3CI307/003.jpg,0,0.019481,Q1,source_jpeg,1,200,image/jpeg,264018,b921f608667ae5993c866f29af34f823a7293b9c1ef27392a5071942676f7404,1,
CN_PENDING_PAGE_MANIFEST_0.1,LTMD-CN3-G2011-VP004,LTMD-CN3-G2011,H2011P3CI307,2011,3,4,154,4,https://historico.conaliteg.gob.mx/c/H2011P3CI307/004.jpg,0,0.025974,Q1,source_jpeg,1,200,image/jpeg,300462,1cfae8de7c1200a004f725e7c9a66775a29dd37f91a4e86deaa57c7fbff677d3,1,
CN_PENDING_PAGE_MANIFEST_0.1,LTMD-CN3-G2011-VP005,LTMD-CN3-G2011,H2011P3CI307,2011,3,5,154,5,https://historico.conaliteg.gob.mx/c/H2011P3CI307/005.jpg,0,0.032468,Q1,source_jpeg,1,200,image/jpeg,359319,907399058e4848c7052501b4f9ce2191dde3ba680201eaa9ad6fdfc324af17f6,1,
CN_PENDING_PAGE_MANIFEST_0.1,LTMD-CN3-G2011-VP006,LTMD-CN3-G2011,H2011P3CI307,2011,3,6,154,6,https://historico.conaliteg.gob.mx/c/H2011P3CI307/006.jpg,0,0.038961,Q1,source_jpeg,1,200,image/jpeg,235209,6f59be0240b91a169b4683eef4521b72d95a9c30dafbe8efeb5f6feb46b211d6,1,
CN_PENDING_PAGE_MANIFEST_0.1,LTMD-CN3-G2011-VP007,LTMD-CN3-G2011,H2011P3CI307,2011,3,7,154,7,https://historico.conaliteg.gob.mx/c/H2011P3CI307/007.jpg,0,0.045455,Q1,source_jpeg,1,200,image/jpeg,207254,df9619f0f286fa18732e5184930d130a55bb98bfb3fca18ddd3f4061da9fcf97,1,
CN_PENDING_PAGE_MANIFEST_0.1,LTMD-CN3-G2011-VP008,LTMD-CN3-G2011,H2011P3CI307,2011,3,8,154,8,https://historico.conaliteg.gob.mx/c/H2011P3CI307/008.jpg,0,0.051948,Q1,source_jpeg,1,200,image/jpeg,257141,e7463bf49188287e99f3717075d68bc324c587753bb7ff2df8318004aaaeee4a,1,
CN_PENDING_PAGE_MANIFEST_0.1,LTMD-CN3-G2011-VP009,LTMD-CN3-G2011,H2011P3CI307,2011,3,9,154,9,https://historico.conaliteg.gob.mx/c/H2011P3CI307/009.jpg,0,0.058442,Q1,source_jpeg,1,200,image/jpeg,198173,8bd7ae26844d2a4683a201ac8f6e92192eaf8ed6436fb636d48cd2d451068563,1,
CN_PENDING_PAGE_MANIFEST_0.1,LTMD-CN3-G2011-VP010,LTMD-CN3-G2011,H2011P3CI307,2011,3,10,154,10,https://historico.conaliteg.gob.mx/c/H2011P3CI307/010.jpg,0,0.064935,Q1,source_jpeg,1,200,image/jpeg,187000,a6d589363cf40cd57218fe85453c74b05075efc8be20b62d408e0e3ad4ee0c55,1,
CN_PENDING_PAGE_MANIFEST_0.1,LTMD-CN3-G2011-VP011,LTMD-CN3-G2011,H2011P3CI307,2011,3,11,154,11,https://historico.conaliteg.gob.mx/c/H2011P3CI307/011.jpg,0,0.071429,Q1,source_jpeg,1,200,image/jpeg,292809,821935486ef7fb8997617c1d171b0c9c7afb80ee0e0d5e7d92740ac8d00b85bd,1,
CN_PENDING_PAGE_MANIFEST_0.1,LTMD-CN3-G2011-VP012,LTMD-CN3-G2011,H2011P3CI307,2011,3,12,154,12,https://historico.conaliteg.gob.mx/c/H2011P3CI307/012.jpg,0,0.077922,Q1,source_jpeg,1,200,image/jpeg,299142,a62bef2093c815b215f0bebe3a84901b6c3591bf3c5f2c39fdd80eec80059896,1,
CN_PENDING_PAGE_MANIFEST_0.1,LTMD-CN3-G2011-VP013,LTMD-CN3-G2011,H2011P3CI307,2011,3,13,154,13,https://historico.conaliteg.gob.mx/c/H2011P3CI307/013.jpg,0,0.084416,Q1,source_jpeg,1,200,image/jpeg,370100,6696ea6c8b728051ae27b79ee600f2a663db7a19f05e8b31dbac35ee2b041c3f,1,
CN_PENDING_PAGE_MANIFEST_0.1,LTMD-CN3-G2011-VP014,LTMD-CN3-G2011,H2011P3CI307,2011,3,14,154,14,https://historico.conaliteg.gob.mx/c/H2011P3CI307/014.jpg,0,0.090909,Q1,source_jpeg,1,200,image/jpeg,309637,0039c0fcab2e9de3a5b7f9d191529be18234378fc199e6fa7ced1fd3c77a814f,1,
CN_PENDING_PAGE_MANIFEST_0.1,LTMD-CN3-G2011-VP015,LTMD-CN3-G2011,H2011P3CI307,2011,3,15,154,15,https://historico.conaliteg.gob.mx/c/H2011P3CI307/015.jpg,0,0.097403,Q1,source_jpeg,1,200,image/jpeg,276437,f42a8d1a9db11c654a8aca5d71645f3b44b51f44f493adbca34ae52168577dfe,1,
CN_PENDING_PAGE_MANIFEST_0.1,LTMD-CN3-G2011-VP016,LTMD-CN3-G2011,H2011P3CI307,2011,3,16,154,16,https://historico.conaliteg.gob.mx/c/H2011P3CI307/016.jpg,0,0.103896,Q1,source_jpeg,1,200,image/jpeg,201308,e05ede5edfb50aaf8e2142fe53b79dd12c7980becae4ec3e9f7b6392e4860a53,1,
CN_PENDING_PAGE_MANIFEST_0.1,LTMD-CN3-G2011-VP017,LTMD-CN3-G2011,H2011P3CI307,2011,3,17,154,17,https://historico.conaliteg.gob.mx/c/H2011P3CI307/017.jpg,0,0.110390,Q1,source_jpeg,1,200,image/jpeg,298952,8e7a7b8c225c5d34ae3022622c9be16871a618807204df35bad28866d9e25a38,1,
CN_PENDING_PAGE_MANIFEST_0.1,LTMD-CN3-G2011-VP018,LTMD-CN3-G2011,H2011P3CI307,2011,3,18,154,18,https://historico.conaliteg.gob.mx/c/H2011P3CI307/018.jpg,0,0.116883,Q1,source_jpeg,1,200,image/jpeg,285459,abfec3d71d487eb7a8d020db297195d0c3dab468bd2290ee8eca99509070ef0d,1,
CN_PENDING_PAGE_MANIFEST_0.1,LTMD-CN3-G2011-VP019,LTMD-CN3-G2011,H2011P3CI307,2011,3,19,154,19,https://historico.conaliteg.gob.mx/c/H2011P3CI307/019.jpg,0,0.123377,Q1,source_jpeg,1,200,image/jpeg,339884,714a429e038831972d64b69ed90118c7dc77a0a50f3513fb8c96f0726effdffa,1,
CN_PENDING_PAGE_MANIFEST_0.1,LTMD-CN3-G2011-VP020,LTMD-CN3-G2011,H2011P3CI307,2011,3,20,154,20,https://historico.conaliteg.gob.mx/c/H2011P3CI307/020.jpg,0,0.129870,Q1,source_jpeg,1,200,image/jpeg,300971,aade8f145545a3982cf44bf29128f4b5910f83a959f730aa3d5908975749857f,1,
CN_PENDING_PAGE_MANIFEST_0.1,LTMD-CN3-G2011-VP021,LTMD-CN3-G2011,H2011P3CI307,2011,3,21,154,21,https://historico.conaliteg.gob.mx/c/H2011P3CI307/021.jpg,0,0.136364,Q1,source_jpeg,1,200,image/jpeg,299044,8d35bc4a899c30f29dae9e744a9afd5f395ef844645101a33d131ad62d9d2c5c,1,
CN_PENDING_PAGE_MANIFEST_0.1,LTMD-CN3-G2011-VP022,LTMD-CN3-G2011,H2011P3CI307,2011,3,22,154,22,https://historico.conaliteg.gob.mx/c/H2011P3CI307/022.jpg,0,0.142857,Q1,source_jpeg,1,200,image/jpeg,313717,33ef683527217efa8fbb3c27bae2891eb282187fe1647fe10004c4cfd01067c2,1,
CN_PENDING_PAGE_MANIFEST_0.1,LTMD-CN3-G2011-VP023,LTMD-CN3-G2011,H2011P3CI307,2011,3,23,154,23,https://historico.conaliteg.gob.mx/c/H2011P3CI307/023.jpg,0,0.149351,Q1,source_jpeg,1,200,image/jpeg,327339,13f29ff2686342a0057404d0656189a2dc9a672902b55eefb757456b65eaffb5,1,
CN_PENDING_PAGE_MANIFEST_0.1,LTMD-CN3-G2011-VP024,LTMD-CN3-G2011,H2011P3CI307,2011,3,24,154,24,https://historico.conaliteg.gob.mx/c/H2011P3CI307/024.jpg,0,0.155844,Q1,source_jpeg,1,200,image/jpeg,294923,f1e07bd3b086c8e910deee19371784e96c997f7b2cd012c9bfc15a12ae7efdcf,1,
CN_PENDING_PAGE_MANIFEST_0.1,LTMD-CN3-G2011-VP025,LTMD-CN3-G2011,H2011P3CI307,2011,3,25,154,25,https://historico.conaliteg.gob.mx/c/H2011P3CI307/025.jpg,0,0.162338,Q1,source_jpeg,1,200,image/jpeg,235200,5aaba9a574fe0d9c0a621c904a2ff890ce6602738717184ba2d26e3bdcec5916,1,
CN_PENDING_PAGE_MANIFEST_0.1,LTMD-CN3-G2011-VP026,LTMD-CN3-G2011,H2011P3CI307,2011,3,26,154,26,https://historico.conaliteg.gob.mx/c/H2011P3CI307/026.jpg,0,0.168831,Q1,source_jpeg,1,200,image/jpeg,345060,1064905d496bda76ee28deaf46d746d3dcbf732b4c16dc190a51c275167234d3,1,
CN_PENDING_PAGE_MANIFEST_0.1,LTMD-CN3-G2011-VP027,LTMD-CN3-G2011,H2011P3CI307,2011,3,27,154,27,https://historico.conaliteg.gob.mx/c/H2011P3CI307/027.jpg,0,0.175325,Q1,source_jpeg,1,200,image/jpeg,392041,9e2a9e27c45d980257d04e47320542925ffa7e9cc7b71a93180051511babbef3,1,
CN_PENDING_PAGE_MANIFEST_0.1,LTMD-CN3-G2011-VP028,LTMD-CN3-G2011,H2011P3CI307,2011,3,28,154,28,https://historico.conaliteg.gob.mx/c/H2011P3CI307/028.jpg,0,0.181818,Q1,source_jpeg,1,200,image/jpeg,337093,92da6047aab97405f396c832c469e835d3267a51f060f2e4d15cdb310cda3992,1,
CN_PENDING_PAGE_MANIFEST_0.1,LTMD-CN3-G2011-VP029,LTMD-CN3-G2011,H2011P3CI307,2011,3,29,154,29,https://historico.conaliteg.gob.mx/c/H2011P3CI307/029.jpg,0,0.188312,Q1,source_jpeg,1,200,image/jpeg,258004,646f357e2618f6f2595cc81b4bb021c612e53fac6626552a0161df0833a30232,1,
CN_PENDING_PAGE_MANIFEST_0.1,LTMD-CN3-G2011-VP030,LTMD-CN3-G2011,H2011P3CI307,2011,3,30,154,30,https://historico.conaliteg.gob.mx/c/H2011P3CI307/030.jpg,0,0.194805,Q1,source_jpeg,1,200,image/jpeg,287987,1c1ad710fb26fde3a88803ed212f8fdb2dfd73581e689ad3c5a4098f0e934463,1,
CN_PENDING_PAGE_MANIFEST_0.1,LTMD-CN3-G2011-VP031,LTMD-CN3-G2011,H2011P3CI307,2011,3,31,154,31,https://historico.conaliteg.gob.mx/c/H2011P3CI307/031.jpg,0,0.201299,Q1,source_jpeg,1,200,image/jpeg,275053,0bda8dae47409b4b9ced6e85519506eb8635b519c78a31cea6b068b462d71f4a,1,
CN_PENDING_PAGE_MANIFEST_0.1,LTMD-CN3-G2011-VP032,LTMD-CN3-G2011,H2011P3CI307,2011,3,32,154,32,https://historico.conaliteg.gob.mx/c/H2011P3CI307/032.jpg,0,0.207792,Q1,source_jpeg,1,200,image/jpeg,300968,fc9488ddc75a1957909df46de145b5118b12f72d33ca595649b015e051ad9002,1,
CN_PENDING_PAGE_MANIFEST_0.1,LTMD-CN3-G2011-VP033,LTMD-CN3-G2011,H2011P3CI307,2011,3,33,154,33,https://historico.conaliteg.gob.mx/c/H2011P3CI307/033.jpg,0,0.214286,Q1,source_jpeg,1,200,image/jpeg,376613,1d3e819d50c1583f6a590d22df815eb16d628c0179560ee97af0369d4b535667,1,
CN_PENDING_PAGE_MANIFEST_0.1,LTMD-CN3-G2011-VP034,LTMD-CN3-G2011,H2011P3CI307,2011,3,34,154,34,https://historico.conaliteg.gob.mx/c/H2011P3CI307/034.jpg,0,0.220779,Q1,source_jpeg,1,200,image/jpeg,330978,915e98bb1b2b42313f00c4105c53b2fea3e3334ce313327ebe768d24dc983aa8,1,
CN_PENDING_PAGE_MANIFEST_0.1,LTMD-CN3-G2011-VP035,LTMD-CN3-G2011,H2011P3CI307,2011,3,35,154,35,https://historico.conaliteg.gob.mx/c/H2011P3CI307/035.jpg,0,0.227273,Q1,source_jpeg,1,200,image/jpeg,421369,061f573ff89d1cf2372ded3b7c266ed3262a6069c965a3aa1e77d4664d7fa8c5,1,
CN_PENDING_PAGE_MANIFEST_0.1,LTMD-CN3-G2011-VP036,LTMD-CN3-G2011,H2011P3CI307,2011,3,36,154,36,https://historico.conaliteg.gob.mx/c/H2011P3CI307/036.jpg,0,0.233766,Q1,source_jpeg,1,200,image/jpeg,324315,bfbdbb014000f6d5992376bec00b6f70dc1b741febd99c8b43c62b2b6a9dc168,1,
CN_PENDING_PAGE_MANIFEST_0.1,LTMD-CN3-G2011-VP037,LTMD-CN3-G2011,H2011P3CI307,2011,3,37,154,37,https://historico.conaliteg.gob.mx/c/H2011P3CI307/037.jpg,0,0.240260,Q1,source_jpeg,1,200,image/jpeg,290886,090d06d47f637b7a3bd24e20043729be07abdbc1b9f130c43b3b29c4bf9832c1,1,
CN_PENDING_PAGE_MANIFEST_0.1,LTMD-CN3-G2011-VP038,LTMD-CN3-G2011,H2011P3CI307,2011,3,38,154,38,https://historico.conaliteg.gob.mx/c/H2011P3CI307/038.jpg,0,0.246753,Q1,source_jpeg,1,200,image/jpeg,368284,0c7026342140b951ecb288d99f057a362fc1c16b55f38d1bccd526634cceace5,1,
CN_PENDING_PAGE_MANIFEST_0.1,LTMD-CN3-G2011-VP039,LTMD-CN3-G2011,H2011P3CI307,2011,3,39,154,39,https://historico.conaliteg.gob.mx/c/H2011P3CI307/039.jpg,0,0.253247,Q2,source_jpeg,1,200,image/jpeg,323162,7dcec0146630c8efda02b3581936504c37c02033315946946b38860c070c82f5,1,
CN_PENDING_PAGE_MANIFEST_0.1,LTMD-CN3-G2011-VP040,LTMD-CN3-G2011,H2011P3CI307,2011,3,40,154,40,https://historico.conaliteg.gob.mx/c/H2011P3CI307/040.jpg,0,0.259740,Q2,source_jpeg,1,200,image/jpeg,231923,56395a1ec9b1ae674f013b17785ea48f1a543a1de4728e6f1759dd85143efe53,1,
CN_PENDING_PAGE_MANIFEST_0.1,LTMD-CN3-G2011-VP041,LTMD-CN3-G2011,H2011P3CI307,2011,3,41,154,41,https://historico.conaliteg.gob.mx/c/H2011P3CI307/041.jpg,0,0.266234,Q2,source_jpeg,1,200,image/jpeg,214902,534bab6c5b0a4faa780c86955e86a4799ff447e0131ccf1900da0d7176b19cbc,1,
CN_PENDING_PAGE_MANIFEST_0.1,LTMD-CN3-G2011-VP042,LTMD-CN3-G2011,H2011P3CI307,2011,3,42,154,42,https://historico.conaliteg.gob.mx/c/H2011P3CI307/042.jpg,0,0.272727,Q2,source_jpeg,1,200,image/jpeg,455492,ec99f0b548f77d2f9909fce378d88366a4668fd74b221055e8e484c605fa4f23,1,
CN_PENDING_PAGE_MANIFEST_0.1,LTMD-CN3-G2011-VP043,LTMD-CN3-G2011,H2011P3CI307,2011,3,43,154,43,https://historico.conaliteg.gob.mx/c/H2011P3CI307/043.jpg,0,0.279221,Q2,source_jpeg,1,200,image/jpeg,141047,912d2bb30de9f8fa1d501c100d1aed800d187f3690d2064f063257b1ab2aa006,1,
CN_PENDING_PAGE_MANIFEST_0.1,LTMD-CN3-G2011-VP044,LTMD-CN3-G2011,H2011P3CI307,2011,3,44,154,44,https://historico.conaliteg.gob.mx/c/H2011P3CI307/044.jpg,0,0.285714,Q2,source_jpeg,1,200,image/jpeg,458630,5bbf974406bedd1e33c20e7cfb4b75b1eddafb28d6c916ce412871d268cee4c6,1,
CN_PENDING_PAGE_MANIFEST_0.1,LTMD-CN3-G2011-VP045,LTMD-CN3-G2011,H2011P3CI307,2011,3,45,154,45,https://historico.conaliteg.gob.mx/c/H2011P3CI307/045.jpg,0,0.292208,Q2,source_jpeg,1,200,image/jpeg,263218,cfb85334d9bb7ad6a19d696ce4813ef7cbeca65a8bb9d41092e8fd2c0187afe8,1,
CN_PENDING_PAGE_MANIFEST_0.1,LTMD-CN3-G2011-VP046,LTMD-CN3-G2011,H2011P3CI307,2011,3,46,154,46,https://historico.conaliteg.gob.mx/c/H2011P3CI307/046.jpg,0,0.298701,Q2,source_jpeg,1,200,image/jpeg,354016,5d7b4867c84a3e3a9b0c487290e4fc19c2dfe3f82902e70693e3d0116258e5d1,1,
CN_PENDING_PAGE_MANIFEST_0.1,LTMD-CN3-G2011-VP047,LTMD-CN3-G2011,H2011P3CI307,2011,3,47,154,47,https://historico.conaliteg.gob.mx/c/H2011P3CI307/047.jpg,0,0.305195,Q2,source_jpeg,1,200,image/jpeg,467876,3f0bd097802ee091544c7e0add7dcbff0dd705d9ce94bd8a803a8e8477a77066,1,
CN_PENDING_PAGE_MANIFEST_0.1,LTMD-CN3-G2011-VP048,LTMD-CN3-G2011,H2011P3CI307,2011,3,48,154,48,https://historico.conaliteg.gob.mx/c/H2011P3CI307/048.jpg,0,0.311688,Q2,source_jpeg,1,200,image/jpeg,394534,855b162cb2076b0eddabab814adcfc1e98788ad56c111fde8f7aa84dcbafc20d,1,
CN_PENDING_PAGE_MANIFEST_0.1,LTMD-CN3-G2011-VP049,LTMD-CN3-G2011,H2011P3CI307,2011,3,49,154,49,https://historico.conaliteg.gob.mx/c/H2011P3CI307/049.jpg,0,0.318182,Q2,source_jpeg,1,200,image/jpeg,369316,ef819120e844118fcad76e560f0f4df373791546d48f331fe825f2b7984eb1a7,1,
CN_PENDING_PAGE_MANIFEST_0.1,LTMD-CN3-G2011-VP050,LTMD-CN3-G2011,H2011P3CI307,2011,3,50,154,50,https://historico.conaliteg.gob.mx/c/H2011P3CI307/050.jpg,0,0.324675,Q2,source_jpeg,1,200,image/jpeg,378216,d7263a2c6f93affa7908a66ef724c3f11952fb541f1f63f23f6959e4ae45a3f0,1,
CN_PENDING_PAGE_MANIFEST_0.1,LTMD-CN3-G2011-VP051,LTMD-CN3-G2011,H2011P3CI307,2011,3,51,154,51,https://historico.conaliteg.gob.mx/c/H2011P3CI307/051.jpg,0,0.331169,Q2,source_jpeg,1,200,image/jpeg,368404,795219b54915a03546aea08b94cb54a76864003a38f0b6d77f55191cd79c05c8,1,
CN_PENDING_PAGE_MANIFEST_0.1,LTMD-CN3-G2011-VP052,LTMD-CN3-G2011,H2011P3CI307,2011,3,52,154,52,https://historico.conaliteg.gob.mx/c/H2011P3CI307/052.jpg,0,0.337662,Q2,source_jpeg,1,200,image/jpeg,274347,085531f901206ed8c0900bf41f4f38cd2ea2ed91c2bcf492849076ff36b5b6a9,1,
CN_PENDING_PAGE_MANIFEST_0.1,LTMD-CN3-G2011-VP053,LTMD-CN3-G2011,H2011P3CI307,2011,3,53,154,53,https://historico.conaliteg.gob.mx/c/H2011P3CI307/053.jpg,0,0.344156,Q2,source_jpeg,1,200,image/jpeg,251365,33b99a0f1c570675ea675a4f7d7b87945210bc8c8195a552320ca81fcadb2cbe,1,
CN_PENDING_PAGE_MANIFEST_0.1,LTMD-CN3-G2011-VP054,LTMD-CN3-G2011,H2011P3CI307,2011,3,54,154,54,https://historico.conaliteg.gob.mx/c/H2011P3CI307/054.jpg,0,0.350649,Q2,source_jpeg,1,200,image/jpeg,355732,2ca3d0d6e93aeb246c46bb6961d4e8ff808e789106693aaa22a7f8d3d02a9e74,1,
CN_PENDING_PAGE_MANIFEST_0.1,LTMD-CN3-G2011-VP055,LTMD-CN3-G2011,H2011P3CI307,2011,3,55,154,55,https://historico.conaliteg.gob.mx/c/H2011P3CI307/055.jpg,0,0.357143,Q2,source_jpeg,1,200,image/jpeg,288263,71874e52210baac85510a1cab3a1b0b0c1d070971c0753bf9bdf090f93fb12a6,1,
CN_PENDING_PAGE_MANIFEST_0.1,LTMD-CN3-G2011-VP056,LTMD-CN3-G2011,H2011P3CI307,2011,3,56,154,56,https://historico.conaliteg.gob.mx/c/H2011P3CI307/056.jpg,0,0.363636,Q2,source_jpeg,1,200,image/jpeg,339218,664d1b888ca0a7ec6a1e60e2e6b92ecec345cd1d626fb68a450f036d13991241,1,
CN_PENDING_PAGE_MANIFEST_0.1,LTMD-CN3-G2011-VP057,LTMD-CN3-G2011,H2011P3CI307,2011,3,57,154,57,https://historico.conaliteg.gob.mx/c/H2011P3CI307/057.jpg,0,0.370130,Q2,source_jpeg,1,200,image/jpeg,519000,547c35f7bc0623b23ddd6792f6a39e1c668f6ae11baa33a271a7c8cc3fe9e4e5,1,
CN_PENDING_PAGE_MANIFEST_0.1,LTMD-CN3-G2011-VP058,LTMD-CN3-G2011,H2011P3CI307,2011,3,58,154,58,https://historico.conaliteg.gob.mx/c/H2011P3CI307/058.jpg,0,0.376623,Q2,source_jpeg,1,200,image/jpeg,454709,ffedefc7734312594265e041d4d895a01c868ea0d3aa2a9f2e60e32a25eccfd2,1,
CN_PENDING_PAGE_MANIFEST_0.1,LTMD-CN3-G2011-VP059,LTMD-CN3-G2011,H2011P3CI307,2011,3,59,154,59,https://historico.conaliteg.gob.mx/c/H2011P3CI307/059.jpg,0,0.383117,Q2,source_jpeg,1,200,image/jpeg,502224,dcb460f29af6acb1ecf9bcb314715a52838d2331f1ffcdc0a915d44ce4d9cbd7,1,
CN_PENDING_PAGE_MANIFEST_0.1,LTMD-CN3-G2011-VP060,LTMD-CN3-G2011,H2011P3CI307,2011,3,60,154,60,https://historico.conaliteg.gob.mx/c/H2011P3CI307/060.jpg,0,0.389610,Q2,source_jpeg,1,200,image/jpeg,397621,0377df274a291d553816bf8e75a18039b41fc805f01ba94714a8268a0fa7d164,1,
CN_PENDING_PAGE_MANIFEST_0.1,LTMD-CN3-G2011-VP061,LTMD-CN3-G2011,H2011P3CI307,2011,3,61,154,61,https://historico.conaliteg.gob.mx/c/H2011P3CI307/061.jpg,0,0.396104,Q2,source_jpeg,1,200,image/jpeg,332083,393541b50a33ed0f938f3d6933abac18ebd669c44c553318b1e2e08f248b883c,1,
CN_PENDING_PAGE_MANIFEST_0.1,LTMD-CN3-G2011-VP062,LTMD-CN3-G2011,H2011P3CI307,2011,3,62,154,62,https://historico.conaliteg.gob.mx/c/H2011P3CI307/062.jpg,0,0.402597,Q2,source_jpeg,1,200,image/jpeg,413104,04bfedcd93cc24117bb09ee085ad5ae5c1a22e27638c8e31055497d9f1e0112a,1,
CN_PENDING_PAGE_MANIFEST_0.1,LTMD-CN3-G2011-VP063,LTMD-CN3-G2011,H2011P3CI307,2011,3,63,154,63,https://historico.conaliteg.gob.mx/c/H2011P3CI307/063.jpg,0,0.409091,Q2,source_jpeg,1,200,image/jpeg,307193,a52bea4ba2b6a617cb1b28b03c41373016eefe3e6d1d4c0b521b0e9d8b497915,1,
CN_PENDING_PAGE_MANIFEST_0.1,LTMD-CN3-G2011-VP064,LTMD-CN3-G2011,H2011P3CI307,2011,3,64,154,64,https://historico.conaliteg.gob.mx/c/H2011P3CI307/064.jpg,0,0.415584,Q2,source_jpeg,1,200,image/jpeg,297855,5e7573714217ba1e0d6b8bc86c646c74b4bdedeb6de93869d8c03b0af83d9f98,1,
CN_PENDING_PAGE_MANIFEST_0.1,LTMD-CN3-G2011-VP065,LTMD-CN3-G2011,H2011P3CI307,2011,3,65,154,65,https://historico.conaliteg.gob.mx/c/H2011P3CI307/065.jpg,0,0.422078,Q2,source_jpeg,1,200,image/jpeg,339465,cebdadc47cbc1949dff8664ffdec61c0fdd1637e25d9daec9afb994b43b6af4e,1,
CN_PENDING_PAGE_MANIFEST_0.1,LTMD-CN3-G2011-VP066,LTMD-CN3-G2011,H2011P3CI307,2011,3,66,154,66,https://historico.conaliteg.gob.mx/c/H2011P3CI307/066.jpg,0,0.428571,Q2,source_jpeg,1,200,image/jpeg,351586,8578310c2eafd4acd344eab8123fc0b9a3ac52213a08f1ae8c667e62281e3a22,1,
CN_PENDING_PAGE_MANIFEST_0.1,LTMD-CN3-G2011-VP067,LTMD-CN3-G2011,H2011P3CI307,2011,3,67,154,67,https://historico.conaliteg.gob.mx/c/H2011P3CI307/067.jpg,0,0.435065,Q2,source_jpeg,1,200,image/jpeg,342569,1d2478b6807267f33ef8f16269d040d1f6f17b51dcd897c5ec2adf537c3823e5,1,
CN_PENDING_PAGE_MANIFEST_0.1,LTMD-CN3-G2011-VP068,LTMD-CN3-G2011,H2011P3CI307,2011,3,68,154,68,https://historico.conaliteg.gob.mx/c/H2011P3CI307/068.jpg,0,0.441558,Q2,source_jpeg,1,200,image/jpeg,230617,9aa94429a7bee25e6cd3393ed1588087affeaf4627d81f18bac5ced988f86d97,1,
CN_PENDING_PAGE_MANIFEST_0.1,LTMD-CN3-G2011-VP069,LTMD-CN3-G2011,H2011P3CI307,2011,3,69,154,69,https://historico.conaliteg.gob.mx/c/H2011P3CI307/069.jpg,0,0.448052,Q2,source_jpeg,1,200,image/jpeg,290247,f544b31639765ee9aa917c32b89532b2893693687d276a1824251f0014488903,1,
CN_PENDING_PAGE_MANIFEST_0.1,LTMD-CN3-G2011-VP070,LTMD-CN3-G2011,H2011P3CI307,2011,3,70,154,70,https://historico.conaliteg.gob.mx/c/H2011P3CI307/070.jpg,0,0.454545,Q2,source_jpeg,1,200,image/jpeg,219302,e4bde2356d4d82000fae56ad2140d61b3951495f2859e30c3a3ed531598c9e4d,1,
CN_PENDING_PAGE_MANIFEST_0.1,LTMD-CN3-G2011-VP071,LTMD-CN3-G2011,H2011P3CI307,2011,3,71,154,71,https://historico.conaliteg.gob.mx/c/H2011P3CI307/071.jpg,0,0.461039,Q2,source_jpeg,1,200,image/jpeg,190936,5d6735bbb57bf49b9641bb097fe4e76c60d1b004bc867a7ffc702c723c4923ba,1,
CN_PENDING_PAGE_MANIFEST_0.1,LTMD-CN3-G2011-VP072,LTMD-CN3-G2011,H2011P3CI307,2011,3,72,154,72,https://historico.conaliteg.gob.mx/c/H2011P3CI307/072.jpg,0,0.467532,Q2,source_jpeg,1,200,image/jpeg,285613,49153107aa8bd747973018be961b6105335cc5c9dcb08957e4d2ea8ee7f43aaa,1,
CN_PENDING_PAGE_MANIFEST_0.1,LTMD-CN3-G2011-VP073,LTMD-CN3-G2011,H2011P3CI307,2011,3,73,154,73,https://historico.conaliteg.gob.mx/c/H2011P3CI307/073.jpg,0,0.474026,Q2,source_jpeg,1,200,image/jpeg,164882,0b01845200c398fea22ce5beb34b340f4bcbcb5b41269fe101444c08fdc84d8d,1,
CN_PENDING_PAGE_MANIFEST_0.1,LTMD-CN3-G2011-VP074,LTMD-CN3-G2011,H2011P3CI307,2011,3,74,154,74,https://historico.conaliteg.gob.mx/c/H2011P3CI307/074.jpg,0,0.480519,Q2,source_jpeg,1,200,image/jpeg,205428,3f8a64c235b2406316b049f071f77ecd46ea115812b24eb0a4a1ee541a2af6f2,1,
CN_PENDING_PAGE_MANIFEST_0.1,LTMD-CN3-G2011-VP075,LTMD-CN3-G2011,H2011P3CI307,2011,3,75,154,75,https://historico.conaliteg.gob.mx/c/H2011P3CI307/075.jpg,0,0.487013,Q2,source_jpeg,1,200,image/jpeg,244844,dd24b1af53567b27089afb707e3a4139f7bde709d829f8dca2966df06d28a91b,1,
CN_PENDING_PAGE_MANIFEST_0.1,LTMD-CN3-G2011-VP076,LTMD-CN3-G2011,H2011P3CI307,2011,3,76,154,76,https://historico.conaliteg.gob.mx/c/H2011P3CI307/076.jpg,0,0.493506,Q2,source_jpeg,1,200,image/jpeg,252681,848f957a3a24a2c95e81466b86ff30f174b1b09a989297db8c0be47dffe6d1ed,1,
CN_PENDING_PAGE_MANIFEST_0.1,LTMD-CN3-G2011-VP077,LTMD-CN3-G2011,H2011P3CI307,2011,3,77,154,77,https://historico.conaliteg.gob.mx/c/H2011P3CI307/077.jpg,0,0.500000,Q2,source_jpeg,1,200,image/jpeg,349580,3667bc29141d519ea801c952f47b87b416ba0f6a95216cc5e9bfcabb38189c40,1,
CN_PENDING_PAGE_MANIFEST_0.1,LTMD-CN3-G2011-VP078,LTMD-CN3-G2011,H2011P3CI307,2011,3,78,154,78,https://historico.conaliteg.gob.mx/c/H2011P3CI307/078.jpg,0,0.506494,Q3,source_jpeg,1,200,image/jpeg,385815,4c1bb89a943bef7608196e215265c134959af40959f0a7c0293da3c17402d909,1,
CN_PENDING_PAGE_MANIFEST_0.1,LTMD-CN3-G2011-VP079,LTMD-CN3-G2011,H2011P3CI307,2011,3,79,154,79,https://historico.conaliteg.gob.mx/c/H2011P3CI307/079.jpg,0,0.512987,Q3,source_jpeg,1,200,image/jpeg,284635,996a8cf2505b20fdedceab90857e05ebcc26c7fa2d27c58183795281d920e322,1,
CN_PENDING_PAGE_MANIFEST_0.1,LTMD-CN3-G2011-VP080,LTMD-CN3-G2011,H2011P3CI307,2011,3,80,154,80,https://historico.conaliteg.gob.mx/c/H2011P3CI307/080.jpg,0,0.519481,Q3,source_jpeg,1,200,image/jpeg,301764,4d2a7ded4052a8400386b97080cd43ab8576fa906ac46f74029224811014ac4f,1,
CN_PENDING_PAGE_MANIFEST_0.1,LTMD-CN3-G2011-VP081,LTMD-CN3-G2011,H2011P3CI307,2011,3,81,154,81,https://historico.conaliteg.gob.mx/c/H2011P3CI307/081.jpg,0,0.525974,Q3,source_jpeg,1,200,image/jpeg,327011,e4bf9e2c14647ab7c9666a6676cff95ed8001f18bb8cf55a538201426f8e2b2b,1,
CN_PENDING_PAGE_MANIFEST_0.1,LTMD-CN3-G2011-VP082,LTMD-CN3-G2011,H2011P3CI307,2011,3,82,154,82,https://historico.conaliteg.gob.mx/c/H2011P3CI307/082.jpg,0,0.532468,Q3,source_jpeg,1,200,image/jpeg,334080,4aa210cc624a198658940cac7126511cda7dd564a4f436c2382e10bcf47ab490,1,
CN_PENDING_PAGE_MANIFEST_0.1,LTMD-CN3-G2011-VP083,LTMD-CN3-G2011,H2011P3CI307,2011,3,83,154,83,https://historico.conaliteg.gob.mx/c/H2011P3CI307/083.jpg,0,0.538961,Q3,source_jpeg,1,200,image/jpeg,301303,49543c5c514249b1b530e6e563ea83a4818e8ace0d83128cd79998b181c61623,1,
CN_PENDING_PAGE_MANIFEST_0.1,LTMD-CN3-G2011-VP084,LTMD-CN3-G2011,H2011P3CI307,2011,3,84,154,84,https://historico.conaliteg.gob.mx/c/H2011P3CI307/084.jpg,0,0.545455,Q3,source_jpeg,1,200,image/jpeg,291084,38691deef4d4f9d14cd75b3d0381bff88b6b7dafdcff4df04635dbd8fc2916bc,1,
CN_PENDING_PAGE_MANIFEST_0.1,LTMD-CN3-G2011-VP085,LTMD-CN3-G2011,H2011P3CI307,2011,3,85,154,85,https://historico.conaliteg.gob.mx/c/H2011P3CI307/085.jpg,0,0.551948,Q3,source_jpeg,1,200,image/jpeg,262297,c9eaabcb2293e87752051b989b9a650e3bd771ff04c5bf389a0b50b4421a01fa,1,
CN_PENDING_PAGE_MANIFEST_0.1,LTMD-CN3-G2011-VP086,LTMD-CN3-G2011,H2011P3CI307,2011,3,86,154,86,https://historico.conaliteg.gob.mx/c/H2011P3CI307/086.jpg,0,0.558442,Q3,source_jpeg,1,200,image/jpeg,268192,7b7f43147f1918e73a6beb82b04d43c29bfd5d086358976941d5458bae6e44ab,1,
CN_PENDING_PAGE_MANIFEST_0.1,LTMD-CN3-G2011-VP087,LTMD-CN3-G2011,H2011P3CI307,2011,3,87,154,87,https://historico.conaliteg.gob.mx/c/H2011P3CI307/087.jpg,0,0.564935,Q3,source_jpeg,1,200,image/jpeg,300311,9b3894f2545cfef0080d44b1a0c12eb71d67ffb638eb86a49be0f334885c0490,1,
CN_PENDING_PAGE_MANIFEST_0.1,LTMD-CN3-G2011-VP088,LTMD-CN3-G2011,H2011P3CI307,2011,3,88,154,88,https://historico.conaliteg.gob.mx/c/H2011P3CI307/088.jpg,0,0.571429,Q3,source_jpeg,1,200,image/jpeg,357160,da5bf5f72553b8000839987bc3f351fa78f7cdea34b0aae865bd3312ac730b59,1,
CN_PENDING_PAGE_MANIFEST_0.1,LTMD-CN3-G2011-VP089,LTMD-CN3-G2011,H2011P3CI307,2011,3,89,154,89,https://historico.conaliteg.gob.mx/c/H2011P3CI307/089.jpg,0,0.577922,Q3,source_jpeg,1,200,image/jpeg,298629,6e4a1a3e7a823572d1d44505306cdd445761eac2f474e5d78aefc7624580c2cd,1,
CN_PENDING_PAGE_MANIFEST_0.1,LTMD-CN3-G2011-VP090,LTMD-CN3-G2011,H2011P3CI307,2011,3,90,154,90,https://historico.conaliteg.gob.mx/c/H2011P3CI307/090.jpg,0,0.584416,Q3,source_jpeg,1,200,image/jpeg,355436,c6d5c85ce024fcf08a7488f0a63bc076afb9b2ee351de10e6cebfe9b6427f300,1,
CN_PENDING_PAGE_MANIFEST_0.1,LTMD-CN3-G2011-VP091,LTMD-CN3-G2011,H2011P3CI307,2011,3,91,154,91,https://historico.conaliteg.gob.mx/c/H2011P3CI307/091.jpg,0,0.590909,Q3,source_jpeg,1,200,image/jpeg,286111,38010fb0c49ded85931f681135c9fbc1f41c8971a7d64ef9ba9bb7169d2d6585,1,
CN_PENDING_PAGE_MANIFEST_0.1,LTMD-CN3-G2011-VP092,LTMD-CN3-G2011,H2011P3CI307,2011,3,92,154,92,https://historico.conaliteg.gob.mx/c/H2011P3CI307/092.jpg,0,0.597403,Q3,source_jpeg,1,200,image/jpeg,391352,e030f2a843c9fc916d85433ffec8bcef0bf9167ab0336b27f1b7e6079ef99fbf,1,
CN_PENDING_PAGE_MANIFEST_0.1,LTMD-CN3-G2011-VP093,LTMD-CN3-G2011,H2011P3CI307,2011,3,93,154,93,https://historico.conaliteg.gob.mx/c/H2011P3CI307/093.jpg,0,0.603896,Q3,source_jpeg,1,200,image/jpeg,429523,6ae3223a79aa1d288ee9a4fd3f8d957350a6014bec74077312c4abb9ca92280e,1,
CN_PENDING_PAGE_MANIFEST_0.1,LTMD-CN3-G2011-VP094,LTMD-CN3-G2011,H2011P3CI307,2011,3,94,154,94,https://historico.conaliteg.gob.mx/c/H2011P3CI307/094.jpg,0,0.610390,Q3,source_jpeg,1,200,image/jpeg,312061,a6ced00842c2c8ae447e2ebddd3252de76338472ee08469ceb83cf9c76cb2cba,1,
CN_PENDING_PAGE_MANIFEST_0.1,LTMD-CN3-G2011-VP095,LTMD-CN3-G2011,H2011P3CI307,2011,3,95,154,95,https://historico.conaliteg.gob.mx/c/H2011P3CI307/095.jpg,0,0.616883,Q3,source_jpeg,1,200,image/jpeg,308747,661cfec450e1352af26bbe093568e419091393c07879cd863bf3eebc5063410f,1,
CN_PENDING_PAGE_MANIFEST_0.1,LTMD-CN3-G2011-VP096,LTMD-CN3-G2011,H2011P3CI307,2011,3,96,154,96,https://historico.conaliteg.gob.mx/c/H2011P3CI307/096.jpg,0,0.623377,Q3,source_jpeg,1,200,image/jpeg,326708,2a64151d935d161ef0dda6cc08fb567e39442fdfcf199604a35a78029e73df1b,1,
CN_PENDING_PAGE_MANIFEST_0.1,LTMD-CN3-G2011-VP097,LTMD-CN3-G2011,H2011P3CI307,2011,3,97,154,97,https://historico.conaliteg.gob.mx/c/H2011P3CI307/097.jpg,0,0.629870,Q3,source_jpeg,1,200,image/jpeg,358392,5b3777b2b3f2240baa9a323efc186505495aaf6844ae95590e53d601857abc4d,1,
CN_PENDING_PAGE_MANIFEST_0.1,LTMD-CN3-G2011-VP098,LTMD-CN3-G2011,H2011P3CI307,2011,3,98,154,98,https://historico.conaliteg.gob.mx/c/H2011P3CI307/098.jpg,0,0.636364,Q3,source_jpeg,1,200,image/jpeg,316359,80a6a958a0cc42db7860c5235f915048cf17c0c1661ecdd241dbeb01c0b07142,1,
CN_PENDING_PAGE_MANIFEST_0.1,LTMD-CN3-G2011-VP099,LTMD-CN3-G2011,H2011P3CI307,2011,3,99,154,99,https://historico.conaliteg.gob.mx/c/H2011P3CI307/099.jpg,0,0.642857,Q3,source_jpeg,1,200,image/jpeg,350066,da6b150d89c951af5433e6d1803e37d516b690b7bdcdd0e82e164bde8972afd6,1,
CN_PENDING_PAGE_MANIFEST_0.1,LTMD-CN3-G2011-VP100,LTMD-CN3-G2011,H2011P3CI307,2011,3,100,154,100,https://historico.conaliteg.gob.mx/c/H2011P3CI307/100.jpg,0,0.649351,Q3,source_jpeg,1,200,image/jpeg,228883,36177eaf9cf7acb38dbdc56a4e6287c88a75cdc8d918f3215ec544f607ffbcf1,1,
CN_PENDING_PAGE_MANIFEST_0.1,LTMD-CN3-G2011-VP101,LTMD-CN3-G2011,H2011P3CI307,2011,3,101,154,101,https://historico.conaliteg.gob.mx/c/H2011P3CI307/101.jpg,0,0.655844,Q3,source_jpeg,1,200,image/jpeg,220048,63add42905de27387ddcd2f42775c1874ce95940261d887b727734a9ed2ba7c5,1,
CN_PENDING_PAGE_MANIFEST_0.1,LTMD-CN3-G2011-VP102,LTMD-CN3-G2011,H2011P3CI307,2011,3,102,154,102,https://historico.conaliteg.gob.mx/c/H2011P3CI307/102.jpg,0,0.662338,Q3,source_jpeg,1,200,image/jpeg,1253123,73db6d8c7fd23cec874feb392a27ce3ff4e36efa8f8ed88506a53cc9da52e766,1,
CN_PENDING_PAGE_MANIFEST_0.1,LTMD-CN3-G2011-VP103,LTMD-CN3-G2011,H2011P3CI307,2011,3,103,154,103,https://historico.conaliteg.gob.mx/c/H2011P3CI307/103.jpg,0,0.668831,Q3,source_jpeg,1,200,image/jpeg,161041,8bf1efd740eb2dec8faf585faee7eb1ce00769d82fb381a9bc4a5df13ca9e5fc,1,
CN_PENDING_PAGE_MANIFEST_0.1,LTMD-CN3-G2011-VP104,LTMD-CN3-G2011,H2011P3CI307,2011,3,104,154,104,https://historico.conaliteg.gob.mx/c/H2011P3CI307/104.jpg,0,0.675325,Q3,source_jpeg,1,200,image/jpeg,633658,e00974820e72668847660152c287e57ecf741fe89d1e6490662d5bf0fffd6d71,1,
CN_PENDING_PAGE_MANIFEST_0.1,LTMD-CN3-G2011-VP105,LTMD-CN3-G2011,H2011P3CI307,2011,3,105,154,105,https://historico.conaliteg.gob.mx/c/H2011P3CI307/105.jpg,0,0.681818,Q3,source_jpeg,1,200,image/jpeg,301230,f714aff2b404fa3c0227dd140c5f4522c36543affd8220d524371eb26a1e796f,1,
CN_PENDING_PAGE_MANIFEST_0.1,LTMD-CN3-G2011-VP106,LTMD-CN3-G2011,H2011P3CI307,2011,3,106,154,106,https://historico.conaliteg.gob.mx/c/H2011P3CI307/106.jpg,0,0.688312,Q3,source_jpeg,1,200,image/jpeg,316027,6d4451f161f41eb7959613fd7aacf17005e23b1d5593388e83f05c9fbab4365f,1,
CN_PENDING_PAGE_MANIFEST_0.1,LTMD-CN3-G2011-VP107,LTMD-CN3-G2011,H2011P3CI307,2011,3,107,154,107,https://historico.conaliteg.gob.mx/c/H2011P3CI307/107.jpg,0,0.694805,Q3,source_jpeg,1,200,image/jpeg,337086,a496f424be2800a7088a330676c3d37bab4f6b80228955f0afec3d3bcca50748,1,
CN_PENDING_PAGE_MANIFEST_0.1,LTMD-CN3-G2011-VP108,LTMD-CN3-G2011,H2011P3CI307,2011,3,108,154,108,https://historico.conaliteg.gob.mx/c/H2011P3CI307/108.jpg,0,0.701299,Q3,source_jpeg,1,200,image/jpeg,346222,e42259c2aa5093a6acd6704cd30a3adacfc1b6f986919ffb5841f0b88d39d931,1,
CN_PENDING_PAGE_MANIFEST_0.1,LTMD-CN3-G2011-VP109,LTMD-CN3-G2011,H2011P3CI307,2011,3,109,154,109,https://historico.conaliteg.gob.mx/c/H2011P3CI307/109.jpg,0,0.707792,Q3,source_jpeg,1,200,image/jpeg,321917,4c893691ad65e0592239017e8b757641e74788de8be554a372384f1788b7ff61,1,
CN_PENDING_PAGE_MANIFEST_0.1,LTMD-CN3-G2011-VP110,LTMD-CN3-G2011,H2011P3CI307,2011,3,110,154,110,https://historico.conaliteg.gob.mx/c/H2011P3CI307/110.jpg,0,0.714286,Q3,source_jpeg,1,200,image/jpeg,337990,20252fca4348f585ad37dd1dd6bfa613a66f7b3c6ee6cfb2b15c2526cd8dc764,1,
CN_PENDING_PAGE_MANIFEST_0.1,LTMD-CN3-G2011-VP111,LTMD-CN3-G2011,H2011P3CI307,2011,3,111,154,111,https://historico.conaliteg.gob.mx/c/H2011P3CI307/111.jpg,0,0.720779,Q3,source_jpeg,1,200,image/jpeg,237404,290dea71eaaff5bbd7366beebb893bab329d8b80118c4073cad3dae41afc197f,1,
CN_PENDING_PAGE_MANIFEST_0.1,LTMD-CN3-G2011-VP112,LTMD-CN3-G2011,H2011P3CI307,2011,3,112,154,112,https://historico.conaliteg.gob.mx/c/H2011P3CI307/112.jpg,0,0.727273,Q3,source_jpeg,1,200,image/jpeg,328093,a198701156f2ffa6cbb448019db01d753f4adbf9aa10fa1e5c81923f6a08daea,1,
CN_PENDING_PAGE_MANIFEST_0.1,LTMD-CN3-G2011-VP113,LTMD-CN3-G2011,H2011P3CI307,2011,3,113,154,113,https://historico.conaliteg.gob.mx/c/H2011P3CI307/113.jpg,0,0.733766,Q3,source_jpeg,1,200,image/jpeg,339793,b3303cea620a648c8491354eec918b10e18ef06ad0cb4b06d0b802c38076b023,1,
CN_PENDING_PAGE_MANIFEST_0.1,LTMD-CN3-G2011-VP114,LTMD-CN3-G2011,H2011P3CI307,2011,3,114,154,114,https://historico.conaliteg.gob.mx/c/H2011P3CI307/114.jpg,0,0.740260,Q3,source_jpeg,1,200,image/jpeg,369515,020be104d5abc8582ff15ca8cb5a594314bb4c1e4e23122bbd25469cb4ba45bb,1,
CN_PENDING_PAGE_MANIFEST_0.1,LTMD-CN3-G2011-VP115,LTMD-CN3-G2011,H2011P3CI307,2011,3,115,154,115,https://historico.conaliteg.gob.mx/c/H2011P3CI307/115.jpg,0,0.746753,Q3,source_jpeg,1,200,image/jpeg,325704,d22808f2f9b6862068b7db318e2ff2baff94d116db4c9bc08b9d38fb3848a3c4,1,
CN_PENDING_PAGE_MANIFEST_0.1,LTMD-CN3-G2011-VP116,LTMD-CN3-G2011,H2011P3CI307,2011,3,116,154,116,https://historico.conaliteg.gob.mx/c/H2011P3CI307/116.jpg,0,0.753247,Q4,source_jpeg,1,200,image/jpeg,391562,2b439e937d347cfd78d4eefec3f192be927106c90bae6d30b6e13e792b706e41,1,
CN_PENDING_PAGE_MANIFEST_0.1,LTMD-CN3-G2011-VP117,LTMD-CN3-G2011,H2011P3CI307,2011,3,117,154,117,https://historico.conaliteg.gob.mx/c/H2011P3CI307/117.jpg,0,0.759740,Q4,source_jpeg,1,200,image/jpeg,335462,80575738bd543f41395494c7bc43a7f90be8927790853ec570108e0b1f2aeb49,1,
CN_PENDING_PAGE_MANIFEST_0.1,LTMD-CN3-G2011-VP118,LTMD-CN3-G2011,H2011P3CI307,2011,3,118,154,118,https://historico.conaliteg.gob.mx/c/H2011P3CI307/118.jpg,0,0.766234,Q4,source_jpeg,1,200,image/jpeg,425348,54f98e13175aac461592042954eb69c40a03d561434be22ad98a0fc94a3fddcf,1,
CN_PENDING_PAGE_MANIFEST_0.1,LTMD-CN3-G2011-VP119,LTMD-CN3-G2011,H2011P3CI307,2011,3,119,154,119,https://historico.conaliteg.gob.mx/c/H2011P3CI307/119.jpg,0,0.772727,Q4,source_jpeg,1,200,image/jpeg,382677,943c6596ccfd869dd579b7c57e14db265b394219458f16bc38c2e1953fd89cab,1,
CN_PENDING_PAGE_MANIFEST_0.1,LTMD-CN3-G2011-VP120,LTMD-CN3-G2011,H2011P3CI307,2011,3,120,154,120,https://historico.conaliteg.gob.mx/c/H2011P3CI307/120.jpg,0,0.779221,Q4,source_jpeg,1,200,image/jpeg,274125,6434ca77e72812ea0cbaf3be513f4bb7aceb6d53ebda1dfc254b63f20bb393a9,1,
CN_PENDING_PAGE_MANIFEST_0.1,LTMD-CN3-G2011-VP121,LTMD-CN3-G2011,H2011P3CI307,2011,3,121,154,121,https://historico.conaliteg.gob.mx/c/H2011P3CI307/121.jpg,0,0.785714,Q4,source_jpeg,1,200,image/jpeg,365034,7c0b66b010a4037f067657f7d05d359baf5e5f3bcea159cdf26c7b663341ee26,1,
CN_PENDING_PAGE_MANIFEST_0.1,LTMD-CN3-G2011-VP122,LTMD-CN3-G2011,H2011P3CI307,2011,3,122,154,122,https://historico.conaliteg.gob.mx/c/H2011P3CI307/122.jpg,0,0.792208,Q4,source_jpeg,1,200,image/jpeg,426214,af4c20b4982b16f0ca4afbd137c149734d92545c06d0125f9131caf5a01ecabd,1,
CN_PENDING_PAGE_MANIFEST_0.1,LTMD-CN3-G2011-VP123,LTMD-CN3-G2011,H2011P3CI307,2011,3,123,154,123,https://historico.conaliteg.gob.mx/c/H2011P3CI307/123.jpg,0,0.798701,Q4,source_jpeg,1,200,image/jpeg,341628,1ce42787533e7a85d0b68bc8a65414ef0b6a6161f60a5537354cd1c3fb695fbc,1,
CN_PENDING_PAGE_MANIFEST_0.1,LTMD-CN3-G2011-VP124,LTMD-CN3-G2011,H2011P3CI307,2011,3,124,154,124,https://historico.conaliteg.gob.mx/c/H2011P3CI307/124.jpg,0,0.805195,Q4,source_jpeg,1,200,image/jpeg,320375,bd544f18a84a2483a35c06bbbabc8800192c0b82746352903fc14e758ff8cb21,1,
CN_PENDING_PAGE_MANIFEST_0.1,LTMD-CN3-G2011-VP125,LTMD-CN3-G2011,H2011P3CI307,2011,3,125,154,125,https://historico.conaliteg.gob.mx/c/H2011P3CI307/125.jpg,0,0.811688,Q4,source_jpeg,1,200,image/jpeg,359786,491377894e7aac43ea86008f11003ee623ea6c14a237e6b87655487dd8768750,1,
CN_PENDING_PAGE_MANIFEST_0.1,LTMD-CN3-G2011-VP126,LTMD-CN3-G2011,H2011P3CI307,2011,3,126,154,126,https://historico.conaliteg.gob.mx/c/H2011P3CI307/126.jpg,0,0.818182,Q4,source_jpeg,1,200,image/jpeg,301775,b4f0d201c7bb2c0df766f1cbc7e40fbf81d96d0a92ea22365c6306fd04e3b501,1,
CN_PENDING_PAGE_MANIFEST_0.1,LTMD-CN3-G2011-VP127,LTMD-CN3-G2011,H2011P3CI307,2011,3,127,154,127,https://historico.conaliteg.gob.mx/c/H2011P3CI307/127.jpg,0,0.824675,Q4,source_jpeg,1,200,image/jpeg,274645,d80437114f8085142babb15b5b12a33290d5c3280386486b1529c49777cff650,1,
CN_PENDING_PAGE_MANIFEST_0.1,LTMD-CN3-G2011-VP128,LTMD-CN3-G2011,H2011P3CI307,2011,3,128,154,128,https://historico.conaliteg.gob.mx/c/H2011P3CI307/128.jpg,0,0.831169,Q4,source_jpeg,1,200,image/jpeg,214356,734d7828853fa04da81c6ebc7b74a4f967e5e362ab2d626d9b0c91b9f8313154,1,
CN_PENDING_PAGE_MANIFEST_0.1,LTMD-CN3-G2011-VP129,LTMD-CN3-G2011,H2011P3CI307,2011,3,129,154,129,https://historico.conaliteg.gob.mx/c/H2011P3CI307/129.jpg,0,0.837662,Q4,source_jpeg,1,200,image/jpeg,208314,fe979a295e1e5e39ba4ee3310d1011480cee2dac4c80e48b93d330ec936da284,1,
CN_PENDING_PAGE_MANIFEST_0.1,LTMD-CN3-G2011-VP130,LTMD-CN3-G2011,H2011P3CI307,2011,3,130,154,130,https://historico.conaliteg.gob.mx/c/H2011P3CI307/130.jpg,0,0.844156,Q4,source_jpeg,1,200,image/jpeg,259670,649ca8202a8610dc6fcd58e628186cdd3187dc282f9792cbcd9581ca4defc6f0,1,
CN_PENDING_PAGE_MANIFEST_0.1,LTMD-CN3-G2011-VP131,LTMD-CN3-G2011,H2011P3CI307,2011,3,131,154,131,https://historico.conaliteg.gob.mx/c/H2011P3CI307/131.jpg,0,0.850649,Q4,source_jpeg,1,200,image/jpeg,145274,d9ddd579462916f7fc80fbfd8a9d99ecd57803b46244ded5fa2a2ce9dc6f3c0b,1,
CN_PENDING_PAGE_MANIFEST_0.1,LTMD-CN3-G2011-VP132,LTMD-CN3-G2011,H2011P3CI307,2011,3,132,154,132,https://historico.conaliteg.gob.mx/c/H2011P3CI307/132.jpg,0,0.857143,Q4,source_jpeg,1,200,image/jpeg,263565,165b70d98fcf47c96f877d3704925f4b30a3e3a3cff51779d10e45a94afd99fd,1,
CN_PENDING_PAGE_MANIFEST_0.1,LTMD-CN3-G2011-VP133,LTMD-CN3-G2011,H2011P3CI307,2011,3,133,154,133,https://historico.conaliteg.gob.mx/c/H2011P3CI307/133.jpg,0,0.863636,Q4,source_jpeg,1,200,image/jpeg,299092,35db3f38859b5aa9ca7afddd3165564255f867d4f191321265ba21d6468532a0,1,
CN_PENDING_PAGE_MANIFEST_0.1,LTMD-CN3-G2011-VP134,LTMD-CN3-G2011,H2011P3CI307,2011,3,134,154,134,https://historico.conaliteg.gob.mx/c/H2011P3CI307/134.jpg,0,0.870130,Q4,source_jpeg,1,200,image/jpeg,336421,3598837c8317b5db91a2a56ed1c6ae9c527d7c15ea9ab63a9caf071547f83dfe,1,
CN_PENDING_PAGE_MANIFEST_0.1,LTMD-CN3-G2011-VP135,LTMD-CN3-G2011,H2011P3CI307,2011,3,135,154,135,https://historico.conaliteg.gob.mx/c/H2011P3CI307/135.jpg,0,0.876623,Q4,source_jpeg,1,200,image/jpeg,393624,dae5339094780679affc7584bee7753b407aa6497d2527c510361a1b225a5914,1,
CN_PENDING_PAGE_MANIFEST_0.1,LTMD-CN3-G2011-VP136,LTMD-CN3-G2011,H2011P3CI307,2011,3,136,154,136,https://historico.conaliteg.gob.mx/c/H2011P3CI307/136.jpg,0,0.883117,Q4,source_jpeg,1,200,image/jpeg,394552,b9096050fe7bcc49c7adb2257f4aa0ff997d9a80aa00c3ddc0a356808179f3d6,1,
CN_PENDING_PAGE_MANIFEST_0.1,LTMD-CN3-G2011-VP137,LTMD-CN3-G2011,H2011P3CI307,2011,3,137,154,137,https://historico.conaliteg.gob.mx/c/H2011P3CI307/137.jpg,0,0.889610,Q4,source_jpeg,1,200,image/jpeg,363265,23c1d0d18f266ed5430be1760f2645e1eab8d1eb839025363db7df3ef10e8daf,1,
CN_PENDING_PAGE_MANIFEST_0.1,LTMD-CN3-G2011-VP138,LTMD-CN3-G2011,H2011P3CI307,2011,3,138,154,138,https://historico.conaliteg.gob.mx/c/H2011P3CI307/138.jpg,0,0.896104,Q4,source_jpeg,1,200,image/jpeg,278306,e4624ca8293a01036c90273a86dc8bd97a81a228c0ee5415d0d3bb647b86451c,1,
CN_PENDING_PAGE_MANIFEST_0.1,LTMD-CN3-G2011-VP139,LTMD-CN3-G2011,H2011P3CI307,2011,3,139,154,139,https://historico.conaliteg.gob.mx/c/H2011P3CI307/139.jpg,0,0.902597,Q4,source_jpeg,1,200,image/jpeg,611545,ce99492d7ef9cd3845e81d1fc5569ea5a252dba21875992413ad85ef882609ed,1,
CN_PENDING_PAGE_MANIFEST_0.1,LTMD-CN3-G2011-VP140,LTMD-CN3-G2011,H2011P3CI307,2011,3,140,154,140,https://historico.conaliteg.gob.mx/c/H2011P3CI307/140.jpg,0,0.909091,Q4,source_jpeg,1,200,image/jpeg,318419,7262fd09b108bd988dac5c5228d3a7a66c003204a7008e5ba74991ac484179bd,1,
CN_PENDING_PAGE_MANIFEST_0.1,LTMD-CN3-G2011-VP141,LTMD-CN3-G2011,H2011P3CI307,2011,3,141,154,141,https://historico.conaliteg.gob.mx/c/H2011P3CI307/141.jpg,0,0.915584,Q4,source_jpeg,1,200,image/jpeg,308571,0bf062c204f95c0fe951c5b0b584b7a0e83fb2d37ddaa9417d96b1f58ab5ea62,1,
CN_PENDING_PAGE_MANIFEST_0.1,LTMD-CN3-G2011-VP142,LTMD-CN3-G2011,H2011P3CI307,2011,3,142,154,142,https://historico.conaliteg.gob.mx/c/H2011P3CI307/142.jpg,0,0.922078,Q4,source_jpeg,1,200,image/jpeg,251642,d6606d87da43a750da924fdbff9e328d31276948104dbcac0c64896a796523b9,1,
CN_PENDING_PAGE_MANIFEST_0.1,LTMD-CN3-G2011-VP143,LTMD-CN3-G2011,H2011P3CI307,2011,3,143,154,143,https://historico.conaliteg.gob.mx/c/H2011P3CI307/143.jpg,0,0.928571,Q4,source_jpeg,1,200,image/jpeg,215537,59f7b30f05abb555f352da8e34b7a78f1206c9981a689a71533b37eb21ffe63b,1,
CN_PENDING_PAGE_MANIFEST_0.1,LTMD-CN3-G2011-VP144,LTMD-CN3-G2011,H2011P3CI307,2011,3,144,154,144,https://historico.conaliteg.gob.mx/c/H2011P3CI307/144.jpg,0,0.935065,Q4,source_jpeg,1,200,image/jpeg,212106,1b017db557aa5a9dcac1e63cac42dcf8dccae1f153db50f8298024b53ba49be3,1,
CN_PENDING_PAGE_MANIFEST_0.1,LTMD-CN3-G2011-VP145,LTMD-CN3-G2011,H2011P3CI307,2011,3,145,154,145,https://historico.conaliteg.gob.mx/c/H2011P3CI307/145.jpg,0,0.941558,Q4,source_jpeg,1,200,image/jpeg,251454,0069521b96cbdb094b632e6d2e3cd60352136c848845652a201f351d4557eb44,1,
CN_PENDING_PAGE_MANIFEST_0.1,LTMD-CN3-G2011-VP146,LTMD-CN3-G2011,H2011P3CI307,2011,3,146,154,146,https://historico.conaliteg.gob.mx/c/H2011P3CI307/146.jpg,0,0.948052,Q4,source_jpeg,1,200,image/jpeg,348851,d7fb5b4fdcad4305d5e1f9c16f40ef9888d25bcbd8420022f14e78061983aeec,1,
CN_PENDING_PAGE_MANIFEST_0.1,LTMD-CN3-G2011-VP147,LTMD-CN3-G2011,H2011P3CI307,2011,3,147,154,147,https://historico.conaliteg.gob.mx/c/H2011P3CI307/147.jpg,0,0.954545,Q4,source_jpeg,1,200,image/jpeg,376579,d4b790d073e79e7224c8416ceebf3de49a479f6ab26cbf12b1f9c287b16fff4a,1,
CN_PENDING_PAGE_MANIFEST_0.1,LTMD-CN3-G2011-VP148,LTMD-CN3-G2011,H2011P3CI307,2011,3,148,154,148,https://historico.conaliteg.gob.mx/c/H2011P3CI307/148.jpg,0,0.961039,Q4,source_jpeg,1,200,image/jpeg,375027,381f168af6ca89501eb9063a4b35f9b22b9bfebca98e34643559a82850a6c37f,1,
CN_PENDING_PAGE_MANIFEST_0.1,LTMD-CN3-G2011-VP149,LTMD-CN3-G2011,H2011P3CI307,2011,3,149,154,149,https://historico.conaliteg.gob.mx/c/H2011P3CI307/149.jpg,0,0.967532,Q4,source_jpeg,1,200,image/jpeg,240353,8a0286fd39de9d89bf34bfaa37aab84f7f42de9e0e2dffaf1ca38e625815f23c,1,
CN_PENDING_PAGE_MANIFEST_0.1,LTMD-CN3-G2011-VP150,LTMD-CN3-G2011,H2011P3CI307,2011,3,150,154,150,https://historico.conaliteg.gob.mx/c/H2011P3CI307/150.jpg,0,0.974026,Q4,source_jpeg,1,200,image/jpeg,117430,e92fa556b6f854529ed3f59c70ce64eba172688633075559c76b31b9c65bd56a,1,
CN_PENDING_PAGE_MANIFEST_0.1,LTMD-CN3-G2011-VP151,LTMD-CN3-G2011,H2011P3CI307,2011,3,151,154,151,https://historico.conaliteg.gob.mx/c/H2011P3CI307/151.jpg,0,0.980519,Q4,source_jpeg,1,200,image/jpeg,235977,d5adbc849dc724abd48994344c0fd1761d455fd17241a2652c75e8175bd3e2c7,1,
CN_PENDING_PAGE_MANIFEST_0.1,LTMD-CN3-G2011-VP152,LTMD-CN3-G2011,H2011P3CI307,2011,3,152,154,152,https://historico.conaliteg.gob.mx/c/H2011P3CI307/152.jpg,0,0.987013,Q4,source_jpeg,1,200,image/jpeg,164902,e1769abfe0755cb25db99cc5d44e396168de293ef1c07af235fbdb7a8d59a655,1,
CN_PENDING_PAGE_MANIFEST_0.1,LTMD-CN3-G2011-VP153,LTMD-CN3-G2011,H2011P3CI307,2011,3,153,154,153,https://historico.conaliteg.gob.mx/c/H2011P3CI307/153.jpg,0,0.993506,Q4,source_jpeg,1,200,image/jpeg,153413,d1c675b27d0b872edd70df682a8ba46126335538710f68aa8115fff2daf18f41,1,
CN_PENDING_PAGE_MANIFEST_0.1,LTMD-CN3-G2014-VP001,LTMD-CN3-G2014,H2014P3CNA,2014,3,1,154,0,https://historico.conaliteg.gob.mx/c/H2014P3CNA/000.jpg,0,0.006494,Q1,source_jpeg,1,200,image/jpeg,533768,dc7a4353746e805b04e02588820f712ae7b838c8065cc2cd78a82cb6d31f858a,1,
CN_PENDING_PAGE_MANIFEST_0.1,LTMD-CN3-G2014-VP002,LTMD-CN3-G2014,H2014P3CNA,2014,3,2,154,2,https://historico.conaliteg.gob.mx/c/H2014P3CNA/002.jpg,0,0.012987,Q1,source_jpeg,1,200,image/jpeg,233510,dd076facbed099e4f648988aec7f9609edfad54d2f35feb921a0168fddb7179c,1,
CN_PENDING_PAGE_MANIFEST_0.1,LTMD-CN3-G2014-VP003,LTMD-CN3-G2014,H2014P3CNA,2014,3,3,154,3,https://historico.conaliteg.gob.mx/c/H2014P3CNA/003.jpg,0,0.019481,Q1,source_jpeg,1,200,image/jpeg,496772,62d977b85ebeed0af6b156aab39dcf26d21815ec1e4ca9a8ade319e3661380c0,1,
CN_PENDING_PAGE_MANIFEST_0.1,LTMD-CN3-G2014-VP004,LTMD-CN3-G2014,H2014P3CNA,2014,3,4,154,4,https://historico.conaliteg.gob.mx/c/H2014P3CNA/004.jpg,0,0.025974,Q1,source_jpeg,1,200,image/jpeg,368150,9a390a9c480f9539a21e76111b56f1f645c77b11ad559d4e483110e307bb3f4a,1,
CN_PENDING_PAGE_MANIFEST_0.1,LTMD-CN3-G2014-VP005,LTMD-CN3-G2014,H2014P3CNA,2014,3,5,154,5,https://historico.conaliteg.gob.mx/c/H2014P3CNA/005.jpg,0,0.032468,Q1,source_jpeg,1,200,image/jpeg,501880,e587171cc39be4c18e3f5f7885209620f01973f7bf9fcba6a445ffffd60fa7d8,1,
CN_PENDING_PAGE_MANIFEST_0.1,LTMD-CN3-G2014-VP006,LTMD-CN3-G2014,H2014P3CNA,2014,3,6,154,6,https://historico.conaliteg.gob.mx/c/H2014P3CNA/006.jpg,0,0.038961,Q1,source_jpeg,1,200,image/jpeg,283349,e78f5f9803938ea808bc57149c591b6db79bef6e5528ec7f5b33628c9496a7b5,1,
CN_PENDING_PAGE_MANIFEST_0.1,LTMD-CN3-G2014-VP007,LTMD-CN3-G2014,H2014P3CNA,2014,3,7,154,7,https://historico.conaliteg.gob.mx/c/H2014P3CNA/007.jpg,0,0.045455,Q1,source_jpeg,1,200,image/jpeg,191030,e5e8c164294cd9e56dadca99c3b4e0aaa72f75910a635f833671f20653dbfff3,1,
CN_PENDING_PAGE_MANIFEST_0.1,LTMD-CN3-G2014-VP008,LTMD-CN3-G2014,H2014P3CNA,2014,3,8,154,8,https://historico.conaliteg.gob.mx/c/H2014P3CNA/008.jpg,0,0.051948,Q1,source_jpeg,1,200,image/jpeg,326999,33980787df81088e0b436c816f2894a5f81c6f11115c37f69bcdbe113cb20fe1,1,
CN_PENDING_PAGE_MANIFEST_0.1,LTMD-CN3-G2014-VP009,LTMD-CN3-G2014,H2014P3CNA,2014,3,9,154,9,https://historico.conaliteg.gob.mx/c/H2014P3CNA/009.jpg,0,0.058442,Q1,source_jpeg,1,200,image/jpeg,221296,bc2711785d1c483270c82eea638d8eef39c55e5aaa91e9d494e09eecf408ec87,1,
CN_PENDING_PAGE_MANIFEST_0.1,LTMD-CN3-G2014-VP010,LTMD-CN3-G2014,H2014P3CNA,2014,3,10,154,10,https://historico.conaliteg.gob.mx/c/H2014P3CNA/010.jpg,0,0.064935,Q1,source_jpeg,1,200,image/jpeg,237832,1047a9acbc77d1654f440c6aba7150e6934a0db66c81e5f829c0eefb01c35461,1,
CN_PENDING_PAGE_MANIFEST_0.1,LTMD-CN3-G2014-VP011,LTMD-CN3-G2014,H2014P3CNA,2014,3,11,154,11,https://historico.conaliteg.gob.mx/c/H2014P3CNA/011.jpg,0,0.071429,Q1,source_jpeg,1,200,image/jpeg,288199,c2958d299aae76e7f4f56e5f6128962981033c9f6ed4a0c6b9dd3b2ec433b163,1,
CN_PENDING_PAGE_MANIFEST_0.1,LTMD-CN3-G2014-VP012,LTMD-CN3-G2014,H2014P3CNA,2014,3,12,154,12,https://historico.conaliteg.gob.mx/c/H2014P3CNA/012.jpg,0,0.077922,Q1,source_jpeg,1,200,image/jpeg,326701,8b6b8196811497d6821d11ce441901c4304e85964b56d35ca8697707478d3b51,1,
CN_PENDING_PAGE_MANIFEST_0.1,LTMD-CN3-G2014-VP013,LTMD-CN3-G2014,H2014P3CNA,2014,3,13,154,13,https://historico.conaliteg.gob.mx/c/H2014P3CNA/013.jpg,0,0.084416,Q1,source_jpeg,1,200,image/jpeg,466460,1080af7327a0d2b951ae3a4df891f8e1fc173b1a4d3b69ad1d4621447266a775,1,
CN_PENDING_PAGE_MANIFEST_0.1,LTMD-CN3-G2014-VP014,LTMD-CN3-G2014,H2014P3CNA,2014,3,14,154,14,https://historico.conaliteg.gob.mx/c/H2014P3CNA/014.jpg,0,0.090909,Q1,source_jpeg,1,200,image/jpeg,402069,f48ed7f7982b95560d0412da35ee99f544fc79488ce42412560f5e62bba4f2ec,1,
CN_PENDING_PAGE_MANIFEST_0.1,LTMD-CN3-G2014-VP015,LTMD-CN3-G2014,H2014P3CNA,2014,3,15,154,15,https://historico.conaliteg.gob.mx/c/H2014P3CNA/015.jpg,0,0.097403,Q1,source_jpeg,1,200,image/jpeg,309092,842088a9b8db936a0ef2fcef5eadb7da974fd4ea2b48d17b840e542036c363d2,1,
CN_PENDING_PAGE_MANIFEST_0.1,LTMD-CN3-G2014-VP016,LTMD-CN3-G2014,H2014P3CNA,2014,3,16,154,16,https://historico.conaliteg.gob.mx/c/H2014P3CNA/016.jpg,0,0.103896,Q1,source_jpeg,1,200,image/jpeg,222149,48b0ca6d7f6d1a07756797304cdcdb56e9257b702904a21c0266bdf4d35cc554,1,
CN_PENDING_PAGE_MANIFEST_0.1,LTMD-CN3-G2014-VP017,LTMD-CN3-G2014,H2014P3CNA,2014,3,17,154,17,https://historico.conaliteg.gob.mx/c/H2014P3CNA/017.jpg,0,0.110390,Q1,source_jpeg,1,200,image/jpeg,351668,a10c4f7e9c02012ae415a43337c152f13f605c387239842b2645654f2a667533,1,
CN_PENDING_PAGE_MANIFEST_0.1,LTMD-CN3-G2014-VP018,LTMD-CN3-G2014,H2014P3CNA,2014,3,18,154,18,https://historico.conaliteg.gob.mx/c/H2014P3CNA/018.jpg,0,0.116883,Q1,source_jpeg,1,200,image/jpeg,407490,f4e2f351efb130999759dfd5675f64a299e7819e37639bd03110fcb767229a3a,1,
CN_PENDING_PAGE_MANIFEST_0.1,LTMD-CN3-G2014-VP019,LTMD-CN3-G2014,H2014P3CNA,2014,3,19,154,19,https://historico.conaliteg.gob.mx/c/H2014P3CNA/019.jpg,0,0.123377,Q1,source_jpeg,1,200,image/jpeg,438014,3461232d7f1b721bf12cb1fb37c0409584b6de1015eca4b58050257dfd4549df,1,
CN_PENDING_PAGE_MANIFEST_0.1,LTMD-CN3-G2014-VP020,LTMD-CN3-G2014,H2014P3CNA,2014,3,20,154,20,https://historico.conaliteg.gob.mx/c/H2014P3CNA/020.jpg,0,0.129870,Q1,source_jpeg,1,200,image/jpeg,369201,2615d23ef0aebcfc87b31852ca3706069a1cba977bdb54b58f2af166b3dd1cde,1,
CN_PENDING_PAGE_MANIFEST_0.1,LTMD-CN3-G2014-VP021,LTMD-CN3-G2014,H2014P3CNA,2014,3,21,154,21,https://historico.conaliteg.gob.mx/c/H2014P3CNA/021.jpg,0,0.136364,Q1,source_jpeg,1,200,image/jpeg,343214,8726921bc0a581c7772521d129a0659515ad55fef6fce569b63ef37b99bcd521,1,
CN_PENDING_PAGE_MANIFEST_0.1,LTMD-CN3-G2014-VP022,LTMD-CN3-G2014,H2014P3CNA,2014,3,22,154,22,https://historico.conaliteg.gob.mx/c/H2014P3CNA/022.jpg,0,0.142857,Q1,source_jpeg,1,200,image/jpeg,390870,2dca1f2992d625a67cf41fc07655b54d7652f1f6a899d3ca0735344697f13462,1,
CN_PENDING_PAGE_MANIFEST_0.1,LTMD-CN3-G2014-VP023,LTMD-CN3-G2014,H2014P3CNA,2014,3,23,154,23,https://historico.conaliteg.gob.mx/c/H2014P3CNA/023.jpg,0,0.149351,Q1,source_jpeg,1,200,image/jpeg,311176,3581f66b20548b24ded1f82a1c3ed5be348888a50d663a53186a21c00ad55ddd,1,
CN_PENDING_PAGE_MANIFEST_0.1,LTMD-CN3-G2014-VP024,LTMD-CN3-G2014,H2014P3CNA,2014,3,24,154,24,https://historico.conaliteg.gob.mx/c/H2014P3CNA/024.jpg,0,0.155844,Q1,source_jpeg,1,200,image/jpeg,348634,a849d4f6454320de4311df43f892dcc4008da952c3e23ec6bd1d4dbd96a042cd,1,
CN_PENDING_PAGE_MANIFEST_0.1,LTMD-CN3-G2014-VP025,LTMD-CN3-G2014,H2014P3CNA,2014,3,25,154,25,https://historico.conaliteg.gob.mx/c/H2014P3CNA/025.jpg,0,0.162338,Q1,source_jpeg,1,200,image/jpeg,277576,0518272a9f78d1dbe3ca7c420ab9df52f40341e031ed8c3efe30cdd925755bc9,1,
CN_PENDING_PAGE_MANIFEST_0.1,LTMD-CN3-G2014-VP026,LTMD-CN3-G2014,H2014P3CNA,2014,3,26,154,26,https://historico.conaliteg.gob.mx/c/H2014P3CNA/026.jpg,0,0.168831,Q1,source_jpeg,1,200,image/jpeg,363202,dd65724ff8e30d980de7c0eab7a7e10fff6758d0d378e57b72ad9783ad7401e0,1,
CN_PENDING_PAGE_MANIFEST_0.1,LTMD-CN3-G2014-VP027,LTMD-CN3-G2014,H2014P3CNA,2014,3,27,154,27,https://historico.conaliteg.gob.mx/c/H2014P3CNA/027.jpg,0,0.175325,Q1,source_jpeg,1,200,image/jpeg,530828,171afad2cda7a217ef3eb22bbd771914e8d5623e57a744ce6870eb16d1149888,1,
CN_PENDING_PAGE_MANIFEST_0.1,LTMD-CN3-G2014-VP028,LTMD-CN3-G2014,H2014P3CNA,2014,3,28,154,28,https://historico.conaliteg.gob.mx/c/H2014P3CNA/028.jpg,0,0.181818,Q1,source_jpeg,1,200,image/jpeg,356253,98041a5e39cff45f529ce3c07c2c91381e211ad13f97f9ae7f474837055cc018,1,
CN_PENDING_PAGE_MANIFEST_0.1,LTMD-CN3-G2014-VP029,LTMD-CN3-G2014,H2014P3CNA,2014,3,29,154,29,https://historico.conaliteg.gob.mx/c/H2014P3CNA/029.jpg,0,0.188312,Q1,source_jpeg,1,200,image/jpeg,241069,969826f8313e31a750ade1945d7ec2e7a49e4890c3bcf0106b2759c4fee8f1b2,1,
CN_PENDING_PAGE_MANIFEST_0.1,LTMD-CN3-G2014-VP030,LTMD-CN3-G2014,H2014P3CNA,2014,3,30,154,30,https://historico.conaliteg.gob.mx/c/H2014P3CNA/030.jpg,0,0.194805,Q1,source_jpeg,1,200,image/jpeg,280412,d7a012fae1effe6caaf1b8b97d06739e0b8107dfcdb3c30f042525e474a22b6a,1,
CN_PENDING_PAGE_MANIFEST_0.1,LTMD-CN3-G2014-VP031,LTMD-CN3-G2014,H2014P3CNA,2014,3,31,154,31,https://historico.conaliteg.gob.mx/c/H2014P3CNA/031.jpg,0,0.201299,Q1,source_jpeg,1,200,image/jpeg,276989,5351986d79ffd53e00140a78a319fe4796008ac7b43565833ffd8b98f3fbbc1b,1,
CN_PENDING_PAGE_MANIFEST_0.1,LTMD-CN3-G2014-VP032,LTMD-CN3-G2014,H2014P3CNA,2014,3,32,154,32,https://historico.conaliteg.gob.mx/c/H2014P3CNA/032.jpg,0,0.207792,Q1,source_jpeg,1,200,image/jpeg,328241,d409f3f9b55539f1e58ebc7f4b621a092ad96532f027e2c8b04d2b3872072b06,1,
CN_PENDING_PAGE_MANIFEST_0.1,LTMD-CN3-G2014-VP033,LTMD-CN3-G2014,H2014P3CNA,2014,3,33,154,33,https://historico.conaliteg.gob.mx/c/H2014P3CNA/033.jpg,0,0.214286,Q1,source_jpeg,1,200,image/jpeg,377668,83b9ffa6e3dfff5f90ad1d70dbfa6f34f2ca05498dd231419d27f0cecf1461fd,1,
CN_PENDING_PAGE_MANIFEST_0.1,LTMD-CN3-G2014-VP034,LTMD-CN3-G2014,H2014P3CNA,2014,3,34,154,34,https://historico.conaliteg.gob.mx/c/H2014P3CNA/034.jpg,0,0.220779,Q1,source_jpeg,1,200,image/jpeg,368326,033986ed035502f936029ae56cd197e81862049c6dcfa8ea94865f1a7d338320,1,
CN_PENDING_PAGE_MANIFEST_0.1,LTMD-CN3-G2014-VP035,LTMD-CN3-G2014,H2014P3CNA,2014,3,35,154,35,https://historico.conaliteg.gob.mx/c/H2014P3CNA/035.jpg,0,0.227273,Q1,source_jpeg,1,200,image/jpeg,518141,e21a137f14f788b860d140a8b8c5379c56362eb5b62c5b91b98fe6848744d65b,1,
CN_PENDING_PAGE_MANIFEST_0.1,LTMD-CN3-G2014-VP036,LTMD-CN3-G2014,H2014P3CNA,2014,3,36,154,36,https://historico.conaliteg.gob.mx/c/H2014P3CNA/036.jpg,0,0.233766,Q1,source_jpeg,1,200,image/jpeg,349602,85a2701edbc33ed10a46adfb4c81080340604905ab4dc06f460cf640261be385,1,
CN_PENDING_PAGE_MANIFEST_0.1,LTMD-CN3-G2014-VP037,LTMD-CN3-G2014,H2014P3CNA,2014,3,37,154,37,https://historico.conaliteg.gob.mx/c/H2014P3CNA/037.jpg,0,0.240260,Q1,source_jpeg,1,200,image/jpeg,347283,01f0065442676ef6948dd72a8a478d51c120415dfde9836a4c1c71aa62c77aa2,1,
CN_PENDING_PAGE_MANIFEST_0.1,LTMD-CN3-G2014-VP038,LTMD-CN3-G2014,H2014P3CNA,2014,3,38,154,38,https://historico.conaliteg.gob.mx/c/H2014P3CNA/038.jpg,0,0.246753,Q1,source_jpeg,1,200,image/jpeg,469426,af17b96a15ac54b550b4029ed8a24276803076fee4cd25c0b101d9006306aa56,1,
CN_PENDING_PAGE_MANIFEST_0.1,LTMD-CN3-G2014-VP039,LTMD-CN3-G2014,H2014P3CNA,2014,3,39,154,39,https://historico.conaliteg.gob.mx/c/H2014P3CNA/039.jpg,0,0.253247,Q2,source_jpeg,1,200,image/jpeg,413338,e14f0d78741983070e1f8fcd9f5c37318920d195522fcaccd68ca6287e3c7425,1,
CN_PENDING_PAGE_MANIFEST_0.1,LTMD-CN3-G2014-VP040,LTMD-CN3-G2014,H2014P3CNA,2014,3,40,154,40,https://historico.conaliteg.gob.mx/c/H2014P3CNA/040.jpg,0,0.259740,Q2,source_jpeg,1,200,image/jpeg,300706,9befd57da1d61d022f64bfb5f5e426e598ac45d21759b35aa83cd42db7652d51,1,
CN_PENDING_PAGE_MANIFEST_0.1,LTMD-CN3-G2014-VP041,LTMD-CN3-G2014,H2014P3CNA,2014,3,41,154,41,https://historico.conaliteg.gob.mx/c/H2014P3CNA/041.jpg,0,0.266234,Q2,source_jpeg,1,200,image/jpeg,234641,7dbd34c00dd1ac928592de3e878e40c3f373abdd81ea6f379b408734f18a8506,1,
CN_PENDING_PAGE_MANIFEST_0.1,LTMD-CN3-G2014-VP042,LTMD-CN3-G2014,H2014P3CNA,2014,3,42,154,42,https://historico.conaliteg.gob.mx/c/H2014P3CNA/042.jpg,0,0.272727,Q2,source_jpeg,1,200,image/jpeg,887135,9c1a3aed8df9687f8a9a13db7686514e1df1bcd2d52a8cbb246b4d1f2a8942de,1,
CN_PENDING_PAGE_MANIFEST_0.1,LTMD-CN3-G2014-VP043,LTMD-CN3-G2014,H2014P3CNA,2014,3,43,154,43,https://historico.conaliteg.gob.mx/c/H2014P3CNA/043.jpg,0,0.279221,Q2,source_jpeg,1,200,image/jpeg,125520,7354efd53c21cf838e8c824f6251fb7eca2a768c50ba83299c4aa2a173badbcf,1,
CN_PENDING_PAGE_MANIFEST_0.1,LTMD-CN3-G2014-VP044,LTMD-CN3-G2014,H2014P3CNA,2014,3,44,154,44,https://historico.conaliteg.gob.mx/c/H2014P3CNA/044.jpg,0,0.285714,Q2,source_jpeg,1,200,image/jpeg,613728,955265edb36863d33ec1140302dd016c60285941ac3cf3f6a2144dd061bcb94d,1,
CN_PENDING_PAGE_MANIFEST_0.1,LTMD-CN3-G2014-VP045,LTMD-CN3-G2014,H2014P3CNA,2014,3,45,154,45,https://historico.conaliteg.gob.mx/c/H2014P3CNA/045.jpg,0,0.292208,Q2,source_jpeg,1,200,image/jpeg,329497,5f257753035adf9db576ed4a15fe3a3565098fd16ca3d8b9c9d7132cee6e605e,1,
CN_PENDING_PAGE_MANIFEST_0.1,LTMD-CN3-G2014-VP046,LTMD-CN3-G2014,H2014P3CNA,2014,3,46,154,46,https://historico.conaliteg.gob.mx/c/H2014P3CNA/046.jpg,0,0.298701,Q2,source_jpeg,1,200,image/jpeg,433524,3b39ec26538df636611a824f70a1ac22acf23da8de0dbe2569d7f5653ab31517,1,
CN_PENDING_PAGE_MANIFEST_0.1,LTMD-CN3-G2014-VP047,LTMD-CN3-G2014,H2014P3CNA,2014,3,47,154,47,https://historico.conaliteg.gob.mx/c/H2014P3CNA/047.jpg,0,0.305195,Q2,source_jpeg,1,200,image/jpeg,465449,0792676d5c7ecf45bf8c26e420aa9a5ede9997718c7fc1a9f56d63c5471f9af3,1,
CN_PENDING_PAGE_MANIFEST_0.1,LTMD-CN3-G2014-VP048,LTMD-CN3-G2014,H2014P3CNA,2014,3,48,154,48,https://historico.conaliteg.gob.mx/c/H2014P3CNA/048.jpg,0,0.311688,Q2,source_jpeg,1,200,image/jpeg,499533,3b3a3f767b77abfea7103131d9f5a63ebecfed135afd61703cb95d98d23ec015,1,
CN_PENDING_PAGE_MANIFEST_0.1,LTMD-CN3-G2014-VP049,LTMD-CN3-G2014,H2014P3CNA,2014,3,49,154,49,https://historico.conaliteg.gob.mx/c/H2014P3CNA/049.jpg,0,0.318182,Q2,source_jpeg,1,200,image/jpeg,509108,4b6552d1c6423575bd061d5cddbd4b66a1acfc3f807a66aeaf6bc4cdfabf2d92,1,
CN_PENDING_PAGE_MANIFEST_0.1,LTMD-CN3-G2014-VP050,LTMD-CN3-G2014,H2014P3CNA,2014,3,50,154,50,https://historico.conaliteg.gob.mx/c/H2014P3CNA/050.jpg,0,0.324675,Q2,source_jpeg,1,200,image/jpeg,433542,3de64f109d39082614270e3f26965840de4a431af4c8e426115f4b33c6d55fd5,1,
CN_PENDING_PAGE_MANIFEST_0.1,LTMD-CN3-G2014-VP051,LTMD-CN3-G2014,H2014P3CNA,2014,3,51,154,51,https://historico.conaliteg.gob.mx/c/H2014P3CNA/051.jpg,0,0.331169,Q2,source_jpeg,1,200,image/jpeg,369920,a0f77c5a7cdb7b015cb06453040cb31de70e431f410553a96a383e8dbac1a748,1,
CN_PENDING_PAGE_MANIFEST_0.1,LTMD-CN3-G2014-VP052,LTMD-CN3-G2014,H2014P3CNA,2014,3,52,154,52,https://historico.conaliteg.gob.mx/c/H2014P3CNA/052.jpg,0,0.337662,Q2,source_jpeg,1,200,image/jpeg,278973,452def41221552798600edc77543d39b0ecabe0b0bb9e876bcebe6961e8ef197,1,
CN_PENDING_PAGE_MANIFEST_0.1,LTMD-CN3-G2014-VP053,LTMD-CN3-G2014,H2014P3CNA,2014,3,53,154,53,https://historico.conaliteg.gob.mx/c/H2014P3CNA/053.jpg,0,0.344156,Q2,source_jpeg,1,200,image/jpeg,323847,7e94a2e02c12688edacb97e44a22913a603a57f5c4ffbc95678555ffa1ef73ad,1,
CN_PENDING_PAGE_MANIFEST_0.1,LTMD-CN3-G2014-VP054,LTMD-CN3-G2014,H2014P3CNA,2014,3,54,154,54,https://historico.conaliteg.gob.mx/c/H2014P3CNA/054.jpg,0,0.350649,Q2,source_jpeg,1,200,image/jpeg,410633,f4479ff7f01023f6550977154886f799421ffdeace5a9bf4afc02a35d9b93810,1,
CN_PENDING_PAGE_MANIFEST_0.1,LTMD-CN3-G2014-VP055,LTMD-CN3-G2014,H2014P3CNA,2014,3,55,154,55,https://historico.conaliteg.gob.mx/c/H2014P3CNA/055.jpg,0,0.357143,Q2,source_jpeg,1,200,image/jpeg,323287,4ae77c5f2e943e37cb4e94b27c8b3758c1fa307cf58b44a449ad095acc5b40c5,1,
CN_PENDING_PAGE_MANIFEST_0.1,LTMD-CN3-G2014-VP056,LTMD-CN3-G2014,H2014P3CNA,2014,3,56,154,56,https://historico.conaliteg.gob.mx/c/H2014P3CNA/056.jpg,0,0.363636,Q2,source_jpeg,1,200,image/jpeg,360839,8c5ef1abd28d59e7352f20b153020f60ea516d47fc62022d480b786796963bdf,1,
CN_PENDING_PAGE_MANIFEST_0.1,LTMD-CN3-G2014-VP057,LTMD-CN3-G2014,H2014P3CNA,2014,3,57,154,57,https://historico.conaliteg.gob.mx/c/H2014P3CNA/057.jpg,0,0.370130,Q2,source_jpeg,1,200,image/jpeg,547153,7e80af5f8eb6cd32a67ea48cbc53fb178e374e5481445eef3c8b6dda04a72552,1,
CN_PENDING_PAGE_MANIFEST_0.1,LTMD-CN3-G2014-VP058,LTMD-CN3-G2014,H2014P3CNA,2014,3,58,154,58,https://historico.conaliteg.gob.mx/c/H2014P3CNA/058.jpg,0,0.376623,Q2,source_jpeg,1,200,image/jpeg,621447,e44b200e362cc5f6ea7dd0092d37848214d7999a1b3384629330b6817baee26f,1,
CN_PENDING_PAGE_MANIFEST_0.1,LTMD-CN3-G2014-VP059,LTMD-CN3-G2014,H2014P3CNA,2014,3,59,154,59,https://historico.conaliteg.gob.mx/c/H2014P3CNA/059.jpg,0,0.383117,Q2,source_jpeg,1,200,image/jpeg,667793,955f039062e0c86f48858b139b3719763fd32443d33451d0696ff033d1da7555,1,
CN_PENDING_PAGE_MANIFEST_0.1,LTMD-CN3-G2014-VP060,LTMD-CN3-G2014,H2014P3CNA,2014,3,60,154,60,https://historico.conaliteg.gob.mx/c/H2014P3CNA/060.jpg,0,0.389610,Q2,source_jpeg,1,200,image/jpeg,394123,fedfc743eafe12d40f7871f94d5ea74c8c8a19462be48c1b9518e4cd17502ae1,1,
CN_PENDING_PAGE_MANIFEST_0.1,LTMD-CN3-G2014-VP061,LTMD-CN3-G2014,H2014P3CNA,2014,3,61,154,61,https://historico.conaliteg.gob.mx/c/H2014P3CNA/061.jpg,0,0.396104,Q2,source_jpeg,1,200,image/jpeg,381007,36282b14338879c2cf58ce5d3a7d3b44c01656b11738b2614d834ad1cf1208e5,1,
CN_PENDING_PAGE_MANIFEST_0.1,LTMD-CN3-G2014-VP062,LTMD-CN3-G2014,H2014P3CNA,2014,3,62,154,62,https://historico.conaliteg.gob.mx/c/H2014P3CNA/062.jpg,0,0.402597,Q2,source_jpeg,1,200,image/jpeg,473331,aa9b24a86dc13821c7ea304a1dfcea243d3ba19a20161a34e66e754b8eb892b6,1,
CN_PENDING_PAGE_MANIFEST_0.1,LTMD-CN3-G2014-VP063,LTMD-CN3-G2014,H2014P3CNA,2014,3,63,154,63,https://historico.conaliteg.gob.mx/c/H2014P3CNA/063.jpg,0,0.409091,Q2,source_jpeg,1,200,image/jpeg,405943,4bb2b495cf9b2a287fcb361e1c7121539d23ff0233c9ea7df85342351ff4fdc1,1,
CN_PENDING_PAGE_MANIFEST_0.1,LTMD-CN3-G2014-VP064,LTMD-CN3-G2014,H2014P3CNA,2014,3,64,154,64,https://historico.conaliteg.gob.mx/c/H2014P3CNA/064.jpg,0,0.415584,Q2,source_jpeg,1,200,image/jpeg,346842,9eb0d8c363e9f82de5f41364f5c49c34d3e56326f63f36390f86a1cdd04757a1,1,
CN_PENDING_PAGE_MANIFEST_0.1,LTMD-CN3-G2014-VP065,LTMD-CN3-G2014,H2014P3CNA,2014,3,65,154,65,https://historico.conaliteg.gob.mx/c/H2014P3CNA/065.jpg,0,0.422078,Q2,source_jpeg,1,200,image/jpeg,414989,2b3f12f9308ab2d0a6607a8a6fbeee7ec9d9fa4fa64760380d36d4584b9da915,1,
CN_PENDING_PAGE_MANIFEST_0.1,LTMD-CN3-G2014-VP066,LTMD-CN3-G2014,H2014P3CNA,2014,3,66,154,66,https://historico.conaliteg.gob.mx/c/H2014P3CNA/066.jpg,0,0.428571,Q2,source_jpeg,1,200,image/jpeg,474442,15d3bf9c74cb1fbb152914ab9893da7628f9d3b9daf7e38f0308907e982ab095,1,
CN_PENDING_PAGE_MANIFEST_0.1,LTMD-CN3-G2014-VP067,LTMD-CN3-G2014,H2014P3CNA,2014,3,67,154,67,https://historico.conaliteg.gob.mx/c/H2014P3CNA/067.jpg,0,0.435065,Q2,source_jpeg,1,200,image/jpeg,402109,ed0f8f76f335c1b8290f40b6c026a9cbd95278577b7343e03dd10bb7aa456f21,1,
CN_PENDING_PAGE_MANIFEST_0.1,LTMD-CN3-G2014-VP068,LTMD-CN3-G2014,H2014P3CNA,2014,3,68,154,68,https://historico.conaliteg.gob.mx/c/H2014P3CNA/068.jpg,0,0.441558,Q2,source_jpeg,1,200,image/jpeg,370528,5494a7f9fad2b1c788a30f65046250aa634202d7da64aea42f2f4d92b8ca1fce,1,
CN_PENDING_PAGE_MANIFEST_0.1,LTMD-CN3-G2014-VP069,LTMD-CN3-G2014,H2014P3CNA,2014,3,69,154,69,https://historico.conaliteg.gob.mx/c/H2014P3CNA/069.jpg,0,0.448052,Q2,source_jpeg,1,200,image/jpeg,370608,8ea4caa29a7b44e20f83416341e53ee664db7d246ea02531f9add08d7ad16ceb,1,
CN_PENDING_PAGE_MANIFEST_0.1,LTMD-CN3-G2014-VP070,LTMD-CN3-G2014,H2014P3CNA,2014,3,70,154,70,https://historico.conaliteg.gob.mx/c/H2014P3CNA/070.jpg,0,0.454545,Q2,source_jpeg,1,200,image/jpeg,241556,0a3ae162c59a0d85f07c112d9249474a5501757ee0b4a4167e24bfa44c7f11e2,1,
CN_PENDING_PAGE_MANIFEST_0.1,LTMD-CN3-G2014-VP071,LTMD-CN3-G2014,H2014P3CNA,2014,3,71,154,71,https://historico.conaliteg.gob.mx/c/H2014P3CNA/071.jpg,0,0.461039,Q2,source_jpeg,1,200,image/jpeg,187042,2e7afcf1fc03a1abecf9251e149f43388b4d47a50ba7c7d9204507a6ee2f78f2,1,
CN_PENDING_PAGE_MANIFEST_0.1,LTMD-CN3-G2014-VP072,LTMD-CN3-G2014,H2014P3CNA,2014,3,72,154,72,https://historico.conaliteg.gob.mx/c/H2014P3CNA/072.jpg,0,0.467532,Q2,source_jpeg,1,200,image/jpeg,478660,8e331910a21d98e844ba98389576a95a3da437e5a50107b0a685283f22eeb7bb,1,
CN_PENDING_PAGE_MANIFEST_0.1,LTMD-CN3-G2014-VP073,LTMD-CN3-G2014,H2014P3CNA,2014,3,73,154,73,https://historico.conaliteg.gob.mx/c/H2014P3CNA/073.jpg,0,0.474026,Q2,source_jpeg,1,200,image/jpeg,138283,fa76e5c88deb2beed58fcfd1c80fc6a9a0b126ec3adaebeb342b00e26c08d14e,1,
CN_PENDING_PAGE_MANIFEST_0.1,LTMD-CN3-G2014-VP074,LTMD-CN3-G2014,H2014P3CNA,2014,3,74,154,74,https://historico.conaliteg.gob.mx/c/H2014P3CNA/074.jpg,0,0.480519,Q2,source_jpeg,1,200,image/jpeg,210236,b82241b14f41e11d48d5dff074130bdb5a3756131f671f2a27c45af53282c5f7,1,
CN_PENDING_PAGE_MANIFEST_0.1,LTMD-CN3-G2014-VP075,LTMD-CN3-G2014,H2014P3CNA,2014,3,75,154,75,https://historico.conaliteg.gob.mx/c/H2014P3CNA/075.jpg,0,0.487013,Q2,source_jpeg,1,200,image/jpeg,257851,636cef429310c2290528f53707daff846e9c2adc3cc665e7b0ae296d0c8ff409,1,
CN_PENDING_PAGE_MANIFEST_0.1,LTMD-CN3-G2014-VP076,LTMD-CN3-G2014,H2014P3CNA,2014,3,76,154,76,https://historico.conaliteg.gob.mx/c/H2014P3CNA/076.jpg,0,0.493506,Q2,source_jpeg,1,200,image/jpeg,266024,d83e2d4668255418bd5603d1d7d9425c594fafd2a6d5370b594133be5b0591dd,1,
CN_PENDING_PAGE_MANIFEST_0.1,LTMD-CN3-G2014-VP077,LTMD-CN3-G2014,H2014P3CNA,2014,3,77,154,77,https://historico.conaliteg.gob.mx/c/H2014P3CNA/077.jpg,0,0.500000,Q2,source_jpeg,1,200,image/jpeg,403255,a6e9597fd88d5ebdd3170e753b300fd253fdfb61513d921fb005478fd4511901,1,
CN_PENDING_PAGE_MANIFEST_0.1,LTMD-CN3-G2014-VP078,LTMD-CN3-G2014,H2014P3CNA,2014,3,78,154,78,https://historico.conaliteg.gob.mx/c/H2014P3CNA/078.jpg,0,0.506494,Q3,source_jpeg,1,200,image/jpeg,472096,daf1c75e6120a49cd0af4f961986b188df7776980da1f7413871862b523a6cad,1,
CN_PENDING_PAGE_MANIFEST_0.1,LTMD-CN3-G2014-VP079,LTMD-CN3-G2014,H2014P3CNA,2014,3,79,154,79,https://historico.conaliteg.gob.mx/c/H2014P3CNA/079.jpg,0,0.512987,Q3,source_jpeg,1,200,image/jpeg,328750,f1b73ac0fc9271fa35398b29e745bd3989f134b01a8cee82274158bc232d570b,1,
CN_PENDING_PAGE_MANIFEST_0.1,LTMD-CN3-G2014-VP080,LTMD-CN3-G2014,H2014P3CNA,2014,3,80,154,80,https://historico.conaliteg.gob.mx/c/H2014P3CNA/080.jpg,0,0.519481,Q3,source_jpeg,1,200,image/jpeg,366144,bc8128e9ba225154202484fc8cb273d3ff96103fb2de95eb519e4e6a2a8d69fb,1,
CN_PENDING_PAGE_MANIFEST_0.1,LTMD-CN3-G2014-VP081,LTMD-CN3-G2014,H2014P3CNA,2014,3,81,154,81,https://historico.conaliteg.gob.mx/c/H2014P3CNA/081.jpg,0,0.525974,Q3,source_jpeg,1,200,image/jpeg,379877,47961e7bed505e046949e871281ef1d5e117faa1e0a7f314f6bab301b079a87b,1,
CN_PENDING_PAGE_MANIFEST_0.1,LTMD-CN3-G2014-VP082,LTMD-CN3-G2014,H2014P3CNA,2014,3,82,154,82,https://historico.conaliteg.gob.mx/c/H2014P3CNA/082.jpg,0,0.532468,Q3,source_jpeg,1,200,image/jpeg,394848,3f0bc8ece768ec8a7f693cf6197000ca141218c53a397335fc83eafc0360687f,1,
CN_PENDING_PAGE_MANIFEST_0.1,LTMD-CN3-G2014-VP083,LTMD-CN3-G2014,H2014P3CNA,2014,3,83,154,83,https://historico.conaliteg.gob.mx/c/H2014P3CNA/083.jpg,0,0.538961,Q3,source_jpeg,1,200,image/jpeg,359957,3ac7334ec55a52b51c6fc5ad36d7a91650e1928ae3e803f23b26c2d91eb9bc5f,1,
CN_PENDING_PAGE_MANIFEST_0.1,LTMD-CN3-G2014-VP084,LTMD-CN3-G2014,H2014P3CNA,2014,3,84,154,84,https://historico.conaliteg.gob.mx/c/H2014P3CNA/084.jpg,0,0.545455,Q3,source_jpeg,1,200,image/jpeg,334687,99d14533a6e2974ebbd60e439bc8b9736a2a86f533afd45e779ecf23e5ae4e97,1,
CN_PENDING_PAGE_MANIFEST_0.1,LTMD-CN3-G2014-VP085,LTMD-CN3-G2014,H2014P3CNA,2014,3,85,154,85,https://historico.conaliteg.gob.mx/c/H2014P3CNA/085.jpg,0,0.551948,Q3,source_jpeg,1,200,image/jpeg,307186,7849d78518039ee8ea3d9fb8140ff568d5d85667cbe4658a8d81af61ba21aa30,1,
CN_PENDING_PAGE_MANIFEST_0.1,LTMD-CN3-G2014-VP086,LTMD-CN3-G2014,H2014P3CNA,2014,3,86,154,86,https://historico.conaliteg.gob.mx/c/H2014P3CNA/086.jpg,0,0.558442,Q3,source_jpeg,1,200,image/jpeg,281682,8991070b32f8034dbeb02b565df2c97a621339be5609b0ab50557ce85b7373c0,1,
CN_PENDING_PAGE_MANIFEST_0.1,LTMD-CN3-G2014-VP087,LTMD-CN3-G2014,H2014P3CNA,2014,3,87,154,87,https://historico.conaliteg.gob.mx/c/H2014P3CNA/087.jpg,0,0.564935,Q3,source_jpeg,1,200,image/jpeg,367439,13c8328f6a81741ef9bd591592a70d41f2bda4e74504db069a1e7fdf99b08235,1,
CN_PENDING_PAGE_MANIFEST_0.1,LTMD-CN3-G2014-VP088,LTMD-CN3-G2014,H2014P3CNA,2014,3,88,154,88,https://historico.conaliteg.gob.mx/c/H2014P3CNA/088.jpg,0,0.571429,Q3,source_jpeg,1,200,image/jpeg,306924,a7426af88e04d34c96140cf13274a9ac6e0242d2ad4116f9383dda66f798e685,1,
CN_PENDING_PAGE_MANIFEST_0.1,LTMD-CN3-G2014-VP089,LTMD-CN3-G2014,H2014P3CNA,2014,3,89,154,89,https://historico.conaliteg.gob.mx/c/H2014P3CNA/089.jpg,0,0.577922,Q3,source_jpeg,1,200,image/jpeg,306622,807277dd5ce3af95feec30cba59e1d6e6b0ef7c980c720de752fd0f3ea1f0296,1,
CN_PENDING_PAGE_MANIFEST_0.1,LTMD-CN3-G2014-VP090,LTMD-CN3-G2014,H2014P3CNA,2014,3,90,154,90,https://historico.conaliteg.gob.mx/c/H2014P3CNA/090.jpg,0,0.584416,Q3,source_jpeg,1,200,image/jpeg,422039,8a7a40f35decba7f2d17c0239f58619f7669205d675bef7657b192a9036f2c35,1,
CN_PENDING_PAGE_MANIFEST_0.1,LTMD-CN3-G2014-VP091,LTMD-CN3-G2014,H2014P3CNA,2014,3,91,154,91,https://historico.conaliteg.gob.mx/c/H2014P3CNA/091.jpg,0,0.590909,Q3,source_jpeg,1,200,image/jpeg,363802,c5dfb6e8c555b22ee738dd0453e4a1e1298cca59ad01d2f80a705347f7898e46,1,
CN_PENDING_PAGE_MANIFEST_0.1,LTMD-CN3-G2014-VP092,LTMD-CN3-G2014,H2014P3CNA,2014,3,92,154,92,https://historico.conaliteg.gob.mx/c/H2014P3CNA/092.jpg,0,0.597403,Q3,source_jpeg,1,200,image/jpeg,555401,61926385cadd2fd06e4c0b4bd71d0685afb26969dfe6eb7a2b193fe2a98926e9,1,
CN_PENDING_PAGE_MANIFEST_0.1,LTMD-CN3-G2014-VP093,LTMD-CN3-G2014,H2014P3CNA,2014,3,93,154,93,https://historico.conaliteg.gob.mx/c/H2014P3CNA/093.jpg,0,0.603896,Q3,source_jpeg,1,200,image/jpeg,425106,57089bb85247c6e379e7e186795ea8d7a5f681608882f806ca8af954199d5cf3,1,
CN_PENDING_PAGE_MANIFEST_0.1,LTMD-CN3-G2014-VP094,LTMD-CN3-G2014,H2014P3CNA,2014,3,94,154,94,https://historico.conaliteg.gob.mx/c/H2014P3CNA/094.jpg,0,0.610390,Q3,source_jpeg,1,200,image/jpeg,367864,90b2c982c27e00d1c679cdc9a690238c0c373052739c25aa066c742b6ee2d055,1,
CN_PENDING_PAGE_MANIFEST_0.1,LTMD-CN3-G2014-VP095,LTMD-CN3-G2014,H2014P3CNA,2014,3,95,154,95,https://historico.conaliteg.gob.mx/c/H2014P3CNA/095.jpg,0,0.616883,Q3,source_jpeg,1,200,image/jpeg,388565,d9904a8eede1eec5fc28f4c46097d6cb3665ceba02ac1e54a9154e1ef5d8ac92,1,
CN_PENDING_PAGE_MANIFEST_0.1,LTMD-CN3-G2014-VP096,LTMD-CN3-G2014,H2014P3CNA,2014,3,96,154,96,https://historico.conaliteg.gob.mx/c/H2014P3CNA/096.jpg,0,0.623377,Q3,source_jpeg,1,200,image/jpeg,447967,97946f3a1220daf38a95f5df748538b20f8cb4865032ffcec26a8479b317dbe1,1,
CN_PENDING_PAGE_MANIFEST_0.1,LTMD-CN3-G2014-VP097,LTMD-CN3-G2014,H2014P3CNA,2014,3,97,154,97,https://historico.conaliteg.gob.mx/c/H2014P3CNA/097.jpg,0,0.629870,Q3,source_jpeg,1,200,image/jpeg,382365,d9c33295a5a9530f2df6bf09be99000b5459b367750e8aff0e518282385ba6b2,1,
CN_PENDING_PAGE_MANIFEST_0.1,LTMD-CN3-G2014-VP098,LTMD-CN3-G2014,H2014P3CNA,2014,3,98,154,98,https://historico.conaliteg.gob.mx/c/H2014P3CNA/098.jpg,0,0.636364,Q3,source_jpeg,1,200,image/jpeg,418556,960f6c7cdba49556c0a798c69dc6b4cff3dff51b32a11315f89366568d74ce1f,1,
CN_PENDING_PAGE_MANIFEST_0.1,LTMD-CN3-G2014-VP099,LTMD-CN3-G2014,H2014P3CNA,2014,3,99,154,99,https://historico.conaliteg.gob.mx/c/H2014P3CNA/099.jpg,0,0.642857,Q3,source_jpeg,1,200,image/jpeg,491149,df8e5915c18c520fcd74427a7a669e5d871d47e637225938bf5d98346cd8f1f8,1,
CN_PENDING_PAGE_MANIFEST_0.1,LTMD-CN3-G2014-VP100,LTMD-CN3-G2014,H2014P3CNA,2014,3,100,154,100,https://historico.conaliteg.gob.mx/c/H2014P3CNA/100.jpg,0,0.649351,Q3,source_jpeg,1,200,image/jpeg,291066,a88fe398d0d64ac485d8376ac89e830f84f63ffa732ee8dfb985e747a6f3cf6f,1,
CN_PENDING_PAGE_MANIFEST_0.1,LTMD-CN3-G2014-VP101,LTMD-CN3-G2014,H2014P3CNA,2014,3,101,154,101,https://historico.conaliteg.gob.mx/c/H2014P3CNA/101.jpg,0,0.655844,Q3,source_jpeg,1,200,image/jpeg,240681,3dd904e49a34bbee0e75dee970e59db8eac3ac416d42f05de93104e7e6e9cb40,1,
CN_PENDING_PAGE_MANIFEST_0.1,LTMD-CN3-G2014-VP102,LTMD-CN3-G2014,H2014P3CNA,2014,3,102,154,102,https://historico.conaliteg.gob.mx/c/H2014P3CNA/102.jpg,0,0.662338,Q3,source_jpeg,1,200,image/jpeg,1962202,cbbf4aa7ac8279b9d8abdccf5c67d25e7a03de0bcc3398be29409aa76967ff3f,1,
CN_PENDING_PAGE_MANIFEST_0.1,LTMD-CN3-G2014-VP103,LTMD-CN3-G2014,H2014P3CNA,2014,3,103,154,103,https://historico.conaliteg.gob.mx/c/H2014P3CNA/103.jpg,0,0.668831,Q3,source_jpeg,1,200,image/jpeg,132994,05bf62cdab22535687c2b48c4f550843b5fcc95c624a037983ee3d9aa86c0bb8,1,
CN_PENDING_PAGE_MANIFEST_0.1,LTMD-CN3-G2014-VP104,LTMD-CN3-G2014,H2014P3CNA,2014,3,104,154,104,https://historico.conaliteg.gob.mx/c/H2014P3CNA/104.jpg,0,0.675325,Q3,source_jpeg,1,200,image/jpeg,1025226,a82ee0464db756b2694216ec9bbbcacfa7c80b6ca94781fb977ff9d12e4e84c7,1,
CN_PENDING_PAGE_MANIFEST_0.1,LTMD-CN3-G2014-VP105,LTMD-CN3-G2014,H2014P3CNA,2014,3,105,154,105,https://historico.conaliteg.gob.mx/c/H2014P3CNA/105.jpg,0,0.681818,Q3,source_jpeg,1,200,image/jpeg,474048,8b7288936bc5b8b876c4e4e5b62a8d721d6ce05df9786ecd674fa163db3e6edf,1,
CN_PENDING_PAGE_MANIFEST_0.1,LTMD-CN3-G2014-VP106,LTMD-CN3-G2014,H2014P3CNA,2014,3,106,154,106,https://historico.conaliteg.gob.mx/c/H2014P3CNA/106.jpg,0,0.688312,Q3,source_jpeg,1,200,image/jpeg,403988,b1e1f036fbc707c83eddffe710aa286c484cec03de7eb45531ca901d4f2d8f9f,1,
CN_PENDING_PAGE_MANIFEST_0.1,LTMD-CN3-G2014-VP107,LTMD-CN3-G2014,H2014P3CNA,2014,3,107,154,107,https://historico.conaliteg.gob.mx/c/H2014P3CNA/107.jpg,0,0.694805,Q3,source_jpeg,1,200,image/jpeg,414352,94de5912af258fae62371b50a882dd71d2892faa30167fbfbc6d36232e27745b,1,
CN_PENDING_PAGE_MANIFEST_0.1,LTMD-CN3-G2014-VP108,LTMD-CN3-G2014,H2014P3CNA,2014,3,108,154,108,https://historico.conaliteg.gob.mx/c/H2014P3CNA/108.jpg,0,0.701299,Q3,source_jpeg,1,200,image/jpeg,387375,fd761935c45e0e0800b2618bd3282557fb23748e9b8019ccc1c66155190ebc19,1,
CN_PENDING_PAGE_MANIFEST_0.1,LTMD-CN3-G2014-VP109,LTMD-CN3-G2014,H2014P3CNA,2014,3,109,154,109,https://historico.conaliteg.gob.mx/c/H2014P3CNA/109.jpg,0,0.707792,Q3,source_jpeg,1,200,image/jpeg,405269,0ea35d41faace6390cd5da35f6cce39cfd7fca4558e54bb122b82d39b0b9b188,1,
CN_PENDING_PAGE_MANIFEST_0.1,LTMD-CN3-G2014-VP110,LTMD-CN3-G2014,H2014P3CNA,2014,3,110,154,110,https://historico.conaliteg.gob.mx/c/H2014P3CNA/110.jpg,0,0.714286,Q3,source_jpeg,1,200,image/jpeg,399123,99e037754edef8881da6a26d26379a983829f3690b40be5d7f7f1d8d13f441bb,1,
CN_PENDING_PAGE_MANIFEST_0.1,LTMD-CN3-G2014-VP111,LTMD-CN3-G2014,H2014P3CNA,2014,3,111,154,111,https://historico.conaliteg.gob.mx/c/H2014P3CNA/111.jpg,0,0.720779,Q3,source_jpeg,1,200,image/jpeg,314273,4c0b512c601751b5cba507106e8a0fcf54bb2b641303968cf52a837cb0e57945,1,
CN_PENDING_PAGE_MANIFEST_0.1,LTMD-CN3-G2014-VP112,LTMD-CN3-G2014,H2014P3CNA,2014,3,112,154,112,https://historico.conaliteg.gob.mx/c/H2014P3CNA/112.jpg,0,0.727273,Q3,source_jpeg,1,200,image/jpeg,481184,a27e3888c6edcaf7850e3820b6aaca41a5f828fc0e8b904ea53633c74d6620d5,1,
CN_PENDING_PAGE_MANIFEST_0.1,LTMD-CN3-G2014-VP113,LTMD-CN3-G2014,H2014P3CNA,2014,3,113,154,113,https://historico.conaliteg.gob.mx/c/H2014P3CNA/113.jpg,0,0.733766,Q3,source_jpeg,1,200,image/jpeg,445754,9c5618dc28339dc31c14cf8612a058e8e39ca2a3cccfa1920bbb3b9a11308968,1,
CN_PENDING_PAGE_MANIFEST_0.1,LTMD-CN3-G2014-VP114,LTMD-CN3-G2014,H2014P3CNA,2014,3,114,154,114,https://historico.conaliteg.gob.mx/c/H2014P3CNA/114.jpg,0,0.740260,Q3,source_jpeg,1,200,image/jpeg,445063,394045c4497cd38e3832438198d2bdc41f0bb203df122857b322285154d56e2a,1,
CN_PENDING_PAGE_MANIFEST_0.1,LTMD-CN3-G2014-VP115,LTMD-CN3-G2014,H2014P3CNA,2014,3,115,154,115,https://historico.conaliteg.gob.mx/c/H2014P3CNA/115.jpg,0,0.746753,Q3,source_jpeg,1,200,image/jpeg,439625,5b545b38f191df1197520971834d3c66d8f62fe6c8e13c8923cc907166c846cf,1,
CN_PENDING_PAGE_MANIFEST_0.1,LTMD-CN3-G2014-VP116,LTMD-CN3-G2014,H2014P3CNA,2014,3,116,154,116,https://historico.conaliteg.gob.mx/c/H2014P3CNA/116.jpg,0,0.753247,Q4,source_jpeg,1,200,image/jpeg,480151,d4d20f4cdbcc9f0676a514a21150daf208a4617cb68a9c5775ceb8a2d79e59e5,1,
CN_PENDING_PAGE_MANIFEST_0.1,LTMD-CN3-G2014-VP117,LTMD-CN3-G2014,H2014P3CNA,2014,3,117,154,117,https://historico.conaliteg.gob.mx/c/H2014P3CNA/117.jpg,0,0.759740,Q4,source_jpeg,1,200,image/jpeg,457026,13e07c9fb94271f01347f97fc78f1f0b8072387a247d651c3970bd86870861c5,1,
CN_PENDING_PAGE_MANIFEST_0.1,LTMD-CN3-G2014-VP118,LTMD-CN3-G2014,H2014P3CNA,2014,3,118,154,118,https://historico.conaliteg.gob.mx/c/H2014P3CNA/118.jpg,0,0.766234,Q4,source_jpeg,1,200,image/jpeg,706364,60a5b2122e6f35184b691054df3432ad1423a98d3c865e8c2e96e89dc0c2cbde,1,
CN_PENDING_PAGE_MANIFEST_0.1,LTMD-CN3-G2014-VP119,LTMD-CN3-G2014,H2014P3CNA,2014,3,119,154,119,https://historico.conaliteg.gob.mx/c/H2014P3CNA/119.jpg,0,0.772727,Q4,source_jpeg,1,200,image/jpeg,423321,80b1c02635d4568a892ee69be15596dbfc6318f57dd43566be6a26cef37e480b,1,
CN_PENDING_PAGE_MANIFEST_0.1,LTMD-CN3-G2014-VP120,LTMD-CN3-G2014,H2014P3CNA,2014,3,120,154,120,https://historico.conaliteg.gob.mx/c/H2014P3CNA/120.jpg,0,0.779221,Q4,source_jpeg,1,200,image/jpeg,311782,615dd4e419b977c2d6bc75ec72d8a7352f9c1fae414ec33075df03dfd97c87a3,1,
CN_PENDING_PAGE_MANIFEST_0.1,LTMD-CN3-G2014-VP121,LTMD-CN3-G2014,H2014P3CNA,2014,3,121,154,121,https://historico.conaliteg.gob.mx/c/H2014P3CNA/121.jpg,0,0.785714,Q4,source_jpeg,1,200,image/jpeg,449732,c907b718ae8baa3b22e7dea79ed507f8452e8e33b2d4bd65e0e1d29cb1d4c378,1,
CN_PENDING_PAGE_MANIFEST_0.1,LTMD-CN3-G2014-VP122,LTMD-CN3-G2014,H2014P3CNA,2014,3,122,154,122,https://historico.conaliteg.gob.mx/c/H2014P3CNA/122.jpg,0,0.792208,Q4,source_jpeg,1,200,image/jpeg,596812,df96677b63cbd89bb15e829f23ddb785ae5aa351f6567b65336e63457aafb3dc,1,
CN_PENDING_PAGE_MANIFEST_0.1,LTMD-CN3-G2014-VP123,LTMD-CN3-G2014,H2014P3CNA,2014,3,123,154,123,https://historico.conaliteg.gob.mx/c/H2014P3CNA/123.jpg,0,0.798701,Q4,source_jpeg,1,200,image/jpeg,412611,4e7e02cb055d9b47a5eb533411ae522444e401fa43d6c3b9351eb379cd664145,1,
CN_PENDING_PAGE_MANIFEST_0.1,LTMD-CN3-G2014-VP124,LTMD-CN3-G2014,H2014P3CNA,2014,3,124,154,124,https://historico.conaliteg.gob.mx/c/H2014P3CNA/124.jpg,0,0.805195,Q4,source_jpeg,1,200,image/jpeg,406711,c2e7597c11fc89e1996c8ce05302556d7dd3f9912af34b431061a8078dfc3e46,1,
CN_PENDING_PAGE_MANIFEST_0.1,LTMD-CN3-G2014-VP125,LTMD-CN3-G2014,H2014P3CNA,2014,3,125,154,125,https://historico.conaliteg.gob.mx/c/H2014P3CNA/125.jpg,0,0.811688,Q4,source_jpeg,1,200,image/jpeg,383286,df4c8288dcedc55487584d9883ab935aabeab6ae15f1d190ccce8afa0110176f,1,
CN_PENDING_PAGE_MANIFEST_0.1,LTMD-CN3-G2014-VP126,LTMD-CN3-G2014,H2014P3CNA,2014,3,126,154,126,https://historico.conaliteg.gob.mx/c/H2014P3CNA/126.jpg,0,0.818182,Q4,source_jpeg,1,200,image/jpeg,381718,02762ce0b30bfec0398f1aaf8dd5d5bfabfffc1a051bb55e1127d334bed16aae,1,
CN_PENDING_PAGE_MANIFEST_0.1,LTMD-CN3-G2014-VP127,LTMD-CN3-G2014,H2014P3CNA,2014,3,127,154,127,https://historico.conaliteg.gob.mx/c/H2014P3CNA/127.jpg,0,0.824675,Q4,source_jpeg,1,200,image/jpeg,337063,849e05c4cd6804fce0aeef62efdec01def79b17650559ab549991ccab8d82a61,1,
CN_PENDING_PAGE_MANIFEST_0.1,LTMD-CN3-G2014-VP128,LTMD-CN3-G2014,H2014P3CNA,2014,3,128,154,128,https://historico.conaliteg.gob.mx/c/H2014P3CNA/128.jpg,0,0.831169,Q4,source_jpeg,1,200,image/jpeg,226425,c2c8c44232d8610c2fb15b63d01c69ccc7aaca9d98df319102a979d8a0a834bf,1,
CN_PENDING_PAGE_MANIFEST_0.1,LTMD-CN3-G2014-VP129,LTMD-CN3-G2014,H2014P3CNA,2014,3,129,154,129,https://historico.conaliteg.gob.mx/c/H2014P3CNA/129.jpg,0,0.837662,Q4,source_jpeg,1,200,image/jpeg,232651,677a64d9e1a1b499100c3282bbab98a1622c41c9338c1e70ca38f7d8865c6413,1,
CN_PENDING_PAGE_MANIFEST_0.1,LTMD-CN3-G2014-VP130,LTMD-CN3-G2014,H2014P3CNA,2014,3,130,154,130,https://historico.conaliteg.gob.mx/c/H2014P3CNA/130.jpg,0,0.844156,Q4,source_jpeg,1,200,image/jpeg,365756,e7f860a0ae57f695be1695a8958840b3440ac0bfb8a950f17b437cc11dbc2616,1,
CN_PENDING_PAGE_MANIFEST_0.1,LTMD-CN3-G2014-VP131,LTMD-CN3-G2014,H2014P3CNA,2014,3,131,154,131,https://historico.conaliteg.gob.mx/c/H2014P3CNA/131.jpg,0,0.850649,Q4,source_jpeg,1,200,image/jpeg,91303,2c87af116b095822b23eb5e8725169be1cbaf51dc595cfe1df261a8d009d03f0,1,
CN_PENDING_PAGE_MANIFEST_0.1,LTMD-CN3-G2014-VP132,LTMD-CN3-G2014,H2014P3CNA,2014,3,132,154,132,https://historico.conaliteg.gob.mx/c/H2014P3CNA/132.jpg,0,0.857143,Q4,source_jpeg,1,200,image/jpeg,343705,0a626d7ae88626a550a42e456b0e41438b45dc50b9471c6a9fdff4eaf03edbae,1,
CN_PENDING_PAGE_MANIFEST_0.1,LTMD-CN3-G2014-VP133,LTMD-CN3-G2014,H2014P3CNA,2014,3,133,154,133,https://historico.conaliteg.gob.mx/c/H2014P3CNA/133.jpg,0,0.863636,Q4,source_jpeg,1,200,image/jpeg,334227,47812cf16d8fe724bc387aad57dc85a1cc0dd86742fb5cfd434047367e3704c0,1,
CN_PENDING_PAGE_MANIFEST_0.1,LTMD-CN3-G2014-VP134,LTMD-CN3-G2014,H2014P3CNA,2014,3,134,154,134,https://historico.conaliteg.gob.mx/c/H2014P3CNA/134.jpg,0,0.870130,Q4,source_jpeg,1,200,image/jpeg,309048,54f8a0095ddc21d4deab660fa1b367340dc065c35e7f8f4776cd02339f1eec1a,1,
CN_PENDING_PAGE_MANIFEST_0.1,LTMD-CN3-G2014-VP135,LTMD-CN3-G2014,H2014P3CNA,2014,3,135,154,135,https://historico.conaliteg.gob.mx/c/H2014P3CNA/135.jpg,0,0.876623,Q4,source_jpeg,1,200,image/jpeg,399561,e3bf2da96d97743f4490797810c727939a3c042ec00ded53b75e4167c2501f13,1,
CN_PENDING_PAGE_MANIFEST_0.1,LTMD-CN3-G2014-VP136,LTMD-CN3-G2014,H2014P3CNA,2014,3,136,154,136,https://historico.conaliteg.gob.mx/c/H2014P3CNA/136.jpg,0,0.883117,Q4,source_jpeg,1,200,image/jpeg,447462,c6e89123208fa799dfd9b9a581aa7451664c50790d8c1a9e21dde9c2d2264d0c,1,
CN_PENDING_PAGE_MANIFEST_0.1,LTMD-CN3-G2014-VP137,LTMD-CN3-G2014,H2014P3CNA,2014,3,137,154,137,https://historico.conaliteg.gob.mx/c/H2014P3CNA/137.jpg,0,0.889610,Q4,source_jpeg,1,200,image/jpeg,458404,880f7070c73a30a7023405330ecb5b6e4626b502efc5c566aaede005cfe1d6f8,1,
CN_PENDING_PAGE_MANIFEST_0.1,LTMD-CN3-G2014-VP138,LTMD-CN3-G2014,H2014P3CNA,2014,3,138,154,138,https://historico.conaliteg.gob.mx/c/H2014P3CNA/138.jpg,0,0.896104,Q4,source_jpeg,1,200,image/jpeg,309579,ef564b15e99e99b58845614a4a0e703320fec280bd7ef0426883a6880ef627f5,1,
CN_PENDING_PAGE_MANIFEST_0.1,LTMD-CN3-G2014-VP139,LTMD-CN3-G2014,H2014P3CNA,2014,3,139,154,139,https://historico.conaliteg.gob.mx/c/H2014P3CNA/139.jpg,0,0.902597,Q4,source_jpeg,1,200,image/jpeg,390483,21fd571558cf76bd3dda0177cb541d997ebacf1cb32f78a3a74752852d72807a,1,
CN_PENDING_PAGE_MANIFEST_0.1,LTMD-CN3-G2014-VP140,LTMD-CN3-G2014,H2014P3CNA,2014,3,140,154,140,https://historico.conaliteg.gob.mx/c/H2014P3CNA/140.jpg,0,0.909091,Q4,source_jpeg,1,200,image/jpeg,355777,5b596055d7bc966478071a5fc745eb4917de9b2818c7380822dd2cff6163fb52,1,
CN_PENDING_PAGE_MANIFEST_0.1,LTMD-CN3-G2014-VP141,LTMD-CN3-G2014,H2014P3CNA,2014,3,141,154,141,https://historico.conaliteg.gob.mx/c/H2014P3CNA/141.jpg,0,0.915584,Q4,source_jpeg,1,200,image/jpeg,299357,b716096ebdca66aa328ac1a18636ea86bc8d0e3303a94c3918d16d304235cd52,1,
CN_PENDING_PAGE_MANIFEST_0.1,LTMD-CN3-G2014-VP142,LTMD-CN3-G2014,H2014P3CNA,2014,3,142,154,142,https://historico.conaliteg.gob.mx/c/H2014P3CNA/142.jpg,0,0.922078,Q4,source_jpeg,1,200,image/jpeg,235198,a6b8f9598a3b27020c28549395fdf01772bc9bb10e1b6162d545a4c31dbaa014,1,
CN_PENDING_PAGE_MANIFEST_0.1,LTMD-CN3-G2014-VP143,LTMD-CN3-G2014,H2014P3CNA,2014,3,143,154,143,https://historico.conaliteg.gob.mx/c/H2014P3CNA/143.jpg,0,0.928571,Q4,source_jpeg,1,200,image/jpeg,268794,8ad1cb9ce03541ced7e281752f33304838b44b499be832a35bfecf008ea78328,1,
CN_PENDING_PAGE_MANIFEST_0.1,LTMD-CN3-G2014-VP144,LTMD-CN3-G2014,H2014P3CNA,2014,3,144,154,144,https://historico.conaliteg.gob.mx/c/H2014P3CNA/144.jpg,0,0.935065,Q4,source_jpeg,1,200,image/jpeg,948937,5aa604a3c320688f77c173d879bc1810b6d0f6b2627dcc7b10aeb0383e875eaa,1,
CN_PENDING_PAGE_MANIFEST_0.1,LTMD-CN3-G2014-VP145,LTMD-CN3-G2014,H2014P3CNA,2014,3,145,154,145,https://historico.conaliteg.gob.mx/c/H2014P3CNA/145.jpg,0,0.941558,Q4,source_jpeg,1,200,image/jpeg,337642,dc5a8910fae4d79221f71c5438ef4eca1e134a6db52d40b6cf04a5f9786a7a09,1,
CN_PENDING_PAGE_MANIFEST_0.1,LTMD-CN3-G2014-VP146,LTMD-CN3-G2014,H2014P3CNA,2014,3,146,154,146,https://historico.conaliteg.gob.mx/c/H2014P3CNA/146.jpg,0,0.948052,Q4,source_jpeg,1,200,image/jpeg,458014,1da79b7b7caebae5a62e50f1e7f0bc85d3787719d6cc78743458c97615a69e66,1,
CN_PENDING_PAGE_MANIFEST_0.1,LTMD-CN3-G2014-VP147,LTMD-CN3-G2014,H2014P3CNA,2014,3,147,154,147,https://historico.conaliteg.gob.mx/c/H2014P3CNA/147.jpg,0,0.954545,Q4,source_jpeg,1,200,image/jpeg,489082,e4d555fbd7c0aec587993125b8f82542570c9c0174f453bb365281d7ea995ba5,1,
CN_PENDING_PAGE_MANIFEST_0.1,LTMD-CN3-G2014-VP148,LTMD-CN3-G2014,H2014P3CNA,2014,3,148,154,148,https://historico.conaliteg.gob.mx/c/H2014P3CNA/148.jpg,0,0.961039,Q4,source_jpeg,1,200,image/jpeg,563644,59e56fb14b706f1a915eee2fc9934132736f0d6b06bf27eb8013a4e02285b55b,1,
CN_PENDING_PAGE_MANIFEST_0.1,LTMD-CN3-G2014-VP149,LTMD-CN3-G2014,H2014P3CNA,2014,3,149,154,149,https://historico.conaliteg.gob.mx/c/H2014P3CNA/149.jpg,0,0.967532,Q4,source_jpeg,1,200,image/jpeg,531073,25ea3d89b61c810dfbdfd1075079985ffb8ed113a28c090e6b0f03207d89a9ac,1,
CN_PENDING_PAGE_MANIFEST_0.1,LTMD-CN3-G2014-VP150,LTMD-CN3-G2014,H2014P3CNA,2014,3,150,154,150,https://historico.conaliteg.gob.mx/c/H2014P3CNA/150.jpg,0,0.974026,Q4,source_jpeg,1,200,image/jpeg,32976,e29155637b3275d6363a08b8046383055af07c595af1c83222aa1cf8112aa6b6,1,
CN_PENDING_PAGE_MANIFEST_0.1,LTMD-CN3-G2014-VP151,LTMD-CN3-G2014,H2014P3CNA,2014,3,151,154,151,https://historico.conaliteg.gob.mx/c/H2014P3CNA/151.jpg,0,0.980519,Q4,source_jpeg,1,200,image/jpeg,303831,0b4f23a8c6929dbae7908a4af545560fbcdc894f18ae82846048c6efcea2ed71,1,
CN_PENDING_PAGE_MANIFEST_0.1,LTMD-CN3-G2014-VP152,LTMD-CN3-G2014,H2014P3CNA,2014,3,152,154,152,https://historico.conaliteg.gob.mx/c/H2014P3CNA/152.jpg,0,0.987013,Q4,source_jpeg,1,200,image/jpeg,125664,361595a43c5c374becb8cea35cfa35f5a866d40f1ceb26b4fb491b10fa9a5757,1,
CN_PENDING_PAGE_MANIFEST_0.1,LTMD-CN3-G2014-VP153,LTMD-CN3-G2014,H2014P3CNA,2014,3,153,154,153,https://historico.conaliteg.gob.mx/c/H2014P3CNA/153.jpg,0,0.993506,Q4,source_jpeg,1,200,image/jpeg,634369,b0f9916335652620c169df2c2bc47911e5f3b096b3a4126dd94a2548afbf788b,1,
CN_PENDING_PAGE_MANIFEST_0.1,LTMD-CN3-G2019-VP001,LTMD-CN3-G2019,H2019P3CNA,2019,3,1,154,0,https://historico.conaliteg.gob.mx/c/H2019P3CNA/000.jpg,0,0.006494,Q1,source_jpeg,1,200,image/jpeg,122203,e9e99aae116b8f0688e91d39f955df78dba391f418fba875a7f4706fde9cbb44,1,
CN_PENDING_PAGE_MANIFEST_0.1,LTMD-CN3-G2019-VP002,LTMD-CN3-G2019,H2019P3CNA,2019,3,2,154,2,https://historico.conaliteg.gob.mx/c/H2019P3CNA/002.jpg,0,0.012987,Q1,source_jpeg,1,200,image/jpeg,102282,2ddd24a930bd64c23ccbe2a28e39f0c3010eaed31affa7e02503e8c8586dba81,1,
CN_PENDING_PAGE_MANIFEST_0.1,LTMD-CN3-G2019-VP003,LTMD-CN3-G2019,H2019P3CNA,2019,3,3,154,3,https://historico.conaliteg.gob.mx/c/H2019P3CNA/003.jpg,0,0.019481,Q1,source_jpeg,1,200,image/jpeg,82987,4598c18ada2a71a6cbe94bf98dc1b8c35e4bf08f44aca16a6476c0c7be03a01c,1,
CN_PENDING_PAGE_MANIFEST_0.1,LTMD-CN3-G2019-VP004,LTMD-CN3-G2019,H2019P3CNA,2019,3,4,154,4,https://historico.conaliteg.gob.mx/c/H2019P3CNA/004.jpg,0,0.025974,Q1,source_jpeg,1,200,image/jpeg,106111,e829bfd6da68d03c7bd03cd871751a09d599faf1ec4899fa9d5a15673388649b,1,
CN_PENDING_PAGE_MANIFEST_0.1,LTMD-CN3-G2019-VP005,LTMD-CN3-G2019,H2019P3CNA,2019,3,5,154,5,https://historico.conaliteg.gob.mx/c/H2019P3CNA/005.jpg,0,0.032468,Q1,source_jpeg,1,200,image/jpeg,139818,52d0a8e4be8c745406de55ce45c6b73ca732882987205570e05f7ecb55599ae1,1,
CN_PENDING_PAGE_MANIFEST_0.1,LTMD-CN3-G2019-VP006,LTMD-CN3-G2019,H2019P3CNA,2019,3,6,154,6,https://historico.conaliteg.gob.mx/c/H2019P3CNA/006.jpg,0,0.038961,Q1,source_jpeg,1,200,image/jpeg,76005,7ffac54b2f4bffb5ee9566530d5a371f06ea38350702878537c1deee348b4cb1,1,
CN_PENDING_PAGE_MANIFEST_0.1,LTMD-CN3-G2019-VP007,LTMD-CN3-G2019,H2019P3CNA,2019,3,7,154,7,https://historico.conaliteg.gob.mx/c/H2019P3CNA/007.jpg,0,0.045455,Q1,source_jpeg,1,200,image/jpeg,53513,98f6f531dc610fe1c88fcb2a6ddfc690fbbebacf66f7573ec6034f5627f4dc31,1,
CN_PENDING_PAGE_MANIFEST_0.1,LTMD-CN3-G2019-VP008,LTMD-CN3-G2019,H2019P3CNA,2019,3,8,154,8,https://historico.conaliteg.gob.mx/c/H2019P3CNA/008.jpg,0,0.051948,Q1,source_jpeg,1,200,image/jpeg,84969,c99617758b0fc8df178f42029cec1ab2ebeef8a7600e6e0f4a51b1ec1e410e10,1,
CN_PENDING_PAGE_MANIFEST_0.1,LTMD-CN3-G2019-VP009,LTMD-CN3-G2019,H2019P3CNA,2019,3,9,154,9,https://historico.conaliteg.gob.mx/c/H2019P3CNA/009.jpg,0,0.058442,Q1,source_jpeg,1,200,image/jpeg,42330,899f65968b77420203d5eea83a8ffafc960662e4d0e77f067deaa4a8fd060634,1,
CN_PENDING_PAGE_MANIFEST_0.1,LTMD-CN3-G2019-VP010,LTMD-CN3-G2019,H2019P3CNA,2019,3,10,154,10,https://historico.conaliteg.gob.mx/c/H2019P3CNA/010.jpg,0,0.064935,Q1,source_jpeg,1,200,image/jpeg,52760,4f81aaab8dfddaa84b08cea80a390c02203930bd7532b1011b9f9d58c26f6f86,1,
CN_PENDING_PAGE_MANIFEST_0.1,LTMD-CN3-G2019-VP011,LTMD-CN3-G2019,H2019P3CNA,2019,3,11,154,11,https://historico.conaliteg.gob.mx/c/H2019P3CNA/011.jpg,0,0.071429,Q1,source_jpeg,1,200,image/jpeg,98332,9d2527919d0b6210b82d191b6ad75d5f2b7edbc8a7e4fe97365afcdd3e5d8f2b,1,
CN_PENDING_PAGE_MANIFEST_0.1,LTMD-CN3-G2019-VP012,LTMD-CN3-G2019,H2019P3CNA,2019,3,12,154,12,https://historico.conaliteg.gob.mx/c/H2019P3CNA/012.jpg,0,0.077922,Q1,source_jpeg,1,200,image/jpeg,97723,89555e555f248933c6063b362ed78c05d09d3676f6a4c33e5296edef3aa37bd2,1,
CN_PENDING_PAGE_MANIFEST_0.1,LTMD-CN3-G2019-VP013,LTMD-CN3-G2019,H2019P3CNA,2019,3,13,154,13,https://historico.conaliteg.gob.mx/c/H2019P3CNA/013.jpg,0,0.084416,Q1,source_jpeg,1,200,image/jpeg,143389,1e2b714747e688354dd99edbdf1c90c4ce462fbf05362501d7f812cbbf5ce2b1,1,
CN_PENDING_PAGE_MANIFEST_0.1,LTMD-CN3-G2019-VP014,LTMD-CN3-G2019,H2019P3CNA,2019,3,14,154,14,https://historico.conaliteg.gob.mx/c/H2019P3CNA/014.jpg,0,0.090909,Q1,source_jpeg,1,200,image/jpeg,104550,7d23b40b59a3c98671aef03cdf6a45556f85dc04cd5f9b94aaafdab23ea6b04a,1,
CN_PENDING_PAGE_MANIFEST_0.1,LTMD-CN3-G2019-VP015,LTMD-CN3-G2019,H2019P3CNA,2019,3,15,154,15,https://historico.conaliteg.gob.mx/c/H2019P3CNA/015.jpg,0,0.097403,Q1,source_jpeg,1,200,image/jpeg,87788,b3efdbabb7ead7870606444d5c174fc75e518b10f7a0fbed0a84395526afbc99,1,
CN_PENDING_PAGE_MANIFEST_0.1,LTMD-CN3-G2019-VP016,LTMD-CN3-G2019,H2019P3CNA,2019,3,16,154,16,https://historico.conaliteg.gob.mx/c/H2019P3CNA/016.jpg,0,0.103896,Q1,source_jpeg,1,200,image/jpeg,51404,d7c9f197a7afe867052602f205ee65ab7717c54b74cfb1cfde2e64385a0afb92,1,
CN_PENDING_PAGE_MANIFEST_0.1,LTMD-CN3-G2019-VP017,LTMD-CN3-G2019,H2019P3CNA,2019,3,17,154,17,https://historico.conaliteg.gob.mx/c/H2019P3CNA/017.jpg,0,0.110390,Q1,source_jpeg,1,200,image/jpeg,101899,1e59213e2947fa657eea7a475399a1a08d693839ceab8e8e6951149706ac5834,1,
CN_PENDING_PAGE_MANIFEST_0.1,LTMD-CN3-G2019-VP018,LTMD-CN3-G2019,H2019P3CNA,2019,3,18,154,18,https://historico.conaliteg.gob.mx/c/H2019P3CNA/018.jpg,0,0.116883,Q1,source_jpeg,1,200,image/jpeg,90381,819268b5e93f9aa7470368eb41d9b5397a410c67b7441583d1074ad745e0915f,1,
CN_PENDING_PAGE_MANIFEST_0.1,LTMD-CN3-G2019-VP019,LTMD-CN3-G2019,H2019P3CNA,2019,3,19,154,19,https://historico.conaliteg.gob.mx/c/H2019P3CNA/019.jpg,0,0.123377,Q1,source_jpeg,1,200,image/jpeg,129493,5682619c572add0906074a0c893b2b0589ef926c4a6665f32b9f8007536cda76,1,
CN_PENDING_PAGE_MANIFEST_0.1,LTMD-CN3-G2019-VP020,LTMD-CN3-G2019,H2019P3CNA,2019,3,20,154,20,https://historico.conaliteg.gob.mx/c/H2019P3CNA/020.jpg,0,0.129870,Q1,source_jpeg,1,200,image/jpeg,88684,ea6f5a485bf7c86b64342c312afb6303461c407a2be64293b3dd6e30f48852d4,1,
CN_PENDING_PAGE_MANIFEST_0.1,LTMD-CN3-G2019-VP021,LTMD-CN3-G2019,H2019P3CNA,2019,3,21,154,21,https://historico.conaliteg.gob.mx/c/H2019P3CNA/021.jpg,0,0.136364,Q1,source_jpeg,1,200,image/jpeg,104081,600838f063bc62f2e8b972e09241b1ab8d1df8e4ab27ed5185e7b48e35cd7cea,1,
CN_PENDING_PAGE_MANIFEST_0.1,LTMD-CN3-G2019-VP022,LTMD-CN3-G2019,H2019P3CNA,2019,3,22,154,22,https://historico.conaliteg.gob.mx/c/H2019P3CNA/022.jpg,0,0.142857,Q1,source_jpeg,1,200,image/jpeg,97045,9ed9ce7fb14fe2bbd0e8e7083b6d5c828d6a4a090d59e7b3bc42d1669a671c73,1,
CN_PENDING_PAGE_MANIFEST_0.1,LTMD-CN3-G2019-VP023,LTMD-CN3-G2019,H2019P3CNA,2019,3,23,154,23,https://historico.conaliteg.gob.mx/c/H2019P3CNA/023.jpg,0,0.149351,Q1,source_jpeg,1,200,image/jpeg,115162,955c95e5b9109074b1c1f58c7382a8d0283eb89e4c2739d1932008a81f8e7a66,1,
CN_PENDING_PAGE_MANIFEST_0.1,LTMD-CN3-G2019-VP024,LTMD-CN3-G2019,H2019P3CNA,2019,3,24,154,24,https://historico.conaliteg.gob.mx/c/H2019P3CNA/024.jpg,0,0.155844,Q1,source_jpeg,1,200,image/jpeg,99739,dbc379f472ec33655b7948daa5746422d1a7aef30a67c001f430a6ea9f11f710,1,
CN_PENDING_PAGE_MANIFEST_0.1,LTMD-CN3-G2019-VP025,LTMD-CN3-G2019,H2019P3CNA,2019,3,25,154,25,https://historico.conaliteg.gob.mx/c/H2019P3CNA/025.jpg,0,0.162338,Q1,source_jpeg,1,200,image/jpeg,75248,c230ef17c33b4b9e0b9da2a6e2abb40ba4323f7fd020390839aea318d84c45f9,1,
CN_PENDING_PAGE_MANIFEST_0.1,LTMD-CN3-G2019-VP026,LTMD-CN3-G2019,H2019P3CNA,2019,3,26,154,26,https://historico.conaliteg.gob.mx/c/H2019P3CNA/026.jpg,0,0.168831,Q1,source_jpeg,1,200,image/jpeg,116663,1ac3836fb8fe9c46d4f08cbfe1d28c7d89007cb2fec232b2936d60568570b643,1,
CN_PENDING_PAGE_MANIFEST_0.1,LTMD-CN3-G2019-VP027,LTMD-CN3-G2019,H2019P3CNA,2019,3,27,154,27,https://historico.conaliteg.gob.mx/c/H2019P3CNA/027.jpg,0,0.175325,Q1,source_jpeg,1,200,image/jpeg,152487,74cf7b17d3e34cc5395affc615105dc2f60dd067c1dc7557fe0c9924c7ca3327,1,
CN_PENDING_PAGE_MANIFEST_0.1,LTMD-CN3-G2019-VP028,LTMD-CN3-G2019,H2019P3CNA,2019,3,28,154,28,https://historico.conaliteg.gob.mx/c/H2019P3CNA/028.jpg,0,0.181818,Q1,source_jpeg,1,200,image/jpeg,125225,f5ee1c3f0804f8ef80c2f597df78a4c2872b3b2a714c36cb8ec7c3d429a0c387,1,
CN_PENDING_PAGE_MANIFEST_0.1,LTMD-CN3-G2019-VP029,LTMD-CN3-G2019,H2019P3CNA,2019,3,29,154,29,https://historico.conaliteg.gob.mx/c/H2019P3CNA/029.jpg,0,0.188312,Q1,source_jpeg,1,200,image/jpeg,67714,cfe35a0e300e640dded83eb25b3fb4c72db01c82b0ec93ee4a5fa667d918fcc2,1,
CN_PENDING_PAGE_MANIFEST_0.1,LTMD-CN3-G2019-VP030,LTMD-CN3-G2019,H2019P3CNA,2019,3,30,154,30,https://historico.conaliteg.gob.mx/c/H2019P3CNA/030.jpg,0,0.194805,Q1,source_jpeg,1,200,image/jpeg,88984,ac03f92f6d791818fdcdf47721a61fe07882fb86ff21cc2ef574e254d969fe0c,1,
CN_PENDING_PAGE_MANIFEST_0.1,LTMD-CN3-G2019-VP031,LTMD-CN3-G2019,H2019P3CNA,2019,3,31,154,31,https://historico.conaliteg.gob.mx/c/H2019P3CNA/031.jpg,0,0.201299,Q1,source_jpeg,1,200,image/jpeg,71532,f7fcbd12d11dbe97f111ef0116bbf4d112c2802fccfcbaecf3671692016bc0e6,1,
CN_PENDING_PAGE_MANIFEST_0.1,LTMD-CN3-G2019-VP032,LTMD-CN3-G2019,H2019P3CNA,2019,3,32,154,32,https://historico.conaliteg.gob.mx/c/H2019P3CNA/032.jpg,0,0.207792,Q1,source_jpeg,1,200,image/jpeg,98592,c34171b8e1b90c7406a10405ea775c8c146c215e1b669cf7bc0cf20705cfed9b,1,
CN_PENDING_PAGE_MANIFEST_0.1,LTMD-CN3-G2019-VP033,LTMD-CN3-G2019,H2019P3CNA,2019,3,33,154,33,https://historico.conaliteg.gob.mx/c/H2019P3CNA/033.jpg,0,0.214286,Q1,source_jpeg,1,200,image/jpeg,112375,398a0e1a0c5282a1cf47c5b9f4d4fa1b5bb32835e58dfba0a90f421c8be64527,1,
CN_PENDING_PAGE_MANIFEST_0.1,LTMD-CN3-G2019-VP034,LTMD-CN3-G2019,H2019P3CNA,2019,3,34,154,34,https://historico.conaliteg.gob.mx/c/H2019P3CNA/034.jpg,0,0.220779,Q1,source_jpeg,1,200,image/jpeg,117858,fa19895a157e828160a8495d8d8ae74aa7df9fd0131c05e3d73b3667a16c3980,1,
CN_PENDING_PAGE_MANIFEST_0.1,LTMD-CN3-G2019-VP035,LTMD-CN3-G2019,H2019P3CNA,2019,3,35,154,35,https://historico.conaliteg.gob.mx/c/H2019P3CNA/035.jpg,0,0.227273,Q1,source_jpeg,1,200,image/jpeg,147993,6c7948c9396bdfe01aa3b5795c8681a475e0800f2f3ab3c09ffc05f5973c14a5,1,
CN_PENDING_PAGE_MANIFEST_0.1,LTMD-CN3-G2019-VP036,LTMD-CN3-G2019,H2019P3CNA,2019,3,36,154,36,https://historico.conaliteg.gob.mx/c/H2019P3CNA/036.jpg,0,0.233766,Q1,source_jpeg,1,200,image/jpeg,111476,60e498ab8fda077eb7ed6a44fbf217eac5c6fe76beecf15bffc16dca7b16b55a,1,
CN_PENDING_PAGE_MANIFEST_0.1,LTMD-CN3-G2019-VP037,LTMD-CN3-G2019,H2019P3CNA,2019,3,37,154,37,https://historico.conaliteg.gob.mx/c/H2019P3CNA/037.jpg,0,0.240260,Q1,source_jpeg,1,200,image/jpeg,105708,19be8e5dcd987fe6c5bb7bd13a8f44de51d3b64d1b7aa83e8f14fa80b85976ba,1,
CN_PENDING_PAGE_MANIFEST_0.1,LTMD-CN3-G2019-VP038,LTMD-CN3-G2019,H2019P3CNA,2019,3,38,154,38,https://historico.conaliteg.gob.mx/c/H2019P3CNA/038.jpg,0,0.246753,Q1,source_jpeg,1,200,image/jpeg,133254,48d96fed5719102ec56d2eedb62d3bd71690ed3664f6471d8555e29062dd374b,1,
CN_PENDING_PAGE_MANIFEST_0.1,LTMD-CN3-G2019-VP039,LTMD-CN3-G2019,H2019P3CNA,2019,3,39,154,39,https://historico.conaliteg.gob.mx/c/H2019P3CNA/039.jpg,0,0.253247,Q2,source_jpeg,1,200,image/jpeg,115506,848db0c76a629180150ac38ad40a601c288bf94f8e2357d2ce3a3a25c4fa77cc,1,
CN_PENDING_PAGE_MANIFEST_0.1,LTMD-CN3-G2019-VP040,LTMD-CN3-G2019,H2019P3CNA,2019,3,40,154,40,https://historico.conaliteg.gob.mx/c/H2019P3CNA/040.jpg,0,0.259740,Q2,source_jpeg,1,200,image/jpeg,83919,0d5e648eda43ed2da37a70fce4b0b51b20ed072c566ef1dd29fff377017f8c4c,1,
CN_PENDING_PAGE_MANIFEST_0.1,LTMD-CN3-G2019-VP041,LTMD-CN3-G2019,H2019P3CNA,2019,3,41,154,41,https://historico.conaliteg.gob.mx/c/H2019P3CNA/041.jpg,0,0.266234,Q2,source_jpeg,1,200,image/jpeg,64636,5a582f71dbf6f5b0fadfe2921e7c34b243e6518ed6d4fab48609e0f4409af57c,1,
CN_PENDING_PAGE_MANIFEST_0.1,LTMD-CN3-G2019-VP042,LTMD-CN3-G2019,H2019P3CNA,2019,3,42,154,42,https://historico.conaliteg.gob.mx/c/H2019P3CNA/042.jpg,0,0.272727,Q2,source_jpeg,1,200,image/jpeg,172604,cf3be898f11f23ea65f3896734eaea9447a2c07140a701fae90daef8cd8d9f15,1,
CN_PENDING_PAGE_MANIFEST_0.1,LTMD-CN3-G2019-VP043,LTMD-CN3-G2019,H2019P3CNA,2019,3,43,154,43,https://historico.conaliteg.gob.mx/c/H2019P3CNA/043.jpg,0,0.279221,Q2,source_jpeg,1,200,image/jpeg,27507,928dd55cf15a2ddecbd6b5d00955f0ca271aadee0d0d63b0edf21f7c8d1e755d,1,
CN_PENDING_PAGE_MANIFEST_0.1,LTMD-CN3-G2019-VP044,LTMD-CN3-G2019,H2019P3CNA,2019,3,44,154,44,https://historico.conaliteg.gob.mx/c/H2019P3CNA/044.jpg,0,0.285714,Q2,source_jpeg,1,200,image/jpeg,116599,30955ee65a621943ff18db404eeb325afe8aa83e301469d124c699b9da3e2633,1,
CN_PENDING_PAGE_MANIFEST_0.1,LTMD-CN3-G2019-VP045,LTMD-CN3-G2019,H2019P3CNA,2019,3,45,154,45,https://historico.conaliteg.gob.mx/c/H2019P3CNA/045.jpg,0,0.292208,Q2,source_jpeg,1,200,image/jpeg,94104,43dfbf8da3bdffd81a41d2a68f783267d042be38976b4f1f50c39d2785119c33,1,
CN_PENDING_PAGE_MANIFEST_0.1,LTMD-CN3-G2019-VP046,LTMD-CN3-G2019,H2019P3CNA,2019,3,46,154,46,https://historico.conaliteg.gob.mx/c/H2019P3CNA/046.jpg,0,0.298701,Q2,source_jpeg,1,200,image/jpeg,136183,2ad8b081598498a6b800194c896983866cb07eb63a4ef14ddcf03034dc601dd3,1,
CN_PENDING_PAGE_MANIFEST_0.1,LTMD-CN3-G2019-VP047,LTMD-CN3-G2019,H2019P3CNA,2019,3,47,154,47,https://historico.conaliteg.gob.mx/c/H2019P3CNA/047.jpg,0,0.305195,Q2,source_jpeg,1,200,image/jpeg,120129,ef3da98be84ccc511eb3ec88e9cbf65d391b67a3ab123721d553ca5c622f0c88,1,
CN_PENDING_PAGE_MANIFEST_0.1,LTMD-CN3-G2019-VP048,LTMD-CN3-G2019,H2019P3CNA,2019,3,48,154,48,https://historico.conaliteg.gob.mx/c/H2019P3CNA/048.jpg,0,0.311688,Q2,source_jpeg,1,200,image/jpeg,124750,37ddccd1f26d620fb05373e167695a114547ccb81ca8b5def81589df485b5358,1,
CN_PENDING_PAGE_MANIFEST_0.1,LTMD-CN3-G2019-VP049,LTMD-CN3-G2019,H2019P3CNA,2019,3,49,154,49,https://historico.conaliteg.gob.mx/c/H2019P3CNA/049.jpg,0,0.318182,Q2,source_jpeg,1,200,image/jpeg,117447,7930563b348feed41c542a4061391427449b65460955e4de0e7c1a520b0aea71,1,
CN_PENDING_PAGE_MANIFEST_0.1,LTMD-CN3-G2019-VP050,LTMD-CN3-G2019,H2019P3CNA,2019,3,50,154,50,https://historico.conaliteg.gob.mx/c/H2019P3CNA/050.jpg,0,0.324675,Q2,source_jpeg,1,200,image/jpeg,130266,c4e64023fb91f598e6811f378cb252efac1a59ae935c9668791dc8a7109a4e1f,1,
CN_PENDING_PAGE_MANIFEST_0.1,LTMD-CN3-G2019-VP051,LTMD-CN3-G2019,H2019P3CNA,2019,3,51,154,51,https://historico.conaliteg.gob.mx/c/H2019P3CNA/051.jpg,0,0.331169,Q2,source_jpeg,1,200,image/jpeg,116773,3eb7e4a28426539716ee3aa948b87fe66fb23cbb15be69a397f11316c90bda47,1,
CN_PENDING_PAGE_MANIFEST_0.1,LTMD-CN3-G2019-VP052,LTMD-CN3-G2019,H2019P3CNA,2019,3,52,154,52,https://historico.conaliteg.gob.mx/c/H2019P3CNA/052.jpg,0,0.337662,Q2,source_jpeg,1,200,image/jpeg,88767,84fb231333a1808da38af4520f65b56072e1d54ece773f214427f9b6121b298c,1,
CN_PENDING_PAGE_MANIFEST_0.1,LTMD-CN3-G2019-VP053,LTMD-CN3-G2019,H2019P3CNA,2019,3,53,154,53,https://historico.conaliteg.gob.mx/c/H2019P3CNA/053.jpg,0,0.344156,Q2,source_jpeg,1,200,image/jpeg,61771,f3ce632207bc75674889a3767833e9aa378926fe5685ce33cbb285cc0008fc2e,1,
CN_PENDING_PAGE_MANIFEST_0.1,LTMD-CN3-G2019-VP054,LTMD-CN3-G2019,H2019P3CNA,2019,3,54,154,54,https://historico.conaliteg.gob.mx/c/H2019P3CNA/054.jpg,0,0.350649,Q2,source_jpeg,1,200,image/jpeg,135705,985aa21d5576b9f3bbd16421e38cd3716931b8c6c54ca93bab98b6f391128cad,1,
CN_PENDING_PAGE_MANIFEST_0.1,LTMD-CN3-G2019-VP055,LTMD-CN3-G2019,H2019P3CNA,2019,3,55,154,55,https://historico.conaliteg.gob.mx/c/H2019P3CNA/055.jpg,0,0.357143,Q2,source_jpeg,1,200,image/jpeg,103370,ea36ba5712d00d245b1034604882773f0a867f9f56389e94147f01c09c39460f,1,
CN_PENDING_PAGE_MANIFEST_0.1,LTMD-CN3-G2019-VP056,LTMD-CN3-G2019,H2019P3CNA,2019,3,56,154,56,https://historico.conaliteg.gob.mx/c/H2019P3CNA/056.jpg,0,0.363636,Q2,source_jpeg,1,200,image/jpeg,122791,61525a2ff4a1ca302a3f8f1bf28353f08f062945525d604d0f96b05e8dc01e59,1,
CN_PENDING_PAGE_MANIFEST_0.1,LTMD-CN3-G2019-VP057,LTMD-CN3-G2019,H2019P3CNA,2019,3,57,154,57,https://historico.conaliteg.gob.mx/c/H2019P3CNA/057.jpg,0,0.370130,Q2,source_jpeg,1,200,image/jpeg,146626,c6b05549cb971f98153550195e791cf62f4368ea3cd696d209dd29206ccfe9b0,1,
CN_PENDING_PAGE_MANIFEST_0.1,LTMD-CN3-G2019-VP058,LTMD-CN3-G2019,H2019P3CNA,2019,3,58,154,58,https://historico.conaliteg.gob.mx/c/H2019P3CNA/058.jpg,0,0.376623,Q2,source_jpeg,1,200,image/jpeg,168594,874e4289ad089bf832ac9a9117af4d04345f81299245d4b722637db259f1102a,1,
CN_PENDING_PAGE_MANIFEST_0.1,LTMD-CN3-G2019-VP059,LTMD-CN3-G2019,H2019P3CNA,2019,3,59,154,59,https://historico.conaliteg.gob.mx/c/H2019P3CNA/059.jpg,0,0.383117,Q2,source_jpeg,1,200,image/jpeg,214791,2f322c9d310e73b17dd4921d92c907d81f359e2a6136e8093c40a2289c808776,1,
CN_PENDING_PAGE_MANIFEST_0.1,LTMD-CN3-G2019-VP060,LTMD-CN3-G2019,H2019P3CNA,2019,3,60,154,60,https://historico.conaliteg.gob.mx/c/H2019P3CNA/060.jpg,0,0.389610,Q2,source_jpeg,1,200,image/jpeg,110164,5a503f7ab501c7fac73ba45f0b29e80d4c4ef02d86eacf961561c4b890133e39,1,
CN_PENDING_PAGE_MANIFEST_0.1,LTMD-CN3-G2019-VP061,LTMD-CN3-G2019,H2019P3CNA,2019,3,61,154,61,https://historico.conaliteg.gob.mx/c/H2019P3CNA/061.jpg,0,0.396104,Q2,source_jpeg,1,200,image/jpeg,113242,e056fc75ad8134ab957bb2ab6550ac6941f2f76d6f1c9e392c827d807c2c0a1a,1,
CN_PENDING_PAGE_MANIFEST_0.1,LTMD-CN3-G2019-VP062,LTMD-CN3-G2019,H2019P3CNA,2019,3,62,154,62,https://historico.conaliteg.gob.mx/c/H2019P3CNA/062.jpg,0,0.402597,Q2,source_jpeg,1,200,image/jpeg,141500,e526febc6bdbba123e66b4afc9f9b91291481ba43202ce956f1106d4239c48be,1,
CN_PENDING_PAGE_MANIFEST_0.1,LTMD-CN3-G2019-VP063,LTMD-CN3-G2019,H2019P3CNA,2019,3,63,154,63,https://historico.conaliteg.gob.mx/c/H2019P3CNA/063.jpg,0,0.409091,Q2,source_jpeg,1,200,image/jpeg,114693,8d1a230de3d6d307c5b188a7caa6b671b938eb157023ddf66a9fa664aaf3e4b7,1,
CN_PENDING_PAGE_MANIFEST_0.1,LTMD-CN3-G2019-VP064,LTMD-CN3-G2019,H2019P3CNA,2019,3,64,154,64,https://historico.conaliteg.gob.mx/c/H2019P3CNA/064.jpg,0,0.415584,Q2,source_jpeg,1,200,image/jpeg,102687,d404f5bbd691a3ab33785d0a1d6f28a24d527dda6fb797f3d0510861c3f5be22,1,
CN_PENDING_PAGE_MANIFEST_0.1,LTMD-CN3-G2019-VP065,LTMD-CN3-G2019,H2019P3CNA,2019,3,65,154,65,https://historico.conaliteg.gob.mx/c/H2019P3CNA/065.jpg,0,0.422078,Q2,source_jpeg,1,200,image/jpeg,116654,2b399d8dfc12fc578b4c86adb8960616c838d79bd7cff450b0ccf0b93cbebe36,1,
CN_PENDING_PAGE_MANIFEST_0.1,LTMD-CN3-G2019-VP066,LTMD-CN3-G2019,H2019P3CNA,2019,3,66,154,66,https://historico.conaliteg.gob.mx/c/H2019P3CNA/066.jpg,0,0.428571,Q2,source_jpeg,1,200,image/jpeg,139132,db3f10d659cc6b617162baf9a3c5ec184c4e39965c4d8120f2b16288a43b68d2,1,
CN_PENDING_PAGE_MANIFEST_0.1,LTMD-CN3-G2019-VP067,LTMD-CN3-G2019,H2019P3CNA,2019,3,67,154,67,https://historico.conaliteg.gob.mx/c/H2019P3CNA/067.jpg,0,0.435065,Q2,source_jpeg,1,200,image/jpeg,123061,9bf7c0b1c6f65444481066816b1faa294491ba44ec6870f0c684c4b7e9ab5d51,1,
CN_PENDING_PAGE_MANIFEST_0.1,LTMD-CN3-G2019-VP068,LTMD-CN3-G2019,H2019P3CNA,2019,3,68,154,68,https://historico.conaliteg.gob.mx/c/H2019P3CNA/068.jpg,0,0.441558,Q2,source_jpeg,1,200,image/jpeg,101024,edc2416926aceb97c82e886c13326f120523d167f325e758e043d0b6426c7fb4,1,
CN_PENDING_PAGE_MANIFEST_0.1,LTMD-CN3-G2019-VP069,LTMD-CN3-G2019,H2019P3CNA,2019,3,69,154,69,https://historico.conaliteg.gob.mx/c/H2019P3CNA/069.jpg,0,0.448052,Q2,source_jpeg,1,200,image/jpeg,101127,8ba3e7a9b68e30c06a79bcbfe5746cb7376e0e6aee4005bd3c1b2fa2cb7b601d,1,
CN_PENDING_PAGE_MANIFEST_0.1,LTMD-CN3-G2019-VP070,LTMD-CN3-G2019,H2019P3CNA,2019,3,70,154,70,https://historico.conaliteg.gob.mx/c/H2019P3CNA/070.jpg,0,0.454545,Q2,source_jpeg,1,200,image/jpeg,68766,2611882f0b1cf2cf9fd5b9ac589aa11930af9ade083f97a87fe0965be7ea3b49,1,
CN_PENDING_PAGE_MANIFEST_0.1,LTMD-CN3-G2019-VP071,LTMD-CN3-G2019,H2019P3CNA,2019,3,71,154,71,https://historico.conaliteg.gob.mx/c/H2019P3CNA/071.jpg,0,0.461039,Q2,source_jpeg,1,200,image/jpeg,48869,c770d1740a988473c75cb74cda1cd056fcbab38a8a5b6b551b0b58407325e967,1,
CN_PENDING_PAGE_MANIFEST_0.1,LTMD-CN3-G2019-VP072,LTMD-CN3-G2019,H2019P3CNA,2019,3,72,154,72,https://historico.conaliteg.gob.mx/c/H2019P3CNA/072.jpg,0,0.467532,Q2,source_jpeg,1,200,image/jpeg,99491,b9db4ff4c08638b10cb7f934b5c49fa62bede8e956fc5713f502b19f4aa3bd6d,1,
CN_PENDING_PAGE_MANIFEST_0.1,LTMD-CN3-G2019-VP073,LTMD-CN3-G2019,H2019P3CNA,2019,3,73,154,73,https://historico.conaliteg.gob.mx/c/H2019P3CNA/073.jpg,0,0.474026,Q2,source_jpeg,1,200,image/jpeg,28378,0d6cfe395a93ce4e18fd5a62e2e0ab6204058e8d5b80b9a439eb300292ec338d,1,
CN_PENDING_PAGE_MANIFEST_0.1,LTMD-CN3-G2019-VP074,LTMD-CN3-G2019,H2019P3CNA,2019,3,74,154,74,https://historico.conaliteg.gob.mx/c/H2019P3CNA/074.jpg,0,0.480519,Q2,source_jpeg,1,200,image/jpeg,47902,2381b22681617772d7a9caa495a64101b188b36f21c03a7bec11bd0a598917d2,1,
CN_PENDING_PAGE_MANIFEST_0.1,LTMD-CN3-G2019-VP075,LTMD-CN3-G2019,H2019P3CNA,2019,3,75,154,75,https://historico.conaliteg.gob.mx/c/H2019P3CNA/075.jpg,0,0.487013,Q2,source_jpeg,1,200,image/jpeg,77622,12dd0ff1482bbcd7f9d04aaece44ec76fb6390a85f04a5a2d39e49f1b063dbc0,1,
CN_PENDING_PAGE_MANIFEST_0.1,LTMD-CN3-G2019-VP076,LTMD-CN3-G2019,H2019P3CNA,2019,3,76,154,76,https://historico.conaliteg.gob.mx/c/H2019P3CNA/076.jpg,0,0.493506,Q2,source_jpeg,1,200,image/jpeg,77072,d0c1b79e73a3207f5ccae6e64ff5cf258c523bc2761c50a882d40b6f593241a8,1,
CN_PENDING_PAGE_MANIFEST_0.1,LTMD-CN3-G2019-VP077,LTMD-CN3-G2019,H2019P3CNA,2019,3,77,154,77,https://historico.conaliteg.gob.mx/c/H2019P3CNA/077.jpg,0,0.500000,Q2,source_jpeg,1,200,image/jpeg,127540,e8905c0248f1354f5e7acd603325822e6765a1f06c9a242b58ca06534e06a591,1,
CN_PENDING_PAGE_MANIFEST_0.1,LTMD-CN3-G2019-VP078,LTMD-CN3-G2019,H2019P3CNA,2019,3,78,154,78,https://historico.conaliteg.gob.mx/c/H2019P3CNA/078.jpg,0,0.506494,Q3,source_jpeg,1,200,image/jpeg,123158,e05335a6952b189fd9d4a18eb09743dc298d6d6987259f99a74eff265ac1e37b,1,
CN_PENDING_PAGE_MANIFEST_0.1,LTMD-CN3-G2019-VP079,LTMD-CN3-G2019,H2019P3CNA,2019,3,79,154,79,https://historico.conaliteg.gob.mx/c/H2019P3CNA/079.jpg,0,0.512987,Q3,source_jpeg,1,200,image/jpeg,91868,0f77cf5a8a5c08d67462d13165a8757da475e9e7393715d9cb72bbaa537d1c46,1,
CN_PENDING_PAGE_MANIFEST_0.1,LTMD-CN3-G2019-VP080,LTMD-CN3-G2019,H2019P3CNA,2019,3,80,154,80,https://historico.conaliteg.gob.mx/c/H2019P3CNA/080.jpg,0,0.519481,Q3,source_jpeg,1,200,image/jpeg,98045,82f0b5c61503be4bc7da70d6978b341781863a48f87138b5d6b288d0143510d7,1,
CN_PENDING_PAGE_MANIFEST_0.1,LTMD-CN3-G2019-VP081,LTMD-CN3-G2019,H2019P3CNA,2019,3,81,154,81,https://historico.conaliteg.gob.mx/c/H2019P3CNA/081.jpg,0,0.525974,Q3,source_jpeg,1,200,image/jpeg,119496,cc40cfedfe0bbe056df00ddf1577c04988c3d796e42a674718ff908a83e50f99,1,
CN_PENDING_PAGE_MANIFEST_0.1,LTMD-CN3-G2019-VP082,LTMD-CN3-G2019,H2019P3CNA,2019,3,82,154,82,https://historico.conaliteg.gob.mx/c/H2019P3CNA/082.jpg,0,0.532468,Q3,source_jpeg,1,200,image/jpeg,104153,9da26e945bca7b149b829b915836e110b3fcce4b5c3cd58b9206cccca61a88b0,1,
CN_PENDING_PAGE_MANIFEST_0.1,LTMD-CN3-G2019-VP083,LTMD-CN3-G2019,H2019P3CNA,2019,3,83,154,83,https://historico.conaliteg.gob.mx/c/H2019P3CNA/083.jpg,0,0.538961,Q3,source_jpeg,1,200,image/jpeg,82918,4276e26c6db4998946f0c90beb8894fbb0eb65f4a646c5ece8b6b763942abeea,1,
CN_PENDING_PAGE_MANIFEST_0.1,LTMD-CN3-G2019-VP084,LTMD-CN3-G2019,H2019P3CNA,2019,3,84,154,84,https://historico.conaliteg.gob.mx/c/H2019P3CNA/084.jpg,0,0.545455,Q3,source_jpeg,1,200,image/jpeg,81655,4ec7fbc738f2f6ebc45cc424d6ab69eca8cfe3d2e9525e07d55c429df4451916,1,
CN_PENDING_PAGE_MANIFEST_0.1,LTMD-CN3-G2019-VP085,LTMD-CN3-G2019,H2019P3CNA,2019,3,85,154,85,https://historico.conaliteg.gob.mx/c/H2019P3CNA/085.jpg,0,0.551948,Q3,source_jpeg,1,200,image/jpeg,67525,9baeacdd309172282316c9cb77fa4a238f5d2e4d7616cf31a7ad5227e0e83d34,1,
CN_PENDING_PAGE_MANIFEST_0.1,LTMD-CN3-G2019-VP086,LTMD-CN3-G2019,H2019P3CNA,2019,3,86,154,86,https://historico.conaliteg.gob.mx/c/H2019P3CNA/086.jpg,0,0.558442,Q3,source_jpeg,1,200,image/jpeg,83766,ee54207f59cee6f7423e93f1b2903cf5df432f8cf567ac1f9cc069f7f22e2d10,1,
CN_PENDING_PAGE_MANIFEST_0.1,LTMD-CN3-G2019-VP087,LTMD-CN3-G2019,H2019P3CNA,2019,3,87,154,87,https://historico.conaliteg.gob.mx/c/H2019P3CNA/087.jpg,0,0.564935,Q3,source_jpeg,1,200,image/jpeg,90921,d148ac1dfe6daf93465f6f5d2e381f33232b2a0b958c7c57862fef59a2acd904,1,
CN_PENDING_PAGE_MANIFEST_0.1,LTMD-CN3-G2019-VP088,LTMD-CN3-G2019,H2019P3CNA,2019,3,88,154,88,https://historico.conaliteg.gob.mx/c/H2019P3CNA/088.jpg,0,0.571429,Q3,source_jpeg,1,200,image/jpeg,85455,a10fb0d77d4fb668c115eb2f79a0ab5b23c0e010904f65517c02b6350d6ebd0f,1,
CN_PENDING_PAGE_MANIFEST_0.1,LTMD-CN3-G2019-VP089,LTMD-CN3-G2019,H2019P3CNA,2019,3,89,154,89,https://historico.conaliteg.gob.mx/c/H2019P3CNA/089.jpg,0,0.577922,Q3,source_jpeg,1,200,image/jpeg,80477,1bfc57ea7c129e21b245ac501a6a2778988847aaf4b11a37f61eb09633662b23,1,
CN_PENDING_PAGE_MANIFEST_0.1,LTMD-CN3-G2019-VP090,LTMD-CN3-G2019,H2019P3CNA,2019,3,90,154,90,https://historico.conaliteg.gob.mx/c/H2019P3CNA/090.jpg,0,0.584416,Q3,source_jpeg,1,200,image/jpeg,116539,096ebddceffaae903fc1f1f160eaa0c086354c33b742d2cabbe52892e1e37c2e,1,
CN_PENDING_PAGE_MANIFEST_0.1,LTMD-CN3-G2019-VP091,LTMD-CN3-G2019,H2019P3CNA,2019,3,91,154,91,https://historico.conaliteg.gob.mx/c/H2019P3CNA/091.jpg,0,0.590909,Q3,source_jpeg,1,200,image/jpeg,84693,4aed6b83a6fdcc7b6df1b0a1f67ad6a1e32705ab7377065be1db123ccfebac83,1,
CN_PENDING_PAGE_MANIFEST_0.1,LTMD-CN3-G2019-VP092,LTMD-CN3-G2019,H2019P3CNA,2019,3,92,154,92,https://historico.conaliteg.gob.mx/c/H2019P3CNA/092.jpg,0,0.597403,Q3,source_jpeg,1,200,image/jpeg,126136,6fe1eb6bd8f0c08985b3fa097f9ee5668ecfd67bba20972933ec2de990afb898,1,
CN_PENDING_PAGE_MANIFEST_0.1,LTMD-CN3-G2019-VP093,LTMD-CN3-G2019,H2019P3CNA,2019,3,93,154,93,https://historico.conaliteg.gob.mx/c/H2019P3CNA/093.jpg,0,0.603896,Q3,source_jpeg,1,200,image/jpeg,96527,7db9c47b87d8d8170e309baf0bfc571abbbdea62379a321956e631a3606758ed,1,
CN_PENDING_PAGE_MANIFEST_0.1,LTMD-CN3-G2019-VP094,LTMD-CN3-G2019,H2019P3CNA,2019,3,94,154,94,https://historico.conaliteg.gob.mx/c/H2019P3CNA/094.jpg,0,0.610390,Q3,source_jpeg,1,200,image/jpeg,107594,d441628aef064d34155351ab099a9c82c960cde090f84d6e1d23390b4bdaed8d,1,
CN_PENDING_PAGE_MANIFEST_0.1,LTMD-CN3-G2019-VP095,LTMD-CN3-G2019,H2019P3CNA,2019,3,95,154,95,https://historico.conaliteg.gob.mx/c/H2019P3CNA/095.jpg,0,0.616883,Q3,source_jpeg,1,200,image/jpeg,104960,699c84482a6113838dfd9274dfd0a623fd5087c1644a070e7b14afa00093cc21,1,
CN_PENDING_PAGE_MANIFEST_0.1,LTMD-CN3-G2019-VP096,LTMD-CN3-G2019,H2019P3CNA,2019,3,96,154,96,https://historico.conaliteg.gob.mx/c/H2019P3CNA/096.jpg,0,0.623377,Q3,source_jpeg,1,200,image/jpeg,131254,1af9ff73ef5f62b8175a63871ad3044efb16b6eb679fc2c56f96f8390f9baa61,1,
CN_PENDING_PAGE_MANIFEST_0.1,LTMD-CN3-G2019-VP097,LTMD-CN3-G2019,H2019P3CNA,2019,3,97,154,97,https://historico.conaliteg.gob.mx/c/H2019P3CNA/097.jpg,0,0.629870,Q3,source_jpeg,1,200,image/jpeg,116362,4ec05d75f3eed8937269a412e75cde6c46a5255b8332780f82ad88a4a5f5f9d4,1,
CN_PENDING_PAGE_MANIFEST_0.1,LTMD-CN3-G2019-VP098,LTMD-CN3-G2019,H2019P3CNA,2019,3,98,154,98,https://historico.conaliteg.gob.mx/c/H2019P3CNA/098.jpg,0,0.636364,Q3,source_jpeg,1,200,image/jpeg,108503,99082185baa117cf60cd8f693654c3b8bff8479e2146e5e13376f83f5b09c9fc,1,
CN_PENDING_PAGE_MANIFEST_0.1,LTMD-CN3-G2019-VP099,LTMD-CN3-G2019,H2019P3CNA,2019,3,99,154,99,https://historico.conaliteg.gob.mx/c/H2019P3CNA/099.jpg,0,0.642857,Q3,source_jpeg,1,200,image/jpeg,132673,799176b53449ddc38bbc9bdb7027bb1c40f0978f05ad392afab9427a0078d51c,1,
CN_PENDING_PAGE_MANIFEST_0.1,LTMD-CN3-G2019-VP100,LTMD-CN3-G2019,H2019P3CNA,2019,3,100,154,100,https://historico.conaliteg.gob.mx/c/H2019P3CNA/100.jpg,0,0.649351,Q3,source_jpeg,1,200,image/jpeg,76036,428cd2748666623d6fa2af59d10b5ba2dfe38ca635dcc2a4b15ffb84b6f071c0,1,
CN_PENDING_PAGE_MANIFEST_0.1,LTMD-CN3-G2019-VP101,LTMD-CN3-G2019,H2019P3CNA,2019,3,101,154,101,https://historico.conaliteg.gob.mx/c/H2019P3CNA/101.jpg,0,0.655844,Q3,source_jpeg,1,200,image/jpeg,66202,c8841d85aa9d13178bb67c2c41f9cdea9994da605c89a1e76bc839070daaae3a,1,
CN_PENDING_PAGE_MANIFEST_0.1,LTMD-CN3-G2019-VP102,LTMD-CN3-G2019,H2019P3CNA,2019,3,102,154,102,https://historico.conaliteg.gob.mx/c/H2019P3CNA/102.jpg,0,0.662338,Q3,source_jpeg,1,200,image/jpeg,434105,676fbb153aeeb65f6523c672c24e86a811def3899145f9220afc33e641285c28,1,
CN_PENDING_PAGE_MANIFEST_0.1,LTMD-CN3-G2019-VP103,LTMD-CN3-G2019,H2019P3CNA,2019,3,103,154,103,https://historico.conaliteg.gob.mx/c/H2019P3CNA/103.jpg,0,0.668831,Q3,source_jpeg,1,200,image/jpeg,26412,497cf3c2127d37300335af4adeab1e916ed826e94f2def43d65f9a52e8027690,1,
CN_PENDING_PAGE_MANIFEST_0.1,LTMD-CN3-G2019-VP104,LTMD-CN3-G2019,H2019P3CNA,2019,3,104,154,104,https://historico.conaliteg.gob.mx/c/H2019P3CNA/104.jpg,0,0.675325,Q3,source_jpeg,1,200,image/jpeg,258538,06b775b45ef064c2058ec5588a7ddd60a0dfc38f3865aa830033c5ffa2d418f1,1,
CN_PENDING_PAGE_MANIFEST_0.1,LTMD-CN3-G2019-VP105,LTMD-CN3-G2019,H2019P3CNA,2019,3,105,154,105,https://historico.conaliteg.gob.mx/c/H2019P3CNA/105.jpg,0,0.681818,Q3,source_jpeg,1,200,image/jpeg,118769,48a3aecab9071651e1ae62c44056c682c629fa6ce0055f129f818a93321ac5e3,1,
CN_PENDING_PAGE_MANIFEST_0.1,LTMD-CN3-G2019-VP106,LTMD-CN3-G2019,H2019P3CNA,2019,3,106,154,106,https://historico.conaliteg.gob.mx/c/H2019P3CNA/106.jpg,0,0.688312,Q3,source_jpeg,1,200,image/jpeg,114187,a2b0ee365166c504a138035d29d11f353d6340bafc7bb3774bd134ab13af1453,1,
CN_PENDING_PAGE_MANIFEST_0.1,LTMD-CN3-G2019-VP107,LTMD-CN3-G2019,H2019P3CNA,2019,3,107,154,107,https://historico.conaliteg.gob.mx/c/H2019P3CNA/107.jpg,0,0.694805,Q3,source_jpeg,1,200,image/jpeg,119602,4d4f1d88493bd9314bef7a220f01276d2fbd8fd8ff0698ce3ae38fe19edebe13,1,
CN_PENDING_PAGE_MANIFEST_0.1,LTMD-CN3-G2019-VP108,LTMD-CN3-G2019,H2019P3CNA,2019,3,108,154,108,https://historico.conaliteg.gob.mx/c/H2019P3CNA/108.jpg,0,0.701299,Q3,source_jpeg,1,200,image/jpeg,107575,3e6e1903a6aae1314d80fc13535816e2e8be229488185356821826b34b4717fd,1,
CN_PENDING_PAGE_MANIFEST_0.1,LTMD-CN3-G2019-VP109,LTMD-CN3-G2019,H2019P3CNA,2019,3,109,154,109,https://historico.conaliteg.gob.mx/c/H2019P3CNA/109.jpg,0,0.707792,Q3,source_jpeg,1,200,image/jpeg,120415,cd1140db6be304e10e0dcb82be2018ec623b1ebd13909fcc53a725963757636c,1,
CN_PENDING_PAGE_MANIFEST_0.1,LTMD-CN3-G2019-VP110,LTMD-CN3-G2019,H2019P3CNA,2019,3,110,154,110,https://historico.conaliteg.gob.mx/c/H2019P3CNA/110.jpg,0,0.714286,Q3,source_jpeg,1,200,image/jpeg,127686,9176d74909b7e20f31f0fcbb8a29fcdccbf5f1a677ad3282613a5779417a96db,1,
CN_PENDING_PAGE_MANIFEST_0.1,LTMD-CN3-G2019-VP111,LTMD-CN3-G2019,H2019P3CNA,2019,3,111,154,111,https://historico.conaliteg.gob.mx/c/H2019P3CNA/111.jpg,0,0.720779,Q3,source_jpeg,1,200,image/jpeg,80399,e86b9896ec6a35e05211525056fb1ef1d0d84eccc167bef59ab0ddeedd2884a0,1,
CN_PENDING_PAGE_MANIFEST_0.1,LTMD-CN3-G2019-VP112,LTMD-CN3-G2019,H2019P3CNA,2019,3,112,154,112,https://historico.conaliteg.gob.mx/c/H2019P3CNA/112.jpg,0,0.727273,Q3,source_jpeg,1,200,image/jpeg,126077,ed1a2defa6cecceb564ef0462004116d8dfab935dbcbefb1c298d0f5d9926db9,1,
CN_PENDING_PAGE_MANIFEST_0.1,LTMD-CN3-G2019-VP113,LTMD-CN3-G2019,H2019P3CNA,2019,3,113,154,113,https://historico.conaliteg.gob.mx/c/H2019P3CNA/113.jpg,0,0.733766,Q3,source_jpeg,1,200,image/jpeg,138652,d0762bdad16d21dbabdc71216b2350312dadc2d633d30f1f8a0c469ee60757d7,1,
CN_PENDING_PAGE_MANIFEST_0.1,LTMD-CN3-G2019-VP114,LTMD-CN3-G2019,H2019P3CNA,2019,3,114,154,114,https://historico.conaliteg.gob.mx/c/H2019P3CNA/114.jpg,0,0.740260,Q3,source_jpeg,1,200,image/jpeg,129577,39f3ca702c05a21cd5342bb07fa2f5b2891856613ce7d456bfa2f9dfd1f4c347,1,
CN_PENDING_PAGE_MANIFEST_0.1,LTMD-CN3-G2019-VP115,LTMD-CN3-G2019,H2019P3CNA,2019,3,115,154,115,https://historico.conaliteg.gob.mx/c/H2019P3CNA/115.jpg,0,0.746753,Q3,source_jpeg,1,200,image/jpeg,112442,c36ead6210cab4694da8ce7ed674b8d85c36105d07db1f857fb7ff917eada966,1,
CN_PENDING_PAGE_MANIFEST_0.1,LTMD-CN3-G2019-VP116,LTMD-CN3-G2019,H2019P3CNA,2019,3,116,154,116,https://historico.conaliteg.gob.mx/c/H2019P3CNA/116.jpg,0,0.753247,Q4,source_jpeg,1,200,image/jpeg,146771,519efd388933996e627151ef0c525732c124751b0332cacdca896152a2ec3351,1,
CN_PENDING_PAGE_MANIFEST_0.1,LTMD-CN3-G2019-VP117,LTMD-CN3-G2019,H2019P3CNA,2019,3,117,154,117,https://historico.conaliteg.gob.mx/c/H2019P3CNA/117.jpg,0,0.759740,Q4,source_jpeg,1,200,image/jpeg,115335,799d69791cce3c1d4f3162a64f0408c33f9489517427dd539ff132b022e1a0bc,1,
CN_PENDING_PAGE_MANIFEST_0.1,LTMD-CN3-G2019-VP118,LTMD-CN3-G2019,H2019P3CNA,2019,3,118,154,118,https://historico.conaliteg.gob.mx/c/H2019P3CNA/118.jpg,0,0.766234,Q4,source_jpeg,1,200,image/jpeg,164692,71afaf29506a07bc0ba0e500b0735758e96d651c82584a28ebde877854f6f57f,1,
CN_PENDING_PAGE_MANIFEST_0.1,LTMD-CN3-G2019-VP119,LTMD-CN3-G2019,H2019P3CNA,2019,3,119,154,119,https://historico.conaliteg.gob.mx/c/H2019P3CNA/119.jpg,0,0.772727,Q4,source_jpeg,1,200,image/jpeg,152707,a63ed3b3ea29216904b8f2de1f59be7f394807c1412e40f2b4efa06cff57ced2,1,
CN_PENDING_PAGE_MANIFEST_0.1,LTMD-CN3-G2019-VP120,LTMD-CN3-G2019,H2019P3CNA,2019,3,120,154,120,https://historico.conaliteg.gob.mx/c/H2019P3CNA/120.jpg,0,0.779221,Q4,source_jpeg,1,200,image/jpeg,93107,86c67d76897578a43a0fe2a1b504db6f1940402b004f8bf909615855d03cd894,1,
CN_PENDING_PAGE_MANIFEST_0.1,LTMD-CN3-G2019-VP121,LTMD-CN3-G2019,H2019P3CNA,2019,3,121,154,121,https://historico.conaliteg.gob.mx/c/H2019P3CNA/121.jpg,0,0.785714,Q4,source_jpeg,1,200,image/jpeg,134703,1d0eb2263eaa2092308b1b21d01f5deb195090cb2803101b180cac7c22991cc9,1,
CN_PENDING_PAGE_MANIFEST_0.1,LTMD-CN3-G2019-VP122,LTMD-CN3-G2019,H2019P3CNA,2019,3,122,154,122,https://historico.conaliteg.gob.mx/c/H2019P3CNA/122.jpg,0,0.792208,Q4,source_jpeg,1,200,image/jpeg,163144,840e8ab0f5b7d3e9ef8ac8a6b9137b41dd572c1eb0b4d809e13aecb5ef3152c5,1,
CN_PENDING_PAGE_MANIFEST_0.1,LTMD-CN3-G2019-VP123,LTMD-CN3-G2019,H2019P3CNA,2019,3,123,154,123,https://historico.conaliteg.gob.mx/c/H2019P3CNA/123.jpg,0,0.798701,Q4,source_jpeg,1,200,image/jpeg,112753,5944c8304376e5d419f2c0f6af7390ebc654339b0d6e486d9fa3d3fd464c1481,1,
CN_PENDING_PAGE_MANIFEST_0.1,LTMD-CN3-G2019-VP124,LTMD-CN3-G2019,H2019P3CNA,2019,3,124,154,124,https://historico.conaliteg.gob.mx/c/H2019P3CNA/124.jpg,0,0.805195,Q4,source_jpeg,1,200,image/jpeg,115802,2e52640499cbff4ea537cb2485f8a795e235564c60a29424e5f63f5c046d2859,1,
CN_PENDING_PAGE_MANIFEST_0.1,LTMD-CN3-G2019-VP125,LTMD-CN3-G2019,H2019P3CNA,2019,3,125,154,125,https://historico.conaliteg.gob.mx/c/H2019P3CNA/125.jpg,0,0.811688,Q4,source_jpeg,1,200,image/jpeg,110456,34156881cdb8afe7b81b92c91208bc5d73c29a01389bda8811be9ccab66b9d21,1,
CN_PENDING_PAGE_MANIFEST_0.1,LTMD-CN3-G2019-VP126,LTMD-CN3-G2019,H2019P3CNA,2019,3,126,154,126,https://historico.conaliteg.gob.mx/c/H2019P3CNA/126.jpg,0,0.818182,Q4,source_jpeg,1,200,image/jpeg,98951,c92689d01b86bdda563b7e69d0cc923ba678abe5ff7c5170bdec73450a7616a7,1,
CN_PENDING_PAGE_MANIFEST_0.1,LTMD-CN3-G2019-VP127,LTMD-CN3-G2019,H2019P3CNA,2019,3,127,154,127,https://historico.conaliteg.gob.mx/c/H2019P3CNA/127.jpg,0,0.824675,Q4,source_jpeg,1,200,image/jpeg,87164,198bcf7f445fe5d371540ad2fe9820816ece7b4ecbfaa1d2c95abb992c548963,1,
CN_PENDING_PAGE_MANIFEST_0.1,LTMD-CN3-G2019-VP128,LTMD-CN3-G2019,H2019P3CNA,2019,3,128,154,128,https://historico.conaliteg.gob.mx/c/H2019P3CNA/128.jpg,0,0.831169,Q4,source_jpeg,1,200,image/jpeg,64325,cfb3d45ed7af4bddf8c2ccc09797db68efd8511a8ccbf6afa893c9fadc5fa5f0,1,
CN_PENDING_PAGE_MANIFEST_0.1,LTMD-CN3-G2019-VP129,LTMD-CN3-G2019,H2019P3CNA,2019,3,129,154,129,https://historico.conaliteg.gob.mx/c/H2019P3CNA/129.jpg,0,0.837662,Q4,source_jpeg,1,200,image/jpeg,61152,79be0fdff84f8427b833512bff607e4dbab6816444782dae30350fbeec590ee1,1,
CN_PENDING_PAGE_MANIFEST_0.1,LTMD-CN3-G2019-VP130,LTMD-CN3-G2019,H2019P3CNA,2019,3,130,154,130,https://historico.conaliteg.gob.mx/c/H2019P3CNA/130.jpg,0,0.844156,Q4,source_jpeg,1,200,image/jpeg,75587,bff9d84a3f3e5773ac4d47764a17640bdc7f6b46721ed1d5ac2882961178065d,1,
CN_PENDING_PAGE_MANIFEST_0.1,LTMD-CN3-G2019-VP131,LTMD-CN3-G2019,H2019P3CNA,2019,3,131,154,131,https://historico.conaliteg.gob.mx/c/H2019P3CNA/131.jpg,0,0.850649,Q4,source_jpeg,1,200,image/jpeg,21330,1f9c92ed2bf343ac38242ff5bd6c57dbca7ffac9c72509fd18d8e1dce177e674,1,
CN_PENDING_PAGE_MANIFEST_0.1,LTMD-CN3-G2019-VP132,LTMD-CN3-G2019,H2019P3CNA,2019,3,132,154,132,https://historico.conaliteg.gob.mx/c/H2019P3CNA/132.jpg,0,0.857143,Q4,source_jpeg,1,200,image/jpeg,109181,84daf3aae74d7b365d2e090de3f81c72e4c43ec0e98dd9f9dc214050f0245852,1,
CN_PENDING_PAGE_MANIFEST_0.1,LTMD-CN3-G2019-VP133,LTMD-CN3-G2019,H2019P3CNA,2019,3,133,154,133,https://historico.conaliteg.gob.mx/c/H2019P3CNA/133.jpg,0,0.863636,Q4,source_jpeg,1,200,image/jpeg,94461,2cccaa6bff80a72ef4e05722219cbeb0d9bcebfa31b16ba93bafb89e1729a097,1,
CN_PENDING_PAGE_MANIFEST_0.1,LTMD-CN3-G2019-VP134,LTMD-CN3-G2019,H2019P3CNA,2019,3,134,154,134,https://historico.conaliteg.gob.mx/c/H2019P3CNA/134.jpg,0,0.870130,Q4,source_jpeg,1,200,image/jpeg,104974,f2e96f411072304ed4096834c3d7d684d881ccc3330d82d4c1ddd4e9ff7e6175,1,
CN_PENDING_PAGE_MANIFEST_0.1,LTMD-CN3-G2019-VP135,LTMD-CN3-G2019,H2019P3CNA,2019,3,135,154,135,https://historico.conaliteg.gob.mx/c/H2019P3CNA/135.jpg,0,0.876623,Q4,source_jpeg,1,200,image/jpeg,128827,be6426f00a8b861a433b5827e192b54ef2fffb435269e2addef6bcf65b5d9426,1,
CN_PENDING_PAGE_MANIFEST_0.1,LTMD-CN3-G2019-VP136,LTMD-CN3-G2019,H2019P3CNA,2019,3,136,154,136,https://historico.conaliteg.gob.mx/c/H2019P3CNA/136.jpg,0,0.883117,Q4,source_jpeg,1,200,image/jpeg,140889,732d43681454bc43ce6d54ce63e069fb7e5cdb0586de59bd9efeb1179d52c31e,1,
CN_PENDING_PAGE_MANIFEST_0.1,LTMD-CN3-G2019-VP137,LTMD-CN3-G2019,H2019P3CNA,2019,3,137,154,137,https://historico.conaliteg.gob.mx/c/H2019P3CNA/137.jpg,0,0.889610,Q4,source_jpeg,1,200,image/jpeg,137200,7893787e14dd53cdaf09167a1bef42c25b97aa0f9cc7f4933f151e28c9484ec5,1,
CN_PENDING_PAGE_MANIFEST_0.1,LTMD-CN3-G2019-VP138,LTMD-CN3-G2019,H2019P3CNA,2019,3,138,154,138,https://historico.conaliteg.gob.mx/c/H2019P3CNA/138.jpg,0,0.896104,Q4,source_jpeg,1,200,image/jpeg,86697,27d201b27fb67bbede3bf408e18a3831df1d88e9aeff2f5b5fc2b5396deb9f1e,1,
CN_PENDING_PAGE_MANIFEST_0.1,LTMD-CN3-G2019-VP139,LTMD-CN3-G2019,H2019P3CNA,2019,3,139,154,139,https://historico.conaliteg.gob.mx/c/H2019P3CNA/139.jpg,0,0.902597,Q4,source_jpeg,1,200,image/jpeg,106737,6a9bbec36290129f6885863ed499ab932db411d9f44858455b5d2a55673ff167,1,
CN_PENDING_PAGE_MANIFEST_0.1,LTMD-CN3-G2019-VP140,LTMD-CN3-G2019,H2019P3CNA,2019,3,140,154,140,https://historico.conaliteg.gob.mx/c/H2019P3CNA/140.jpg,0,0.909091,Q4,source_jpeg,1,200,image/jpeg,97117,4fcdbb4076d3144a1eeb6f2683bda051fe9a457d6458283b70ce9b07cac79abe,1,
CN_PENDING_PAGE_MANIFEST_0.1,LTMD-CN3-G2019-VP141,LTMD-CN3-G2019,H2019P3CNA,2019,3,141,154,141,https://historico.conaliteg.gob.mx/c/H2019P3CNA/141.jpg,0,0.915584,Q4,source_jpeg,1,200,image/jpeg,70493,7ce7724fbecb9ede4566fc2f6d80d05137fa0e126fbd8734bb0ff740e05849a1,1,
CN_PENDING_PAGE_MANIFEST_0.1,LTMD-CN3-G2019-VP142,LTMD-CN3-G2019,H2019P3CNA,2019,3,142,154,142,https://historico.conaliteg.gob.mx/c/H2019P3CNA/142.jpg,0,0.922078,Q4,source_jpeg,1,200,image/jpeg,67671,82c0ea121dfa7372712a0e73da4d0c51d524dd417857cfa16140443164f1a0f2,1,
CN_PENDING_PAGE_MANIFEST_0.1,LTMD-CN3-G2019-VP143,LTMD-CN3-G2019,H2019P3CNA,2019,3,143,154,143,https://historico.conaliteg.gob.mx/c/H2019P3CNA/143.jpg,0,0.928571,Q4,source_jpeg,1,200,image/jpeg,73987,874bbc265824a06d131e30081f839302ffc074eba10c49ebdc312d20983c74f6,1,
CN_PENDING_PAGE_MANIFEST_0.1,LTMD-CN3-G2019-VP144,LTMD-CN3-G2019,H2019P3CNA,2019,3,144,154,144,https://historico.conaliteg.gob.mx/c/H2019P3CNA/144.jpg,0,0.935065,Q4,source_jpeg,1,200,image/jpeg,193182,01088098a31db6ef695fce64dc98e196b2cf27fc5133801fb970b0176cdac9ee,1,
CN_PENDING_PAGE_MANIFEST_0.1,LTMD-CN3-G2019-VP145,LTMD-CN3-G2019,H2019P3CNA,2019,3,145,154,145,https://historico.conaliteg.gob.mx/c/H2019P3CNA/145.jpg,0,0.941558,Q4,source_jpeg,1,200,image/jpeg,96960,f491899e3721e5ded71839877c0c1600f2b30c3a9d22ef727bbee7c1c9477d5a,1,
CN_PENDING_PAGE_MANIFEST_0.1,LTMD-CN3-G2019-VP146,LTMD-CN3-G2019,H2019P3CNA,2019,3,146,154,146,https://historico.conaliteg.gob.mx/c/H2019P3CNA/146.jpg,0,0.948052,Q4,source_jpeg,1,200,image/jpeg,131507,986080113f5e8f5b4bf9ee193f2736c8cfceddfda1a662ab2721f8bb089eed4f,1,
CN_PENDING_PAGE_MANIFEST_0.1,LTMD-CN3-G2019-VP147,LTMD-CN3-G2019,H2019P3CNA,2019,3,147,154,147,https://historico.conaliteg.gob.mx/c/H2019P3CNA/147.jpg,0,0.954545,Q4,source_jpeg,1,200,image/jpeg,136677,14079944d1903ba6c447f616f248fc5ac5c43b4b896331f23eba8d26e58a8fac,1,
CN_PENDING_PAGE_MANIFEST_0.1,LTMD-CN3-G2019-VP148,LTMD-CN3-G2019,H2019P3CNA,2019,3,148,154,148,https://historico.conaliteg.gob.mx/c/H2019P3CNA/148.jpg,0,0.961039,Q4,source_jpeg,1,200,image/jpeg,156972,d33b7e8fcb49ad6e4210fe1a4010cf4f8493711a82cc203bb42c715edcb808b0,1,
CN_PENDING_PAGE_MANIFEST_0.1,LTMD-CN3-G2019-VP149,LTMD-CN3-G2019,H2019P3CNA,2019,3,149,154,149,https://historico.conaliteg.gob.mx/c/H2019P3CNA/149.jpg,0,0.967532,Q4,source_jpeg,1,200,image/jpeg,147012,9c3b9eed85470028e68a651a1a065e09fcd991f06630b472fe2d166a661f71ab,1,
CN_PENDING_PAGE_MANIFEST_0.1,LTMD-CN3-G2019-VP150,LTMD-CN3-G2019,H2019P3CNA,2019,3,150,154,150,https://historico.conaliteg.gob.mx/c/H2019P3CNA/150.jpg,0,0.974026,Q4,source_jpeg,1,200,image/jpeg,15428,958f31b968b7579087924344f18e60c405e6e5d73d267bf86886a3d1c0e898e1,1,
CN_PENDING_PAGE_MANIFEST_0.1,LTMD-CN3-G2019-VP151,LTMD-CN3-G2019,H2019P3CNA,2019,3,151,154,151,https://historico.conaliteg.gob.mx/c/H2019P3CNA/151.jpg,0,0.980519,Q4,source_jpeg,1,200,image/jpeg,101480,b5320b1746965c6237a45f07c582c6deb03ccfa7cda2d048d7b71bca32ee05c1,1,
CN_PENDING_PAGE_MANIFEST_0.1,LTMD-CN3-G2019-VP152,LTMD-CN3-G2019,H2019P3CNA,2019,3,152,154,152,https://historico.conaliteg.gob.mx/c/H2019P3CNA/152.jpg,0,0.987013,Q4,source_jpeg,1,200,image/jpeg,54162,0e7297ec10a3f8ec00575cac70bc625764035e51df88996f5d6ae38b0f0865aa,1,
CN_PENDING_PAGE_MANIFEST_0.1,LTMD-CN3-G2019-VP153,LTMD-CN3-G2019,H2019P3CNA,2019,3,153,154,153,https://historico.conaliteg.gob.mx/c/H2019P3CNA/153.jpg,0,0.993506,Q4,source_jpeg,1,200,image/jpeg,77904,59d1dfdac62f26eff063b7c1743bf57f89470a70c3d88531748d50d14a118b48,1,
CN_PENDING_PAGE_MANIFEST_0.1,LTMD-CN4-G1982-VP001,LTMD-CN4-G1982,H1982P4CI383,1982,4,1,215,0,https://historico.conaliteg.gob.mx/c/H1982P4CI383/000.jpg,0,0.004651,Q1,source_jpeg,1,200,image/jpeg,173203,bf521c8c77407f54c9ad3d4e335e124574be4ea73b6ac41f560501896ec4983c,1,
CN_PENDING_PAGE_MANIFEST_0.1,LTMD-CN4-G1982-VP002,LTMD-CN4-G1982,H1982P4CI383,1982,4,2,215,2,https://historico.conaliteg.gob.mx/c/H1982P4CI383/002.jpg,0,0.009302,Q1,source_jpeg,1,200,image/jpeg,16848,009f6618b2807a0a70497cbe294e0ed63d8b368661897d32ce59322b809a255a,1,
CN_PENDING_PAGE_MANIFEST_0.1,LTMD-CN4-G1982-VP003,LTMD-CN4-G1982,H1982P4CI383,1982,4,3,215,3,https://historico.conaliteg.gob.mx/c/H1982P4CI383/003.jpg,0,0.013953,Q1,source_jpeg,1,200,image/jpeg,20976,6a05010770942dba94a7ab35f9f0e6896976299359247989ac6e2e3e024d3157,1,
CN_PENDING_PAGE_MANIFEST_0.1,LTMD-CN4-G1982-VP004,LTMD-CN4-G1982,H1982P4CI383,1982,4,4,215,4,https://historico.conaliteg.gob.mx/c/H1982P4CI383/004.jpg,0,0.018605,Q1,source_jpeg,1,200,image/jpeg,40126,e262cd1c011aa5033246227b7aec90e260748623b95a40b6c811d572d8883f25,1,
CN_PENDING_PAGE_MANIFEST_0.1,LTMD-CN4-G1982-VP005,LTMD-CN4-G1982,H1982P4CI383,1982,4,5,215,5,https://historico.conaliteg.gob.mx/c/H1982P4CI383/005.jpg,0,0.023256,Q1,source_jpeg,1,200,image/jpeg,41365,c1a7e0c3a7b5516b14086077ddf0065daee8dbfe7be2b2344d0427c9d23b22cb,1,
CN_PENDING_PAGE_MANIFEST_0.1,LTMD-CN4-G1982-VP006,LTMD-CN4-G1982,H1982P4CI383,1982,4,6,215,6,https://historico.conaliteg.gob.mx/c/H1982P4CI383/006.jpg,0,0.027907,Q1,source_jpeg,1,200,image/jpeg,73121,72f68c30c355bae8e00e03e15e60e6618a420a8842c11bc377d25eed5e94ccb7,1,
CN_PENDING_PAGE_MANIFEST_0.1,LTMD-CN4-G1982-VP007,LTMD-CN4-G1982,H1982P4CI383,1982,4,7,215,7,https://historico.conaliteg.gob.mx/c/H1982P4CI383/007.jpg,0,0.032558,Q1,source_jpeg,1,200,image/jpeg,40884,71d713d45350e779c3c888a8dbc62f218464aac6372ff8c231a4e85e59680bf2,1,
CN_PENDING_PAGE_MANIFEST_0.1,LTMD-CN4-G1982-VP008,LTMD-CN4-G1982,H1982P4CI383,1982,4,8,215,8,https://historico.conaliteg.gob.mx/c/H1982P4CI383/008.jpg,0,0.037209,Q1,source_jpeg,1,200,image/jpeg,21038,6be3b204536ee5be14e4d63cd2422701cf81b807046a72142d980910b517da5b,1,
CN_PENDING_PAGE_MANIFEST_0.1,LTMD-CN4-G1982-VP009,LTMD-CN4-G1982,H1982P4CI383,1982,4,9,215,9,https://historico.conaliteg.gob.mx/c/H1982P4CI383/009.jpg,0,0.041860,Q1,source_jpeg,1,200,image/jpeg,36375,ac405c9e072c04497640fc515d9053dbce8fbe52917730c8d69589a315d23ed7,1,
CN_PENDING_PAGE_MANIFEST_0.1,LTMD-CN4-G1982-VP010,LTMD-CN4-G1982,H1982P4CI383,1982,4,10,215,10,https://historico.conaliteg.gob.mx/c/H1982P4CI383/010.jpg,0,0.046512,Q1,source_jpeg,1,200,image/jpeg,55987,605e3ecfdc15ef19e8bb0f9d5e1f6963392072ecc876d38590f93c30d118efd3,1,
CN_PENDING_PAGE_MANIFEST_0.1,LTMD-CN4-G1982-VP011,LTMD-CN4-G1982,H1982P4CI383,1982,4,11,215,11,https://historico.conaliteg.gob.mx/c/H1982P4CI383/011.jpg,0,0.051163,Q1,source_jpeg,1,200,image/jpeg,46925,73018003575a777a93a0553c6b244603d3202112432fc4be25f02f5b84a61708,1,
CN_PENDING_PAGE_MANIFEST_0.1,LTMD-CN4-G1982-VP012,LTMD-CN4-G1982,H1982P4CI383,1982,4,12,215,12,https://historico.conaliteg.gob.mx/c/H1982P4CI383/012.jpg,0,0.055814,Q1,source_jpeg,1,200,image/jpeg,41906,619debab556418f9af3c8b5239531827a8fcbaac5c7e1fdf7e859d9dd5f7afb9,1,
CN_PENDING_PAGE_MANIFEST_0.1,LTMD-CN4-G1982-VP013,LTMD-CN4-G1982,H1982P4CI383,1982,4,13,215,13,https://historico.conaliteg.gob.mx/c/H1982P4CI383/013.jpg,0,0.060465,Q1,source_jpeg,1,200,image/jpeg,60117,03a6d665d98d4fe0e57125b207ad07475b85229ad081b2b7d8e1caf5a8426502,1,
CN_PENDING_PAGE_MANIFEST_0.1,LTMD-CN4-G1982-VP014,LTMD-CN4-G1982,H1982P4CI383,1982,4,14,215,14,https://historico.conaliteg.gob.mx/c/H1982P4CI383/014.jpg,0,0.065116,Q1,source_jpeg,1,200,image/jpeg,50360,ca76099b5ed0418b7c4fdeba3b771855803724c33e283c10aa2904af7993461b,1,
CN_PENDING_PAGE_MANIFEST_0.1,LTMD-CN4-G1982-VP015,LTMD-CN4-G1982,H1982P4CI383,1982,4,15,215,15,https://historico.conaliteg.gob.mx/c/H1982P4CI383/015.jpg,0,0.069767,Q1,source_jpeg,1,200,image/jpeg,49777,9e14f2fca888d7621ecbfe4cb2801960bece2bc846d4e597917fc47742cfd33b,1,
CN_PENDING_PAGE_MANIFEST_0.1,LTMD-CN4-G1982-VP016,LTMD-CN4-G1982,H1982P4CI383,1982,4,16,215,16,https://historico.conaliteg.gob.mx/c/H1982P4CI383/016.jpg,0,0.074419,Q1,source_jpeg,1,200,image/jpeg,43363,a34e94761b9dfc4eec6f69c84f32075e4d459b919aa5d6e2b124f79a7192d87a,1,
CN_PENDING_PAGE_MANIFEST_0.1,LTMD-CN4-G1982-VP017,LTMD-CN4-G1982,H1982P4CI383,1982,4,17,215,17,https://historico.conaliteg.gob.mx/c/H1982P4CI383/017.jpg,0,0.079070,Q1,source_jpeg,1,200,image/jpeg,44557,24c3021c13cf6599f91bf7fad9e6d9126ca10013bc22905c578a99ea98c76b79,1,
CN_PENDING_PAGE_MANIFEST_0.1,LTMD-CN4-G1982-VP018,LTMD-CN4-G1982,H1982P4CI383,1982,4,18,215,18,https://historico.conaliteg.gob.mx/c/H1982P4CI383/018.jpg,0,0.083721,Q1,source_jpeg,1,200,image/jpeg,57023,f19687af0edf8e78a596b0d3bfbb6370b496dd9f4b57eaf8f5c344124d9b21de,1,
CN_PENDING_PAGE_MANIFEST_0.1,LTMD-CN4-G1982-VP019,LTMD-CN4-G1982,H1982P4CI383,1982,4,19,215,19,https://historico.conaliteg.gob.mx/c/H1982P4CI383/019.jpg,0,0.088372,Q1,source_jpeg,1,200,image/jpeg,38927,f60a328a90aad3d153c3ef79b453169105d7c4608b42a95d3321853b47687b60,1,
CN_PENDING_PAGE_MANIFEST_0.1,LTMD-CN4-G1982-VP020,LTMD-CN4-G1982,H1982P4CI383,1982,4,20,215,20,https://historico.conaliteg.gob.mx/c/H1982P4CI383/020.jpg,0,0.093023,Q1,source_jpeg,1,200,image/jpeg,50379,443939ea66e45d98a2876041d90ca3acab436dd166ab1f8fae47914b728f9141,1,
CN_PENDING_PAGE_MANIFEST_0.1,LTMD-CN4-G1982-VP021,LTMD-CN4-G1982,H1982P4CI383,1982,4,21,215,21,https://historico.conaliteg.gob.mx/c/H1982P4CI383/021.jpg,0,0.097674,Q1,source_jpeg,1,200,image/jpeg,49595,bb783fe1813701e8fc959680026bc0038f4168483ddd42e0265b58e47d4b6ce8,1,
CN_PENDING_PAGE_MANIFEST_0.1,LTMD-CN4-G1982-VP022,LTMD-CN4-G1982,H1982P4CI383,1982,4,22,215,22,https://historico.conaliteg.gob.mx/c/H1982P4CI383/022.jpg,0,0.102326,Q1,source_jpeg,1,200,image/jpeg,48725,75c94955a0d346ec0903a9050bf22c8d6aa126d147825d0060637903d6f453a1,1,
CN_PENDING_PAGE_MANIFEST_0.1,LTMD-CN4-G1982-VP023,LTMD-CN4-G1982,H1982P4CI383,1982,4,23,215,23,https://historico.conaliteg.gob.mx/c/H1982P4CI383/023.jpg,0,0.106977,Q1,source_jpeg,1,200,image/jpeg,52144,dc76f56bc0cae5cc3c0e9acc19129d60d602a1c33d5efd833c06267043fc419d,1,
CN_PENDING_PAGE_MANIFEST_0.1,LTMD-CN4-G1982-VP024,LTMD-CN4-G1982,H1982P4CI383,1982,4,24,215,24,https://historico.conaliteg.gob.mx/c/H1982P4CI383/024.jpg,0,0.111628,Q1,source_jpeg,1,200,image/jpeg,43528,a47fa538ae961b57de1bde334912595cc905244866e3532b83c81d8c6d7f228a,1,
CN_PENDING_PAGE_MANIFEST_0.1,LTMD-CN4-G1982-VP025,LTMD-CN4-G1982,H1982P4CI383,1982,4,25,215,25,https://historico.conaliteg.gob.mx/c/H1982P4CI383/025.jpg,0,0.116279,Q1,source_jpeg,1,200,image/jpeg,39959,72354b4f5a22d8f72ddc788df2949141b963c348c11f2a3dec4bdf9ca7f030ae,1,
CN_PENDING_PAGE_MANIFEST_0.1,LTMD-CN4-G1982-VP026,LTMD-CN4-G1982,H1982P4CI383,1982,4,26,215,26,https://historico.conaliteg.gob.mx/c/H1982P4CI383/026.jpg,0,0.120930,Q1,source_jpeg,1,200,image/jpeg,36186,cec91b4ce8d4ea21ebcfa26b3b5793c18300f33460dc85c3d07e45fbd0927a7d,1,
CN_PENDING_PAGE_MANIFEST_0.1,LTMD-CN4-G1982-VP027,LTMD-CN4-G1982,H1982P4CI383,1982,4,27,215,27,https://historico.conaliteg.gob.mx/c/H1982P4CI383/027.jpg,0,0.125581,Q1,source_jpeg,1,200,image/jpeg,35187,6c91d47d8570b87f2c53c16e76f2acba7b25614acad5782abf2048bbd6a95c5b,1,
CN_PENDING_PAGE_MANIFEST_0.1,LTMD-CN4-G1982-VP028,LTMD-CN4-G1982,H1982P4CI383,1982,4,28,215,28,https://historico.conaliteg.gob.mx/c/H1982P4CI383/028.jpg,0,0.130233,Q1,source_jpeg,1,200,image/jpeg,40962,9639327325ccd643189036956146c58056f3b652f75d752c3cc9c4da1f4c5447,1,
CN_PENDING_PAGE_MANIFEST_0.1,LTMD-CN4-G1982-VP029,LTMD-CN4-G1982,H1982P4CI383,1982,4,29,215,29,https://historico.conaliteg.gob.mx/c/H1982P4CI383/029.jpg,0,0.134884,Q1,source_jpeg,1,200,image/jpeg,42792,ad969291823df733bb9a3714a83da767e93b199af62b4bd3d10c453bd4d1a8e5,1,
CN_PENDING_PAGE_MANIFEST_0.1,LTMD-CN4-G1982-VP030,LTMD-CN4-G1982,H1982P4CI383,1982,4,30,215,30,https://historico.conaliteg.gob.mx/c/H1982P4CI383/030.jpg,0,0.139535,Q1,source_jpeg,1,200,image/jpeg,56609,13a5d73d249cf7c758ca4471dffe21384ee75c31b155d3953c2cb324c0426a0b,1,
CN_PENDING_PAGE_MANIFEST_0.1,LTMD-CN4-G1982-VP031,LTMD-CN4-G1982,H1982P4CI383,1982,4,31,215,31,https://historico.conaliteg.gob.mx/c/H1982P4CI383/031.jpg,0,0.144186,Q1,source_jpeg,1,200,image/jpeg,59640,1013eb702623d88344166fdb59a7d40539fed8c214c8cbf0af269b08d6d98097,1,
CN_PENDING_PAGE_MANIFEST_0.1,LTMD-CN4-G1982-VP032,LTMD-CN4-G1982,H1982P4CI383,1982,4,32,215,32,https://historico.conaliteg.gob.mx/c/H1982P4CI383/032.jpg,0,0.148837,Q1,source_jpeg,1,200,image/jpeg,51364,60bae38a460fa90989f97fd93dc9a2d4580d7c1c8dc9b35461b940d29bb86808,1,
CN_PENDING_PAGE_MANIFEST_0.1,LTMD-CN4-G1982-VP033,LTMD-CN4-G1982,H1982P4CI383,1982,4,33,215,33,https://historico.conaliteg.gob.mx/c/H1982P4CI383/033.jpg,0,0.153488,Q1,source_jpeg,1,200,image/jpeg,34759,926e45736fc6b13ee46f91ecfe6c037b34a31aefad770c33f07fe5669eb1fb75,1,
CN_PENDING_PAGE_MANIFEST_0.1,LTMD-CN4-G1982-VP034,LTMD-CN4-G1982,H1982P4CI383,1982,4,34,215,34,https://historico.conaliteg.gob.mx/c/H1982P4CI383/034.jpg,0,0.158140,Q1,source_jpeg,1,200,image/jpeg,46773,5b6287ac1e10dde0887e7269f04eb600cce5616f79967b4b597ceebca0aec503,1,
CN_PENDING_PAGE_MANIFEST_0.1,LTMD-CN4-G1982-VP035,LTMD-CN4-G1982,H1982P4CI383,1982,4,35,215,35,https://historico.conaliteg.gob.mx/c/H1982P4CI383/035.jpg,0,0.162791,Q1,source_jpeg,1,200,image/jpeg,43559,208ae986528f438dc288185fca7316f87a4d5bd54f94303b58d25eed475a5653,1,
CN_PENDING_PAGE_MANIFEST_0.1,LTMD-CN4-G1982-VP036,LTMD-CN4-G1982,H1982P4CI383,1982,4,36,215,36,https://historico.conaliteg.gob.mx/c/H1982P4CI383/036.jpg,0,0.167442,Q1,source_jpeg,1,200,image/jpeg,55691,bf9fb31f9c0074194f7459911b6bf9d0fd6cae38826400b21a57255f878649ee,1,
CN_PENDING_PAGE_MANIFEST_0.1,LTMD-CN4-G1982-VP037,LTMD-CN4-G1982,H1982P4CI383,1982,4,37,215,37,https://historico.conaliteg.gob.mx/c/H1982P4CI383/037.jpg,0,0.172093,Q1,source_jpeg,1,200,image/jpeg,40070,e92a9012f32d76a1bc0025b05635006efcbcdec2a86b93f7ac30d8382b97b26e,1,
CN_PENDING_PAGE_MANIFEST_0.1,LTMD-CN4-G1982-VP038,LTMD-CN4-G1982,H1982P4CI383,1982,4,38,215,38,https://historico.conaliteg.gob.mx/c/H1982P4CI383/038.jpg,0,0.176744,Q1,source_jpeg,1,200,image/jpeg,38142,5c558a57b530e86c85f13b890084fa81cd5cbdd1606f59a84aeec9ab90c28fe5,1,
CN_PENDING_PAGE_MANIFEST_0.1,LTMD-CN4-G1982-VP039,LTMD-CN4-G1982,H1982P4CI383,1982,4,39,215,39,https://historico.conaliteg.gob.mx/c/H1982P4CI383/039.jpg,0,0.181395,Q1,source_jpeg,1,200,image/jpeg,45571,6fcf00baecc4aac46742dd47720f3d6810654707338c1513eb3acc51b1a16274,1,
CN_PENDING_PAGE_MANIFEST_0.1,LTMD-CN4-G1982-VP040,LTMD-CN4-G1982,H1982P4CI383,1982,4,40,215,40,https://historico.conaliteg.gob.mx/c/H1982P4CI383/040.jpg,0,0.186047,Q1,source_jpeg,1,200,image/jpeg,54676,41ad8a6b1ea2a5df6131b5820957fe2f0cfafde0144b247945d73eceb2691975,1,
CN_PENDING_PAGE_MANIFEST_0.1,LTMD-CN4-G1982-VP041,LTMD-CN4-G1982,H1982P4CI383,1982,4,41,215,41,https://historico.conaliteg.gob.mx/c/H1982P4CI383/041.jpg,0,0.190698,Q1,source_jpeg,1,200,image/jpeg,47976,093fc7c331219b5dc17404e5f9ed629138a90bef7eb9e8554251fca312f4a43e,1,
CN_PENDING_PAGE_MANIFEST_0.1,LTMD-CN4-G1982-VP042,LTMD-CN4-G1982,H1982P4CI383,1982,4,42,215,42,https://historico.conaliteg.gob.mx/c/H1982P4CI383/042.jpg,0,0.195349,Q1,source_jpeg,1,200,image/jpeg,52006,79021830d5b7f7ab7734cebed3fc49cec9311e16247ec9321c26f0464fc4f9fb,1,
CN_PENDING_PAGE_MANIFEST_0.1,LTMD-CN4-G1982-VP043,LTMD-CN4-G1982,H1982P4CI383,1982,4,43,215,43,https://historico.conaliteg.gob.mx/c/H1982P4CI383/043.jpg,0,0.200000,Q1,source_jpeg,1,200,image/jpeg,44640,8100fff91af07c679614e15ddf4678ad77ad4d23d8cfac1c9e972b588519bb58,1,
CN_PENDING_PAGE_MANIFEST_0.1,LTMD-CN4-G1982-VP044,LTMD-CN4-G1982,H1982P4CI383,1982,4,44,215,44,https://historico.conaliteg.gob.mx/c/H1982P4CI383/044.jpg,0,0.204651,Q1,source_jpeg,1,200,image/jpeg,41480,510db0983dd1f191a107df40b7d6a3290b10fb773a6848fe587ea038238310d1,1,
CN_PENDING_PAGE_MANIFEST_0.1,LTMD-CN4-G1982-VP045,LTMD-CN4-G1982,H1982P4CI383,1982,4,45,215,45,https://historico.conaliteg.gob.mx/c/H1982P4CI383/045.jpg,0,0.209302,Q1,source_jpeg,1,200,image/jpeg,55821,4b7bf086916726434f799b69ff950f7c9046cd8b80a5a75b8370715c6e3559c5,1,
CN_PENDING_PAGE_MANIFEST_0.1,LTMD-CN4-G1982-VP046,LTMD-CN4-G1982,H1982P4CI383,1982,4,46,215,46,https://historico.conaliteg.gob.mx/c/H1982P4CI383/046.jpg,0,0.213953,Q1,source_jpeg,1,200,image/jpeg,55543,d076433a2a0eff01c18da756425af17d32010b578c788b2d12c9b76e78cf0f3d,1,
CN_PENDING_PAGE_MANIFEST_0.1,LTMD-CN4-G1982-VP047,LTMD-CN4-G1982,H1982P4CI383,1982,4,47,215,47,https://historico.conaliteg.gob.mx/c/H1982P4CI383/047.jpg,0,0.218605,Q1,source_jpeg,1,200,image/jpeg,63580,6a79b7f73f6c92130038a897adfaf0b6df827ff6c1afa282ae06a388c191a17c,1,
CN_PENDING_PAGE_MANIFEST_0.1,LTMD-CN4-G1982-VP048,LTMD-CN4-G1982,H1982P4CI383,1982,4,48,215,48,https://historico.conaliteg.gob.mx/c/H1982P4CI383/048.jpg,0,0.223256,Q1,source_jpeg,1,200,image/jpeg,51588,7b7855c5c428cb40abf7717c49bbb5479f9929dce40b153c84460521f1548cef,1,
CN_PENDING_PAGE_MANIFEST_0.1,LTMD-CN4-G1982-VP049,LTMD-CN4-G1982,H1982P4CI383,1982,4,49,215,49,https://historico.conaliteg.gob.mx/c/H1982P4CI383/049.jpg,0,0.227907,Q1,source_jpeg,1,200,image/jpeg,39296,ddf9c08a1d56af39b8c1166de158c90f047e1548951c2c3a5a0ed4204126d84b,1,
CN_PENDING_PAGE_MANIFEST_0.1,LTMD-CN4-G1982-VP050,LTMD-CN4-G1982,H1982P4CI383,1982,4,50,215,50,https://historico.conaliteg.gob.mx/c/H1982P4CI383/050.jpg,0,0.232558,Q1,source_jpeg,1,200,image/jpeg,43350,bf5fc1f8ac0d183e143ffb0534b370cef32672a9ab4ffd6bcc4643cc5aea041d,1,
CN_PENDING_PAGE_MANIFEST_0.1,LTMD-CN4-G1982-VP051,LTMD-CN4-G1982,H1982P4CI383,1982,4,51,215,51,https://historico.conaliteg.gob.mx/c/H1982P4CI383/051.jpg,0,0.237209,Q1,source_jpeg,1,200,image/jpeg,46114,b91b6ad25a7a7172cca49ce04304f8ec2aaa403b6c5b63b97255b13e42eb0943,1,
CN_PENDING_PAGE_MANIFEST_0.1,LTMD-CN4-G1982-VP052,LTMD-CN4-G1982,H1982P4CI383,1982,4,52,215,52,https://historico.conaliteg.gob.mx/c/H1982P4CI383/052.jpg,0,0.241860,Q1,source_jpeg,1,200,image/jpeg,47596,f7cb63a2c759c04984e525dfdb4228cad9c2e85e20e3606b95a097f91de4f5d1,1,
CN_PENDING_PAGE_MANIFEST_0.1,LTMD-CN4-G1982-VP053,LTMD-CN4-G1982,H1982P4CI383,1982,4,53,215,53,https://historico.conaliteg.gob.mx/c/H1982P4CI383/053.jpg,0,0.246512,Q1,source_jpeg,1,200,image/jpeg,45584,d1124324de930f03112814ace85809241763fc412f043da582ff417483f46f8d,1,
CN_PENDING_PAGE_MANIFEST_0.1,LTMD-CN4-G1982-VP054,LTMD-CN4-G1982,H1982P4CI383,1982,4,54,215,54,https://historico.conaliteg.gob.mx/c/H1982P4CI383/054.jpg,0,0.251163,Q2,source_jpeg,1,200,image/jpeg,48352,2db94c6df494d0fd59e84f3ee3f60111611bf4b00b7eb7fe454eb7b278bd17a8,1,
CN_PENDING_PAGE_MANIFEST_0.1,LTMD-CN4-G1982-VP055,LTMD-CN4-G1982,H1982P4CI383,1982,4,55,215,55,https://historico.conaliteg.gob.mx/c/H1982P4CI383/055.jpg,0,0.255814,Q2,source_jpeg,1,200,image/jpeg,44325,50c8b6114370ef03706e80c6908b18297af65c0e399b36e1583308a380c8cf83,1,
CN_PENDING_PAGE_MANIFEST_0.1,LTMD-CN4-G1982-VP056,LTMD-CN4-G1982,H1982P4CI383,1982,4,56,215,56,https://historico.conaliteg.gob.mx/c/H1982P4CI383/056.jpg,0,0.260465,Q2,source_jpeg,1,200,image/jpeg,45045,089f7daf59fc1b326f4507c3e1d1ce521df0fa40f718e53d1bf1e2695f63f8a5,1,
CN_PENDING_PAGE_MANIFEST_0.1,LTMD-CN4-G1982-VP057,LTMD-CN4-G1982,H1982P4CI383,1982,4,57,215,57,https://historico.conaliteg.gob.mx/c/H1982P4CI383/057.jpg,0,0.265116,Q2,source_jpeg,1,200,image/jpeg,48243,9f8a652ce672c00017a9020608013a77926f2e1bb361a4645ef52a1ff5357b26,1,
CN_PENDING_PAGE_MANIFEST_0.1,LTMD-CN4-G1982-VP058,LTMD-CN4-G1982,H1982P4CI383,1982,4,58,215,58,https://historico.conaliteg.gob.mx/c/H1982P4CI383/058.jpg,0,0.269767,Q2,source_jpeg,1,200,image/jpeg,46702,18ca093e4f3045d901a52552fb65aca12e50e35c5726ac84da2438976525a2a9,1,
CN_PENDING_PAGE_MANIFEST_0.1,LTMD-CN4-G1982-VP059,LTMD-CN4-G1982,H1982P4CI383,1982,4,59,215,59,https://historico.conaliteg.gob.mx/c/H1982P4CI383/059.jpg,0,0.274419,Q2,source_jpeg,1,200,image/jpeg,60510,dec12243cdfaa3cee51d5e741bec311ea80de293fb16879d1a60e5849ba2fd9f,1,
CN_PENDING_PAGE_MANIFEST_0.1,LTMD-CN4-G1982-VP060,LTMD-CN4-G1982,H1982P4CI383,1982,4,60,215,60,https://historico.conaliteg.gob.mx/c/H1982P4CI383/060.jpg,0,0.279070,Q2,source_jpeg,1,200,image/jpeg,56988,e004ca0ce928338ec33c51dcfd7cf7b6fbcbbe71c01780b26d1a17280a5c81f6,1,
CN_PENDING_PAGE_MANIFEST_0.1,LTMD-CN4-G1982-VP061,LTMD-CN4-G1982,H1982P4CI383,1982,4,61,215,61,https://historico.conaliteg.gob.mx/c/H1982P4CI383/061.jpg,0,0.283721,Q2,source_jpeg,1,200,image/jpeg,48297,89096741ef2f20234857fbe862770004cd88b99b27ee94a6dbad167061f38232,1,
CN_PENDING_PAGE_MANIFEST_0.1,LTMD-CN4-G1982-VP062,LTMD-CN4-G1982,H1982P4CI383,1982,4,62,215,62,https://historico.conaliteg.gob.mx/c/H1982P4CI383/062.jpg,0,0.288372,Q2,source_jpeg,1,200,image/jpeg,53807,7a0756fb004b3c5a50ab0223023e813b792cfd5ca44702e71abc12ec59b754a7,1,
CN_PENDING_PAGE_MANIFEST_0.1,LTMD-CN4-G1982-VP063,LTMD-CN4-G1982,H1982P4CI383,1982,4,63,215,63,https://historico.conaliteg.gob.mx/c/H1982P4CI383/063.jpg,0,0.293023,Q2,source_jpeg,1,200,image/jpeg,55913,4d9e3fff04cda49c00d8264491f26d0b51b152dc67aba79a17efebe475e1c514,1,
CN_PENDING_PAGE_MANIFEST_0.1,LTMD-CN4-G1982-VP064,LTMD-CN4-G1982,H1982P4CI383,1982,4,64,215,64,https://historico.conaliteg.gob.mx/c/H1982P4CI383/064.jpg,0,0.297674,Q2,source_jpeg,1,200,image/jpeg,45533,0141ebfefab83ca14c1fbd215a078166579e405d449b377267e96eb048b6348d,1,
CN_PENDING_PAGE_MANIFEST_0.1,LTMD-CN4-G1982-VP065,LTMD-CN4-G1982,H1982P4CI383,1982,4,65,215,65,https://historico.conaliteg.gob.mx/c/H1982P4CI383/065.jpg,0,0.302326,Q2,source_jpeg,1,200,image/jpeg,39839,319c575637167002cef171ce87e5ec9259a119e488ac7e03fbda55566f1f2317,1,
CN_PENDING_PAGE_MANIFEST_0.1,LTMD-CN4-G1982-VP066,LTMD-CN4-G1982,H1982P4CI383,1982,4,66,215,66,https://historico.conaliteg.gob.mx/c/H1982P4CI383/066.jpg,0,0.306977,Q2,source_jpeg,1,200,image/jpeg,38828,8bbab91b79a3e1b1d119fe645aa8556197a948cb07d09b52209d2af497654ed0,1,
CN_PENDING_PAGE_MANIFEST_0.1,LTMD-CN4-G1982-VP067,LTMD-CN4-G1982,H1982P4CI383,1982,4,67,215,67,https://historico.conaliteg.gob.mx/c/H1982P4CI383/067.jpg,0,0.311628,Q2,source_jpeg,1,200,image/jpeg,44504,d0ac2245430ab0be083773ab6ce3ada6595a2d6f3e064a85bb8e5c59d71cce6e,1,
CN_PENDING_PAGE_MANIFEST_0.1,LTMD-CN4-G1982-VP068,LTMD-CN4-G1982,H1982P4CI383,1982,4,68,215,68,https://historico.conaliteg.gob.mx/c/H1982P4CI383/068.jpg,0,0.316279,Q2,source_jpeg,1,200,image/jpeg,49437,38f925ce5d5fda0a35a54820f71f153a97640a8df68ad8a2d2b19b15d8daf832,1,
CN_PENDING_PAGE_MANIFEST_0.1,LTMD-CN4-G1982-VP069,LTMD-CN4-G1982,H1982P4CI383,1982,4,69,215,69,https://historico.conaliteg.gob.mx/c/H1982P4CI383/069.jpg,0,0.320930,Q2,source_jpeg,1,200,image/jpeg,58213,582f961ed3e9f13a335ad9c345108dc2a66df2bfba7142557f95457361cd8f6e,1,
CN_PENDING_PAGE_MANIFEST_0.1,LTMD-CN4-G1982-VP070,LTMD-CN4-G1982,H1982P4CI383,1982,4,70,215,70,https://historico.conaliteg.gob.mx/c/H1982P4CI383/070.jpg,0,0.325581,Q2,source_jpeg,1,200,image/jpeg,49696,8d65a69d494ec4eba7c9eb9e7ee208575c78d8a58674268649af3cecc12aba89,1,
CN_PENDING_PAGE_MANIFEST_0.1,LTMD-CN4-G1982-VP071,LTMD-CN4-G1982,H1982P4CI383,1982,4,71,215,71,https://historico.conaliteg.gob.mx/c/H1982P4CI383/071.jpg,0,0.330233,Q2,source_jpeg,1,200,image/jpeg,52157,85ed296570534df1bf30f846f4c170673948e47de5bb1a889808409e66873720,1,
CN_PENDING_PAGE_MANIFEST_0.1,LTMD-CN4-G1982-VP072,LTMD-CN4-G1982,H1982P4CI383,1982,4,72,215,72,https://historico.conaliteg.gob.mx/c/H1982P4CI383/072.jpg,0,0.334884,Q2,source_jpeg,1,200,image/jpeg,50232,c22169342d5917dcc2d2f65c8a50dd3570c4ab2899ca4f7ec3caf92fae8c8296,1,
CN_PENDING_PAGE_MANIFEST_0.1,LTMD-CN4-G1982-VP073,LTMD-CN4-G1982,H1982P4CI383,1982,4,73,215,73,https://historico.conaliteg.gob.mx/c/H1982P4CI383/073.jpg,0,0.339535,Q2,source_jpeg,1,200,image/jpeg,53478,456644d2d5b4605a01d497c17550a504915ca03d1ae16c67697e97cf3649623d,1,
CN_PENDING_PAGE_MANIFEST_0.1,LTMD-CN4-G1982-VP074,LTMD-CN4-G1982,H1982P4CI383,1982,4,74,215,74,https://historico.conaliteg.gob.mx/c/H1982P4CI383/074.jpg,0,0.344186,Q2,source_jpeg,1,200,image/jpeg,56183,5e34a0f3cd4ee67b50e71cc6660890e30706fa4678667c3c789067d0ae3c7e2e,1,
CN_PENDING_PAGE_MANIFEST_0.1,LTMD-CN4-G1982-VP075,LTMD-CN4-G1982,H1982P4CI383,1982,4,75,215,75,https://historico.conaliteg.gob.mx/c/H1982P4CI383/075.jpg,0,0.348837,Q2,source_jpeg,1,200,image/jpeg,51471,36f009012176ed00e7ba4f7b5b94e26df4acb940e27afbdefb6a3143570b5607,1,
CN_PENDING_PAGE_MANIFEST_0.1,LTMD-CN4-G1982-VP076,LTMD-CN4-G1982,H1982P4CI383,1982,4,76,215,76,https://historico.conaliteg.gob.mx/c/H1982P4CI383/076.jpg,0,0.353488,Q2,source_jpeg,1,200,image/jpeg,50043,3da8d14cbda54b0bd5dd5f86d6c0cd44451f2b075d0c418fd8183b22cc3fc2a6,1,
CN_PENDING_PAGE_MANIFEST_0.1,LTMD-CN4-G1982-VP077,LTMD-CN4-G1982,H1982P4CI383,1982,4,77,215,77,https://historico.conaliteg.gob.mx/c/H1982P4CI383/077.jpg,0,0.358140,Q2,source_jpeg,1,200,image/jpeg,34952,65b2b0e73fd0e69b8e0dff379bb533651c4b901c82f388b1be89efd313d0c83a,1,
CN_PENDING_PAGE_MANIFEST_0.1,LTMD-CN4-G1982-VP078,LTMD-CN4-G1982,H1982P4CI383,1982,4,78,215,78,https://historico.conaliteg.gob.mx/c/H1982P4CI383/078.jpg,0,0.362791,Q2,source_jpeg,1,200,image/jpeg,43972,cb825867e7ccd4a1256dc4f1f8c5e719c8160a25b458c9bf3486d39927db8646,1,
CN_PENDING_PAGE_MANIFEST_0.1,LTMD-CN4-G1982-VP079,LTMD-CN4-G1982,H1982P4CI383,1982,4,79,215,79,https://historico.conaliteg.gob.mx/c/H1982P4CI383/079.jpg,0,0.367442,Q2,source_jpeg,1,200,image/jpeg,49875,a43f5fefd54481adca8d0011c2b8443a3a2842c5d7d58fad68b03cc66b3e2085,1,
CN_PENDING_PAGE_MANIFEST_0.1,LTMD-CN4-G1982-VP080,LTMD-CN4-G1982,H1982P4CI383,1982,4,80,215,80,https://historico.conaliteg.gob.mx/c/H1982P4CI383/080.jpg,0,0.372093,Q2,source_jpeg,1,200,image/jpeg,49590,a45889f28156633f124324ce057258f812082313ae7bb9a266b233d4be7bb47d,1,
CN_PENDING_PAGE_MANIFEST_0.1,LTMD-CN4-G1982-VP081,LTMD-CN4-G1982,H1982P4CI383,1982,4,81,215,81,https://historico.conaliteg.gob.mx/c/H1982P4CI383/081.jpg,0,0.376744,Q2,source_jpeg,1,200,image/jpeg,47179,f01bbdf470c525d42b3197dd59da6fd362e17acb35618b73c13ccf4d3c089cc2,1,
CN_PENDING_PAGE_MANIFEST_0.1,LTMD-CN4-G1982-VP082,LTMD-CN4-G1982,H1982P4CI383,1982,4,82,215,82,https://historico.conaliteg.gob.mx/c/H1982P4CI383/082.jpg,0,0.381395,Q2,source_jpeg,1,200,image/jpeg,40285,5956bb25a51fa352f9efd5b6e45846a7ddc6d1d7645f5f1b88a99c56ea30f771,1,
CN_PENDING_PAGE_MANIFEST_0.1,LTMD-CN4-G1982-VP083,LTMD-CN4-G1982,H1982P4CI383,1982,4,83,215,83,https://historico.conaliteg.gob.mx/c/H1982P4CI383/083.jpg,0,0.386047,Q2,source_jpeg,1,200,image/jpeg,50317,bb61421fc895e2dd24fa83356483ec7dc19cfb68d5198db744b0ab09ed409860,1,
CN_PENDING_PAGE_MANIFEST_0.1,LTMD-CN4-G1982-VP084,LTMD-CN4-G1982,H1982P4CI383,1982,4,84,215,84,https://historico.conaliteg.gob.mx/c/H1982P4CI383/084.jpg,0,0.390698,Q2,source_jpeg,1,200,image/jpeg,54307,f666ad26055eaa7adb6591ed112963047e0fa67728b5b59792e7ed6d572d583f,1,
CN_PENDING_PAGE_MANIFEST_0.1,LTMD-CN4-G1982-VP085,LTMD-CN4-G1982,H1982P4CI383,1982,4,85,215,85,https://historico.conaliteg.gob.mx/c/H1982P4CI383/085.jpg,0,0.395349,Q2,source_jpeg,1,200,image/jpeg,56111,d155186d2ddbe26f3ec89c9c0ab9fbd3ba87367338bf8a46ac050aae135c8874,1,
CN_PENDING_PAGE_MANIFEST_0.1,LTMD-CN4-G1982-VP086,LTMD-CN4-G1982,H1982P4CI383,1982,4,86,215,86,https://historico.conaliteg.gob.mx/c/H1982P4CI383/086.jpg,0,0.400000,Q2,source_jpeg,1,200,image/jpeg,70943,39248549efc9a2c526faab2bf24f5589852226cf1eafc1c06f016e00cb192c7d,1,
CN_PENDING_PAGE_MANIFEST_0.1,LTMD-CN4-G1982-VP087,LTMD-CN4-G1982,H1982P4CI383,1982,4,87,215,87,https://historico.conaliteg.gob.mx/c/H1982P4CI383/087.jpg,0,0.404651,Q2,source_jpeg,1,200,image/jpeg,35734,822c2548822986fcb819877668ae475404bed793511eca883083617486b306f5,1,
CN_PENDING_PAGE_MANIFEST_0.1,LTMD-CN4-G1982-VP088,LTMD-CN4-G1982,H1982P4CI383,1982,4,88,215,88,https://historico.conaliteg.gob.mx/c/H1982P4CI383/088.jpg,0,0.409302,Q2,source_jpeg,1,200,image/jpeg,45198,4a81e7c95eecaf7db3c3d4fff2184603818ae832c01ba8cf67ae15015456c3e6,1,
CN_PENDING_PAGE_MANIFEST_0.1,LTMD-CN4-G1982-VP089,LTMD-CN4-G1982,H1982P4CI383,1982,4,89,215,89,https://historico.conaliteg.gob.mx/c/H1982P4CI383/089.jpg,0,0.413953,Q2,source_jpeg,1,200,image/jpeg,47318,d8a0f0e20dc3792082b77a46b45364f2c8caf01fb84ec88a262b8924b5b44845,1,
CN_PENDING_PAGE_MANIFEST_0.1,LTMD-CN4-G1982-VP090,LTMD-CN4-G1982,H1982P4CI383,1982,4,90,215,90,https://historico.conaliteg.gob.mx/c/H1982P4CI383/090.jpg,0,0.418605,Q2,source_jpeg,1,200,image/jpeg,45288,06ab6419421a82dccd0ab489830acf3547c3010b335980ebad92454e85319299,1,
CN_PENDING_PAGE_MANIFEST_0.1,LTMD-CN4-G1982-VP091,LTMD-CN4-G1982,H1982P4CI383,1982,4,91,215,91,https://historico.conaliteg.gob.mx/c/H1982P4CI383/091.jpg,0,0.423256,Q2,source_jpeg,1,200,image/jpeg,28516,6bb85eafcf43309d2d317cfc55e01516f70004f0a2a45dd6b8e379be00f90edc,1,
CN_PENDING_PAGE_MANIFEST_0.1,LTMD-CN4-G1982-VP092,LTMD-CN4-G1982,H1982P4CI383,1982,4,92,215,92,https://historico.conaliteg.gob.mx/c/H1982P4CI383/092.jpg,0,0.427907,Q2,source_jpeg,1,200,image/jpeg,51078,eb42932db38975e4aad499ff11a67392a3b8e51b83f74ca84e1fa059e61cf848,1,
CN_PENDING_PAGE_MANIFEST_0.1,LTMD-CN4-G1982-VP093,LTMD-CN4-G1982,H1982P4CI383,1982,4,93,215,93,https://historico.conaliteg.gob.mx/c/H1982P4CI383/093.jpg,0,0.432558,Q2,source_jpeg,1,200,image/jpeg,51343,d9a3b063361ee5f209dc4a0d9af58ba9f5e40d1510f4399401f533354b202c76,1,
CN_PENDING_PAGE_MANIFEST_0.1,LTMD-CN4-G1982-VP094,LTMD-CN4-G1982,H1982P4CI383,1982,4,94,215,94,https://historico.conaliteg.gob.mx/c/H1982P4CI383/094.jpg,0,0.437209,Q2,source_jpeg,1,200,image/jpeg,37073,dfcf71783c125cfb505af1dd651209c59bf4d9758a120bfa37c7a88063de665f,1,
CN_PENDING_PAGE_MANIFEST_0.1,LTMD-CN4-G1982-VP095,LTMD-CN4-G1982,H1982P4CI383,1982,4,95,215,95,https://historico.conaliteg.gob.mx/c/H1982P4CI383/095.jpg,0,0.441860,Q2,source_jpeg,1,200,image/jpeg,40018,24df73123c83cea481abd13381e4c75d2cc72d65ace3f109d8207cb691324d50,1,
CN_PENDING_PAGE_MANIFEST_0.1,LTMD-CN4-G1982-VP096,LTMD-CN4-G1982,H1982P4CI383,1982,4,96,215,96,https://historico.conaliteg.gob.mx/c/H1982P4CI383/096.jpg,0,0.446512,Q2,source_jpeg,1,200,image/jpeg,39667,1cf82341c86b9f0aa9b11ed41193c3915070c3c5af181bd194ad683abc5bac24,1,
CN_PENDING_PAGE_MANIFEST_0.1,LTMD-CN4-G1982-VP097,LTMD-CN4-G1982,H1982P4CI383,1982,4,97,215,97,https://historico.conaliteg.gob.mx/c/H1982P4CI383/097.jpg,0,0.451163,Q2,source_jpeg,1,200,image/jpeg,39146,56ab33832ad41ef1efcfdf938b72ae5a7271965faf8ea47e8264f5717e46eed4,1,
CN_PENDING_PAGE_MANIFEST_0.1,LTMD-CN4-G1982-VP098,LTMD-CN4-G1982,H1982P4CI383,1982,4,98,215,98,https://historico.conaliteg.gob.mx/c/H1982P4CI383/098.jpg,0,0.455814,Q2,source_jpeg,1,200,image/jpeg,38203,44dca4fb6e9af31aa81c2ca3bb2c6590d56688ea2c36b88722d3eed083a998f7,1,
CN_PENDING_PAGE_MANIFEST_0.1,LTMD-CN4-G1982-VP099,LTMD-CN4-G1982,H1982P4CI383,1982,4,99,215,99,https://historico.conaliteg.gob.mx/c/H1982P4CI383/099.jpg,0,0.460465,Q2,source_jpeg,1,200,image/jpeg,45786,12a024279aa9f6a14fa7dfa6e9a132ed916f378c53f0b87bbfcfd75b7afa71d3,1,
CN_PENDING_PAGE_MANIFEST_0.1,LTMD-CN4-G1982-VP100,LTMD-CN4-G1982,H1982P4CI383,1982,4,100,215,100,https://historico.conaliteg.gob.mx/c/H1982P4CI383/100.jpg,0,0.465116,Q2,source_jpeg,1,200,image/jpeg,40116,e2d902680c111e2f22e868c15c70b5dad192b77d4fc05394970a065cea5eadfb,1,
CN_PENDING_PAGE_MANIFEST_0.1,LTMD-CN4-G1982-VP101,LTMD-CN4-G1982,H1982P4CI383,1982,4,101,215,101,https://historico.conaliteg.gob.mx/c/H1982P4CI383/101.jpg,0,0.469767,Q2,source_jpeg,1,200,image/jpeg,43573,c2d31f72fb265c6c2f0bf0a0af7fba50b25d9fa21451afe973301f39ab519517,1,
CN_PENDING_PAGE_MANIFEST_0.1,LTMD-CN4-G1982-VP102,LTMD-CN4-G1982,H1982P4CI383,1982,4,102,215,102,https://historico.conaliteg.gob.mx/c/H1982P4CI383/102.jpg,0,0.474419,Q2,source_jpeg,1,200,image/jpeg,32149,077dd6f4cbd80ad313f72999b6f1ea83d756e5863ecf5045665ab9f4c5df4fdf,1,
CN_PENDING_PAGE_MANIFEST_0.1,LTMD-CN4-G1982-VP103,LTMD-CN4-G1982,H1982P4CI383,1982,4,103,215,103,https://historico.conaliteg.gob.mx/c/H1982P4CI383/103.jpg,0,0.479070,Q2,source_jpeg,1,200,image/jpeg,31302,a24d329c2d2175cdc52ccbeb46fd6fd35911b7bdeea4ad635c294d986ffac571,1,
CN_PENDING_PAGE_MANIFEST_0.1,LTMD-CN4-G1982-VP104,LTMD-CN4-G1982,H1982P4CI383,1982,4,104,215,104,https://historico.conaliteg.gob.mx/c/H1982P4CI383/104.jpg,0,0.483721,Q2,source_jpeg,1,200,image/jpeg,36990,a500668d449f811db79e546d73bfa19975c255882f178cc8bac9aceca4e7b367,1,
CN_PENDING_PAGE_MANIFEST_0.1,LTMD-CN4-G1982-VP105,LTMD-CN4-G1982,H1982P4CI383,1982,4,105,215,105,https://historico.conaliteg.gob.mx/c/H1982P4CI383/105.jpg,0,0.488372,Q2,source_jpeg,1,200,image/jpeg,35753,422d8ea7ffb31b7e46ca484007c8ed0dcc3b7965acad246fee0270b4a03663ad,1,
CN_PENDING_PAGE_MANIFEST_0.1,LTMD-CN4-G1982-VP106,LTMD-CN4-G1982,H1982P4CI383,1982,4,106,215,106,https://historico.conaliteg.gob.mx/c/H1982P4CI383/106.jpg,0,0.493023,Q2,source_jpeg,1,200,image/jpeg,44932,8e9eb38c5f139fda851abe7619e35e8cb6bdd630ad1e5f80a9e4c2ab0660fa4d,1,
CN_PENDING_PAGE_MANIFEST_0.1,LTMD-CN4-G1982-VP107,LTMD-CN4-G1982,H1982P4CI383,1982,4,107,215,107,https://historico.conaliteg.gob.mx/c/H1982P4CI383/107.jpg,0,0.497674,Q2,source_jpeg,1,200,image/jpeg,46910,699a1041e163a8e344b60fa844aafd00795181a192c9cbdc48b0e19d2fd7cc01,1,
CN_PENDING_PAGE_MANIFEST_0.1,LTMD-CN4-G1982-VP108,LTMD-CN4-G1982,H1982P4CI383,1982,4,108,215,108,https://historico.conaliteg.gob.mx/c/H1982P4CI383/108.jpg,0,0.502326,Q3,source_jpeg,1,200,image/jpeg,48458,2c75f0c92306a90bb30ed2212e65c2c8a74148ca78de72dd0b4e816975dd3beb,1,
CN_PENDING_PAGE_MANIFEST_0.1,LTMD-CN4-G1982-VP109,LTMD-CN4-G1982,H1982P4CI383,1982,4,109,215,109,https://historico.conaliteg.gob.mx/c/H1982P4CI383/109.jpg,0,0.506977,Q3,source_jpeg,1,200,image/jpeg,45223,c9a9455c5bffb9ba10770a92157d914e0072917db74d98decde375fd007892ca,1,
CN_PENDING_PAGE_MANIFEST_0.1,LTMD-CN4-G1982-VP110,LTMD-CN4-G1982,H1982P4CI383,1982,4,110,215,110,https://historico.conaliteg.gob.mx/c/H1982P4CI383/110.jpg,0,0.511628,Q3,source_jpeg,1,200,image/jpeg,46734,10585be21c6e1223d8f9b29cd503af38194b83c2dfd67278939ea1d1b20651bf,1,
CN_PENDING_PAGE_MANIFEST_0.1,LTMD-CN4-G1982-VP111,LTMD-CN4-G1982,H1982P4CI383,1982,4,111,215,111,https://historico.conaliteg.gob.mx/c/H1982P4CI383/111.jpg,0,0.516279,Q3,source_jpeg,1,200,image/jpeg,45939,96786fcfc333f30c0148ed188e14748f18dc370c6251ac07c077ca2fe219f1db,1,
CN_PENDING_PAGE_MANIFEST_0.1,LTMD-CN4-G1982-VP112,LTMD-CN4-G1982,H1982P4CI383,1982,4,112,215,112,https://historico.conaliteg.gob.mx/c/H1982P4CI383/112.jpg,0,0.520930,Q3,source_jpeg,1,200,image/jpeg,41183,5851fed86908403ce8f74e1b495b29066912544d47eee669e517ff457dc128c0,1,
CN_PENDING_PAGE_MANIFEST_0.1,LTMD-CN4-G1982-VP113,LTMD-CN4-G1982,H1982P4CI383,1982,4,113,215,113,https://historico.conaliteg.gob.mx/c/H1982P4CI383/113.jpg,0,0.525581,Q3,source_jpeg,1,200,image/jpeg,42502,c5b1db3fc4a4a9fb5acc3cec30a0f1cefaa556309bb4ec6616f8f8b67ee124e4,1,
CN_PENDING_PAGE_MANIFEST_0.1,LTMD-CN4-G1982-VP114,LTMD-CN4-G1982,H1982P4CI383,1982,4,114,215,114,https://historico.conaliteg.gob.mx/c/H1982P4CI383/114.jpg,0,0.530233,Q3,source_jpeg,1,200,image/jpeg,45078,5c71e62fbddc14dbad2573baf30446864ad0c0e46593bb963575457370accf0d,1,
CN_PENDING_PAGE_MANIFEST_0.1,LTMD-CN4-G1982-VP115,LTMD-CN4-G1982,H1982P4CI383,1982,4,115,215,115,https://historico.conaliteg.gob.mx/c/H1982P4CI383/115.jpg,0,0.534884,Q3,source_jpeg,1,200,image/jpeg,45566,8b9bd76833c105097d826a3280c9836cb68c799935780e0e0911d0fe2d18e20f,1,
CN_PENDING_PAGE_MANIFEST_0.1,LTMD-CN4-G1982-VP116,LTMD-CN4-G1982,H1982P4CI383,1982,4,116,215,116,https://historico.conaliteg.gob.mx/c/H1982P4CI383/116.jpg,0,0.539535,Q3,source_jpeg,1,200,image/jpeg,49522,2794e981ec87b2dd6c7e65e2780436946a628065ec17664d90a7b9d0c9c179e1,1,
CN_PENDING_PAGE_MANIFEST_0.1,LTMD-CN4-G1982-VP117,LTMD-CN4-G1982,H1982P4CI383,1982,4,117,215,117,https://historico.conaliteg.gob.mx/c/H1982P4CI383/117.jpg,0,0.544186,Q3,source_jpeg,1,200,image/jpeg,50287,32990943674ac15e47e12dc50aa7a06442e728b89293f9f013ebf83b06815ddc,1,
CN_PENDING_PAGE_MANIFEST_0.1,LTMD-CN4-G1982-VP118,LTMD-CN4-G1982,H1982P4CI383,1982,4,118,215,118,https://historico.conaliteg.gob.mx/c/H1982P4CI383/118.jpg,0,0.548837,Q3,source_jpeg,1,200,image/jpeg,41622,6326d7cc20c9742aa564937e651e481eaee04da87ae4473d83ca69d17245acbb,1,
CN_PENDING_PAGE_MANIFEST_0.1,LTMD-CN4-G1982-VP119,LTMD-CN4-G1982,H1982P4CI383,1982,4,119,215,119,https://historico.conaliteg.gob.mx/c/H1982P4CI383/119.jpg,0,0.553488,Q3,source_jpeg,1,200,image/jpeg,34747,774817467b4262a1cdf605c0a684eb70c22286d10206e4de24b2c7f652c19905,1,
CN_PENDING_PAGE_MANIFEST_0.1,LTMD-CN4-G1982-VP120,LTMD-CN4-G1982,H1982P4CI383,1982,4,120,215,120,https://historico.conaliteg.gob.mx/c/H1982P4CI383/120.jpg,0,0.558140,Q3,source_jpeg,1,200,image/jpeg,59366,ed7fa600b42fd011a15f5a305ca239fabb7b40700810b5697be6113ad553a0be,1,
CN_PENDING_PAGE_MANIFEST_0.1,LTMD-CN4-G1982-VP121,LTMD-CN4-G1982,H1982P4CI383,1982,4,121,215,121,https://historico.conaliteg.gob.mx/c/H1982P4CI383/121.jpg,0,0.562791,Q3,source_jpeg,1,200,image/jpeg,50647,bea4ac2deeedd8ca1b55da03460c0929e390c3c24951a282b378a824cbcd9cf3,1,
CN_PENDING_PAGE_MANIFEST_0.1,LTMD-CN4-G1982-VP122,LTMD-CN4-G1982,H1982P4CI383,1982,4,122,215,122,https://historico.conaliteg.gob.mx/c/H1982P4CI383/122.jpg,0,0.567442,Q3,source_jpeg,1,200,image/jpeg,37990,b0429762b2a10ca208e9cefa88893e59bf6ee28ddc8027d5f452794eababed26,1,
CN_PENDING_PAGE_MANIFEST_0.1,LTMD-CN4-G1982-VP123,LTMD-CN4-G1982,H1982P4CI383,1982,4,123,215,123,https://historico.conaliteg.gob.mx/c/H1982P4CI383/123.jpg,0,0.572093,Q3,source_jpeg,1,200,image/jpeg,42499,4feed3f3e375f90f3f8f00abfe5355ccd822ddd7c5f70ea9900d206357c98ef2,1,
CN_PENDING_PAGE_MANIFEST_0.1,LTMD-CN4-G1982-VP124,LTMD-CN4-G1982,H1982P4CI383,1982,4,124,215,124,https://historico.conaliteg.gob.mx/c/H1982P4CI383/124.jpg,0,0.576744,Q3,source_jpeg,1,200,image/jpeg,44049,7c3facb29d0f6b1f70e4d85ef0052455419341b1e0b5959b396af85422e3d474,1,
CN_PENDING_PAGE_MANIFEST_0.1,LTMD-CN4-G1982-VP125,LTMD-CN4-G1982,H1982P4CI383,1982,4,125,215,125,https://historico.conaliteg.gob.mx/c/H1982P4CI383/125.jpg,0,0.581395,Q3,source_jpeg,1,200,image/jpeg,49846,b0558954b979a471034f875a7f09455751879874f714308e55e4f8bb536af0b7,1,
CN_PENDING_PAGE_MANIFEST_0.1,LTMD-CN4-G1982-VP126,LTMD-CN4-G1982,H1982P4CI383,1982,4,126,215,126,https://historico.conaliteg.gob.mx/c/H1982P4CI383/126.jpg,0,0.586047,Q3,source_jpeg,1,200,image/jpeg,39798,99f7d1112d15fed3077b957195bf96742c092ec7dcbdfba2b1088099b8836fb7,1,
CN_PENDING_PAGE_MANIFEST_0.1,LTMD-CN4-G1982-VP127,LTMD-CN4-G1982,H1982P4CI383,1982,4,127,215,127,https://historico.conaliteg.gob.mx/c/H1982P4CI383/127.jpg,0,0.590698,Q3,source_jpeg,1,200,image/jpeg,50508,83b01cda3ad0ab07567cdfd68978db651c8ae5368f380a7943cf02090b9458a5,1,
CN_PENDING_PAGE_MANIFEST_0.1,LTMD-CN4-G1982-VP128,LTMD-CN4-G1982,H1982P4CI383,1982,4,128,215,128,https://historico.conaliteg.gob.mx/c/H1982P4CI383/128.jpg,0,0.595349,Q3,source_jpeg,1,200,image/jpeg,48084,2a3e5dbb1ec7960aa396fbaf39bb8430cf130325dd4d181b46bca768169b4113,1,
CN_PENDING_PAGE_MANIFEST_0.1,LTMD-CN4-G1982-VP129,LTMD-CN4-G1982,H1982P4CI383,1982,4,129,215,129,https://historico.conaliteg.gob.mx/c/H1982P4CI383/129.jpg,0,0.600000,Q3,source_jpeg,1,200,image/jpeg,33302,5368b67bba75e74b0472d044909aaa755ae1c92d13217f95667e03cc0ff21509,1,
CN_PENDING_PAGE_MANIFEST_0.1,LTMD-CN4-G1982-VP130,LTMD-CN4-G1982,H1982P4CI383,1982,4,130,215,130,https://historico.conaliteg.gob.mx/c/H1982P4CI383/130.jpg,0,0.604651,Q3,source_jpeg,1,200,image/jpeg,67404,155a5103e92111955f13ddf3e9890deb15ffcc4f0ee214d74fef68defbb249be,1,
CN_PENDING_PAGE_MANIFEST_0.1,LTMD-CN4-G1982-VP131,LTMD-CN4-G1982,H1982P4CI383,1982,4,131,215,131,https://historico.conaliteg.gob.mx/c/H1982P4CI383/131.jpg,0,0.609302,Q3,source_jpeg,1,200,image/jpeg,50477,8c8cf320599b91be9cb37170f34cee13a6810cfac786feb2b4ecea11c8af24e4,1,
CN_PENDING_PAGE_MANIFEST_0.1,LTMD-CN4-G1982-VP132,LTMD-CN4-G1982,H1982P4CI383,1982,4,132,215,132,https://historico.conaliteg.gob.mx/c/H1982P4CI383/132.jpg,0,0.613953,Q3,source_jpeg,1,200,image/jpeg,50468,ced265f23a75308ea50854c2a8e42c9892ca2706df1e9ac33e12e12f42ca5115,1,
CN_PENDING_PAGE_MANIFEST_0.1,LTMD-CN4-G1982-VP133,LTMD-CN4-G1982,H1982P4CI383,1982,4,133,215,133,https://historico.conaliteg.gob.mx/c/H1982P4CI383/133.jpg,0,0.618605,Q3,source_jpeg,1,200,image/jpeg,57469,acf4fc75c978edfd3544aad9940bbf46f0ec9d67a575484ce80725391aa85085,1,
CN_PENDING_PAGE_MANIFEST_0.1,LTMD-CN4-G1982-VP134,LTMD-CN4-G1982,H1982P4CI383,1982,4,134,215,134,https://historico.conaliteg.gob.mx/c/H1982P4CI383/134.jpg,0,0.623256,Q3,source_jpeg,1,200,image/jpeg,58151,d2fb5a60a68e34c8e55b29b98d54fe3ab51db1a8e1d35e9fe7665bbaa9017056,1,
CN_PENDING_PAGE_MANIFEST_0.1,LTMD-CN4-G1982-VP135,LTMD-CN4-G1982,H1982P4CI383,1982,4,135,215,135,https://historico.conaliteg.gob.mx/c/H1982P4CI383/135.jpg,0,0.627907,Q3,source_jpeg,1,200,image/jpeg,54289,1160a6b5b19515c023f4a78c2f0b539e101f0dd180cb24ce752aa1e93a4893af,1,
CN_PENDING_PAGE_MANIFEST_0.1,LTMD-CN4-G1982-VP136,LTMD-CN4-G1982,H1982P4CI383,1982,4,136,215,136,https://historico.conaliteg.gob.mx/c/H1982P4CI383/136.jpg,0,0.632558,Q3,source_jpeg,1,200,image/jpeg,47700,6b70512f22189322fbf91990d1307bbeed242b92977486168340753c00301a9c,1,
CN_PENDING_PAGE_MANIFEST_0.1,LTMD-CN4-G1982-VP137,LTMD-CN4-G1982,H1982P4CI383,1982,4,137,215,137,https://historico.conaliteg.gob.mx/c/H1982P4CI383/137.jpg,0,0.637209,Q3,source_jpeg,1,200,image/jpeg,55403,3d58486f2a3ce78cb552c3a475e21fef8c1933fd3b2a4f79eed14b59926b40f2,1,
CN_PENDING_PAGE_MANIFEST_0.1,LTMD-CN4-G1982-VP138,LTMD-CN4-G1982,H1982P4CI383,1982,4,138,215,138,https://historico.conaliteg.gob.mx/c/H1982P4CI383/138.jpg,0,0.641860,Q3,source_jpeg,1,200,image/jpeg,60066,2d86bb14e097b0571ac2112a2e2589a2385d2f8103efa5aaa1b9a225fe5b6fe0,1,
CN_PENDING_PAGE_MANIFEST_0.1,LTMD-CN4-G1982-VP139,LTMD-CN4-G1982,H1982P4CI383,1982,4,139,215,139,https://historico.conaliteg.gob.mx/c/H1982P4CI383/139.jpg,0,0.646512,Q3,source_jpeg,1,200,image/jpeg,57619,5bec607a81f76da2357a576e85f75fa89d4de333c32cc5ae5ab63a1174d7886d,1,
CN_PENDING_PAGE_MANIFEST_0.1,LTMD-CN4-G1982-VP140,LTMD-CN4-G1982,H1982P4CI383,1982,4,140,215,140,https://historico.conaliteg.gob.mx/c/H1982P4CI383/140.jpg,0,0.651163,Q3,source_jpeg,1,200,image/jpeg,63093,adecdde8becc25fd0196f1fe2bdc219ee7842bbb88c614d07a897f5f8f522366,1,
CN_PENDING_PAGE_MANIFEST_0.1,LTMD-CN4-G1982-VP141,LTMD-CN4-G1982,H1982P4CI383,1982,4,141,215,141,https://historico.conaliteg.gob.mx/c/H1982P4CI383/141.jpg,0,0.655814,Q3,source_jpeg,1,200,image/jpeg,62267,95c20f436832c43330ce2455f892f1365f2451a9bf276389ef97f2a3527f4828,1,
CN_PENDING_PAGE_MANIFEST_0.1,LTMD-CN4-G1982-VP142,LTMD-CN4-G1982,H1982P4CI383,1982,4,142,215,142,https://historico.conaliteg.gob.mx/c/H1982P4CI383/142.jpg,0,0.660465,Q3,source_jpeg,1,200,image/jpeg,57710,f76fe5fd19f8bd47ed055548acb3b23c03a98d9174c142ef2bd2b442afea703e,1,
CN_PENDING_PAGE_MANIFEST_0.1,LTMD-CN4-G1982-VP143,LTMD-CN4-G1982,H1982P4CI383,1982,4,143,215,143,https://historico.conaliteg.gob.mx/c/H1982P4CI383/143.jpg,0,0.665116,Q3,source_jpeg,1,200,image/jpeg,48397,f306a758af35281e467d9a50b7b570a1443ada6debf92d100e4617c6f281af7d,1,
CN_PENDING_PAGE_MANIFEST_0.1,LTMD-CN4-G1982-VP144,LTMD-CN4-G1982,H1982P4CI383,1982,4,144,215,144,https://historico.conaliteg.gob.mx/c/H1982P4CI383/144.jpg,0,0.669767,Q3,source_jpeg,1,200,image/jpeg,43859,9a095d8e067631a537ff9a0009070fd9eca5f112c7389db6e7e2bcff0eac49fa,1,
CN_PENDING_PAGE_MANIFEST_0.1,LTMD-CN4-G1982-VP145,LTMD-CN4-G1982,H1982P4CI383,1982,4,145,215,145,https://historico.conaliteg.gob.mx/c/H1982P4CI383/145.jpg,0,0.674419,Q3,source_jpeg,1,200,image/jpeg,58484,f326829820c10c021a95771fb8addea50983a6d65e772c283a9ca079889d77d2,1,
CN_PENDING_PAGE_MANIFEST_0.1,LTMD-CN4-G1982-VP146,LTMD-CN4-G1982,H1982P4CI383,1982,4,146,215,146,https://historico.conaliteg.gob.mx/c/H1982P4CI383/146.jpg,0,0.679070,Q3,source_jpeg,1,200,image/jpeg,41233,509b8cd6cd9fcc94846da004200e9adb4f8e49856e4421a051aecafc34f2c7fc,1,
CN_PENDING_PAGE_MANIFEST_0.1,LTMD-CN4-G1982-VP147,LTMD-CN4-G1982,H1982P4CI383,1982,4,147,215,147,https://historico.conaliteg.gob.mx/c/H1982P4CI383/147.jpg,0,0.683721,Q3,source_jpeg,1,200,image/jpeg,48628,a6a66badb97a098e1c1cbab17b4e30a1034afb59e045659247f9e55d7142b9f9,1,
CN_PENDING_PAGE_MANIFEST_0.1,LTMD-CN4-G1982-VP148,LTMD-CN4-G1982,H1982P4CI383,1982,4,148,215,148,https://historico.conaliteg.gob.mx/c/H1982P4CI383/148.jpg,0,0.688372,Q3,source_jpeg,1,200,image/jpeg,28891,41a5c9c10d58195929cf404017ad8782ecaf10f42967ae1c050f5c33e182d80c,1,
CN_PENDING_PAGE_MANIFEST_0.1,LTMD-CN4-G1982-VP149,LTMD-CN4-G1982,H1982P4CI383,1982,4,149,215,149,https://historico.conaliteg.gob.mx/c/H1982P4CI383/149.jpg,0,0.693023,Q3,source_jpeg,1,200,image/jpeg,41704,ee3aeb5e9f7dc0dca9ff982e2a724f4fc5cc6870e738128eddbda1eb584e5987,1,
CN_PENDING_PAGE_MANIFEST_0.1,LTMD-CN4-G1982-VP150,LTMD-CN4-G1982,H1982P4CI383,1982,4,150,215,150,https://historico.conaliteg.gob.mx/c/H1982P4CI383/150.jpg,0,0.697674,Q3,source_jpeg,1,200,image/jpeg,49962,dfd7abcc7ffad8a1e641c2220d67e34cd95a1f5c1b6b26c0296d98616331b637,1,
CN_PENDING_PAGE_MANIFEST_0.1,LTMD-CN4-G1982-VP151,LTMD-CN4-G1982,H1982P4CI383,1982,4,151,215,151,https://historico.conaliteg.gob.mx/c/H1982P4CI383/151.jpg,0,0.702326,Q3,source_jpeg,1,200,image/jpeg,44697,f0a5e6884faf681f86a9f2ac066ef4b4fa313f30dab1e6d7aa0cd2171bf59a88,1,
CN_PENDING_PAGE_MANIFEST_0.1,LTMD-CN4-G1982-VP152,LTMD-CN4-G1982,H1982P4CI383,1982,4,152,215,152,https://historico.conaliteg.gob.mx/c/H1982P4CI383/152.jpg,0,0.706977,Q3,source_jpeg,1,200,image/jpeg,66585,2250ce4bf7347568e44909a42b524000486620cb4886dd60715b6274e4258549,1,
CN_PENDING_PAGE_MANIFEST_0.1,LTMD-CN4-G1982-VP153,LTMD-CN4-G1982,H1982P4CI383,1982,4,153,215,153,https://historico.conaliteg.gob.mx/c/H1982P4CI383/153.jpg,0,0.711628,Q3,source_jpeg,1,200,image/jpeg,40167,0ce2c505f5885406a231db1f21009f71499e06a28484a7b6514fcb991fa141f8,1,
CN_PENDING_PAGE_MANIFEST_0.1,LTMD-CN4-G1982-VP154,LTMD-CN4-G1982,H1982P4CI383,1982,4,154,215,154,https://historico.conaliteg.gob.mx/c/H1982P4CI383/154.jpg,0,0.716279,Q3,source_jpeg,1,200,image/jpeg,36462,0ef1cef1ad7d84b9feccc90c04c641f18c5a1e86b18bb1ab6a447aee399c28ed,1,
CN_PENDING_PAGE_MANIFEST_0.1,LTMD-CN4-G1982-VP155,LTMD-CN4-G1982,H1982P4CI383,1982,4,155,215,155,https://historico.conaliteg.gob.mx/c/H1982P4CI383/155.jpg,0,0.720930,Q3,source_jpeg,1,200,image/jpeg,43229,8309e036dcd157f1ede7dd3385c0a198a9ca99cf888ebcb40e372997ee1236fb,1,
CN_PENDING_PAGE_MANIFEST_0.1,LTMD-CN4-G1982-VP156,LTMD-CN4-G1982,H1982P4CI383,1982,4,156,215,156,https://historico.conaliteg.gob.mx/c/H1982P4CI383/156.jpg,0,0.725581,Q3,source_jpeg,1,200,image/jpeg,41020,4f7cd0fb47de6366658678825d5c79e761149eeb933a8ba9bc973bd74b8b0dc8,1,
CN_PENDING_PAGE_MANIFEST_0.1,LTMD-CN4-G1982-VP157,LTMD-CN4-G1982,H1982P4CI383,1982,4,157,215,157,https://historico.conaliteg.gob.mx/c/H1982P4CI383/157.jpg,0,0.730233,Q3,source_jpeg,1,200,image/jpeg,44350,128c211633e55c443824d982037a7faf65324c4bda01e576932d18e7c862da3f,1,
CN_PENDING_PAGE_MANIFEST_0.1,LTMD-CN4-G1982-VP158,LTMD-CN4-G1982,H1982P4CI383,1982,4,158,215,158,https://historico.conaliteg.gob.mx/c/H1982P4CI383/158.jpg,0,0.734884,Q3,source_jpeg,1,200,image/jpeg,39262,6b8e992d9d44cc6782b73e6a9461b56e28ed9bb0dd1547cebf5ad7673421e35c,1,
CN_PENDING_PAGE_MANIFEST_0.1,LTMD-CN4-G1982-VP159,LTMD-CN4-G1982,H1982P4CI383,1982,4,159,215,159,https://historico.conaliteg.gob.mx/c/H1982P4CI383/159.jpg,0,0.739535,Q3,source_jpeg,1,200,image/jpeg,36710,a4c775ff999b782578a808eb4579ed1d30b12534d2a32215440d0132eba968d0,1,
CN_PENDING_PAGE_MANIFEST_0.1,LTMD-CN4-G1982-VP160,LTMD-CN4-G1982,H1982P4CI383,1982,4,160,215,160,https://historico.conaliteg.gob.mx/c/H1982P4CI383/160.jpg,0,0.744186,Q3,source_jpeg,1,200,image/jpeg,43593,55dcc867a940ed2cf2a5aaabbef175b16b4373650caf4233c231338172f26dac,1,
CN_PENDING_PAGE_MANIFEST_0.1,LTMD-CN4-G1982-VP161,LTMD-CN4-G1982,H1982P4CI383,1982,4,161,215,161,https://historico.conaliteg.gob.mx/c/H1982P4CI383/161.jpg,0,0.748837,Q3,source_jpeg,1,200,image/jpeg,47356,82533f9d144d56735bf8e7afd9f30dedbefb5e7ce53090a8722343262019cd2a,1,
CN_PENDING_PAGE_MANIFEST_0.1,LTMD-CN4-G1982-VP162,LTMD-CN4-G1982,H1982P4CI383,1982,4,162,215,162,https://historico.conaliteg.gob.mx/c/H1982P4CI383/162.jpg,0,0.753488,Q4,source_jpeg,1,200,image/jpeg,51073,cf90759624cc669ccfe1302d09154bd864be99d5db052206203e1655e7eef56d,1,
CN_PENDING_PAGE_MANIFEST_0.1,LTMD-CN4-G1982-VP163,LTMD-CN4-G1982,H1982P4CI383,1982,4,163,215,163,https://historico.conaliteg.gob.mx/c/H1982P4CI383/163.jpg,0,0.758140,Q4,source_jpeg,1,200,image/jpeg,42515,73de03487bd85e03725e7005a16f548f9e8eb3bad1f30403f8ac548482c822f9,1,
CN_PENDING_PAGE_MANIFEST_0.1,LTMD-CN4-G1982-VP164,LTMD-CN4-G1982,H1982P4CI383,1982,4,164,215,164,https://historico.conaliteg.gob.mx/c/H1982P4CI383/164.jpg,0,0.762791,Q4,source_jpeg,1,200,image/jpeg,45265,4591827f157114a1355266c1c39668b0791f01c4dde68999db6997c63f40f2f4,1,
CN_PENDING_PAGE_MANIFEST_0.1,LTMD-CN4-G1982-VP165,LTMD-CN4-G1982,H1982P4CI383,1982,4,165,215,165,https://historico.conaliteg.gob.mx/c/H1982P4CI383/165.jpg,0,0.767442,Q4,source_jpeg,1,200,image/jpeg,40396,8a74905c948066d752a15e560f041b34c480af53ecc2f04496e31731ac10529d,1,
CN_PENDING_PAGE_MANIFEST_0.1,LTMD-CN4-G1982-VP166,LTMD-CN4-G1982,H1982P4CI383,1982,4,166,215,166,https://historico.conaliteg.gob.mx/c/H1982P4CI383/166.jpg,0,0.772093,Q4,source_jpeg,1,200,image/jpeg,48213,9340d2580cf2ee4e32e981d989e9041553a4b68cac821f25ef3dafc2cfb7df17,1,
CN_PENDING_PAGE_MANIFEST_0.1,LTMD-CN4-G1982-VP167,LTMD-CN4-G1982,H1982P4CI383,1982,4,167,215,167,https://historico.conaliteg.gob.mx/c/H1982P4CI383/167.jpg,0,0.776744,Q4,source_jpeg,1,200,image/jpeg,39887,c68a2270ad38b9e1d80a039273a1d69bd5c5fe26c162f09ee780ca9d93e48aee,1,
CN_PENDING_PAGE_MANIFEST_0.1,LTMD-CN4-G1982-VP168,LTMD-CN4-G1982,H1982P4CI383,1982,4,168,215,168,https://historico.conaliteg.gob.mx/c/H1982P4CI383/168.jpg,0,0.781395,Q4,source_jpeg,1,200,image/jpeg,48439,d6d44e6d88a45941bc6ef02425452b21418565614127a6aba6c5076303848e5e,1,
CN_PENDING_PAGE_MANIFEST_0.1,LTMD-CN4-G1982-VP169,LTMD-CN4-G1982,H1982P4CI383,1982,4,169,215,169,https://historico.conaliteg.gob.mx/c/H1982P4CI383/169.jpg,0,0.786047,Q4,source_jpeg,1,200,image/jpeg,41422,a476fa5e0643debd5a9296187c03ea4b29171b44e74954dc9739ad5814008a74,1,
CN_PENDING_PAGE_MANIFEST_0.1,LTMD-CN4-G1982-VP170,LTMD-CN4-G1982,H1982P4CI383,1982,4,170,215,170,https://historico.conaliteg.gob.mx/c/H1982P4CI383/170.jpg,0,0.790698,Q4,source_jpeg,1,200,image/jpeg,59075,b08d6434d44371f966dac9ba557e416f6f78e6f0071847fb7ae26242792c9da4,1,
CN_PENDING_PAGE_MANIFEST_0.1,LTMD-CN4-G1982-VP171,LTMD-CN4-G1982,H1982P4CI383,1982,4,171,215,171,https://historico.conaliteg.gob.mx/c/H1982P4CI383/171.jpg,0,0.795349,Q4,source_jpeg,1,200,image/jpeg,45941,fa21e92e5783bc3e96e4decc0a6ee9a5d11e21a8c6e0fda5a0bf84ef01707334,1,
CN_PENDING_PAGE_MANIFEST_0.1,LTMD-CN4-G1982-VP172,LTMD-CN4-G1982,H1982P4CI383,1982,4,172,215,172,https://historico.conaliteg.gob.mx/c/H1982P4CI383/172.jpg,0,0.800000,Q4,source_jpeg,1,200,image/jpeg,52477,4e494aea248baa3e111c315c8066596c2663d0030df36fcb31db2242037b4a11,1,
CN_PENDING_PAGE_MANIFEST_0.1,LTMD-CN4-G1982-VP173,LTMD-CN4-G1982,H1982P4CI383,1982,4,173,215,173,https://historico.conaliteg.gob.mx/c/H1982P4CI383/173.jpg,0,0.804651,Q4,source_jpeg,1,200,image/jpeg,50991,1a8d01d9afa1041b02898dde0a9977bf0ac7b28bbe66be0c6fccc8b2d6636739,1,
CN_PENDING_PAGE_MANIFEST_0.1,LTMD-CN4-G1982-VP174,LTMD-CN4-G1982,H1982P4CI383,1982,4,174,215,174,https://historico.conaliteg.gob.mx/c/H1982P4CI383/174.jpg,0,0.809302,Q4,source_jpeg,1,200,image/jpeg,64325,20fc353abd90811e663b0f25e40ab8347acb65f39628f4dedccebd05e3e59954,1,
CN_PENDING_PAGE_MANIFEST_0.1,LTMD-CN4-G1982-VP175,LTMD-CN4-G1982,H1982P4CI383,1982,4,175,215,175,https://historico.conaliteg.gob.mx/c/H1982P4CI383/175.jpg,0,0.813953,Q4,source_jpeg,1,200,image/jpeg,80375,b215a9ab0bfe2b5f7a432c73d24df524043e1925f2151fe928d4523926c5c76c,1,
CN_PENDING_PAGE_MANIFEST_0.1,LTMD-CN4-G1982-VP176,LTMD-CN4-G1982,H1982P4CI383,1982,4,176,215,176,https://historico.conaliteg.gob.mx/c/H1982P4CI383/176.jpg,0,0.818605,Q4,source_jpeg,1,200,image/jpeg,54036,8e8b0e6687149e36799710e021168f15ad78f04774a48e05e0a395500907e04f,1,
CN_PENDING_PAGE_MANIFEST_0.1,LTMD-CN4-G1982-VP177,LTMD-CN4-G1982,H1982P4CI383,1982,4,177,215,177,https://historico.conaliteg.gob.mx/c/H1982P4CI383/177.jpg,0,0.823256,Q4,source_jpeg,1,200,image/jpeg,60096,8358ce441e7c6331ec5261efa0d3a1fef4c5daf6844cd77ac01bb2ef21d2ecbc,1,
CN_PENDING_PAGE_MANIFEST_0.1,LTMD-CN4-G1982-VP178,LTMD-CN4-G1982,H1982P4CI383,1982,4,178,215,178,https://historico.conaliteg.gob.mx/c/H1982P4CI383/178.jpg,0,0.827907,Q4,source_jpeg,1,200,image/jpeg,64233,e31d7fc3eba42f71694c5faacff3aa16ce9807f4d6f0747c1f19f7772febcac6,1,
CN_PENDING_PAGE_MANIFEST_0.1,LTMD-CN4-G1982-VP179,LTMD-CN4-G1982,H1982P4CI383,1982,4,179,215,179,https://historico.conaliteg.gob.mx/c/H1982P4CI383/179.jpg,0,0.832558,Q4,source_jpeg,1,200,image/jpeg,50589,1959ffd23e7282ad7d0458628d773415c852d4d3a9e4ce644b161d5bc837bb04,1,
CN_PENDING_PAGE_MANIFEST_0.1,LTMD-CN4-G1982-VP180,LTMD-CN4-G1982,H1982P4CI383,1982,4,180,215,180,https://historico.conaliteg.gob.mx/c/H1982P4CI383/180.jpg,0,0.837209,Q4,source_jpeg,1,200,image/jpeg,61437,194ff54fe68f7d6c90490fc03431d837498e97b538b3f33395ae3a61931e199d,1,
CN_PENDING_PAGE_MANIFEST_0.1,LTMD-CN4-G1982-VP181,LTMD-CN4-G1982,H1982P4CI383,1982,4,181,215,181,https://historico.conaliteg.gob.mx/c/H1982P4CI383/181.jpg,0,0.841860,Q4,source_jpeg,1,200,image/jpeg,51095,6ac0422b25f349ea43d30263e11201a1d07a2aa39f5d7448245cbfe2f16004b9,1,
CN_PENDING_PAGE_MANIFEST_0.1,LTMD-CN4-G1982-VP182,LTMD-CN4-G1982,H1982P4CI383,1982,4,182,215,182,https://historico.conaliteg.gob.mx/c/H1982P4CI383/182.jpg,0,0.846512,Q4,source_jpeg,1,200,image/jpeg,44678,83fd41f9920b0f7e5c70bb983dd58b915e03f3083ff7a1fc3c25c7a854067261,1,
CN_PENDING_PAGE_MANIFEST_0.1,LTMD-CN4-G1982-VP183,LTMD-CN4-G1982,H1982P4CI383,1982,4,183,215,183,https://historico.conaliteg.gob.mx/c/H1982P4CI383/183.jpg,0,0.851163,Q4,source_jpeg,1,200,image/jpeg,39745,f42fc71531f17295a58c71282dc4ad237ca4b68a011839c4d4bad70393d2dcfd,1,
CN_PENDING_PAGE_MANIFEST_0.1,LTMD-CN4-G1982-VP184,LTMD-CN4-G1982,H1982P4CI383,1982,4,184,215,184,https://historico.conaliteg.gob.mx/c/H1982P4CI383/184.jpg,0,0.855814,Q4,source_jpeg,1,200,image/jpeg,55895,f5bc4cc387c8f73f54e70202d269e378148aa471fd70e4457ee4023d259421e6,1,
CN_PENDING_PAGE_MANIFEST_0.1,LTMD-CN4-G1982-VP185,LTMD-CN4-G1982,H1982P4CI383,1982,4,185,215,185,https://historico.conaliteg.gob.mx/c/H1982P4CI383/185.jpg,0,0.860465,Q4,source_jpeg,1,200,image/jpeg,52767,fe666c6f779e9f0cddd92970202fab64b50d11765a28a29182d32484b8447d7b,1,
CN_PENDING_PAGE_MANIFEST_0.1,LTMD-CN4-G1982-VP186,LTMD-CN4-G1982,H1982P4CI383,1982,4,186,215,186,https://historico.conaliteg.gob.mx/c/H1982P4CI383/186.jpg,0,0.865116,Q4,source_jpeg,1,200,image/jpeg,49185,0fee1e77a2d8713ca7afb6d4d5f6f2194b6e9a81de4256603d134d9b1dff89fc,1,
CN_PENDING_PAGE_MANIFEST_0.1,LTMD-CN4-G1982-VP187,LTMD-CN4-G1982,H1982P4CI383,1982,4,187,215,187,https://historico.conaliteg.gob.mx/c/H1982P4CI383/187.jpg,0,0.869767,Q4,source_jpeg,1,200,image/jpeg,68519,8e3add8eea41a6b03799d8355ee4acea0caa548e8486a85ac58b34aa4a17900f,1,
CN_PENDING_PAGE_MANIFEST_0.1,LTMD-CN4-G1982-VP188,LTMD-CN4-G1982,H1982P4CI383,1982,4,188,215,188,https://historico.conaliteg.gob.mx/c/H1982P4CI383/188.jpg,0,0.874419,Q4,source_jpeg,1,200,image/jpeg,55527,52ee60182d322f52426f08a80c9f0d2c7e98ae477c2cc4410837c95957ff480e,1,
CN_PENDING_PAGE_MANIFEST_0.1,LTMD-CN4-G1982-VP189,LTMD-CN4-G1982,H1982P4CI383,1982,4,189,215,189,https://historico.conaliteg.gob.mx/c/H1982P4CI383/189.jpg,0,0.879070,Q4,source_jpeg,1,200,image/jpeg,41961,e864f701c42dc7646468e341c2435840f752dd985131bd46d27db6fde4a3c712,1,
CN_PENDING_PAGE_MANIFEST_0.1,LTMD-CN4-G1982-VP190,LTMD-CN4-G1982,H1982P4CI383,1982,4,190,215,190,https://historico.conaliteg.gob.mx/c/H1982P4CI383/190.jpg,0,0.883721,Q4,source_jpeg,1,200,image/jpeg,31428,6e147b314215a939663f69c9f3d0342269ad271d118206dd6255a86e86ad345c,1,
CN_PENDING_PAGE_MANIFEST_0.1,LTMD-CN4-G1982-VP191,LTMD-CN4-G1982,H1982P4CI383,1982,4,191,215,191,https://historico.conaliteg.gob.mx/c/H1982P4CI383/191.jpg,0,0.888372,Q4,source_jpeg,1,200,image/jpeg,57689,451f12bde61a04e9939740c0c119d7bdd1d95df9397a033d16fc17de209b606e,1,
CN_PENDING_PAGE_MANIFEST_0.1,LTMD-CN4-G1982-VP192,LTMD-CN4-G1982,H1982P4CI383,1982,4,192,215,192,https://historico.conaliteg.gob.mx/c/H1982P4CI383/192.jpg,0,0.893023,Q4,source_jpeg,1,200,image/jpeg,52238,51f9baab667bb4fbf04459c55f9870cdb8a7c922de6c3da8e47c8f57e3d9b5c3,1,
CN_PENDING_PAGE_MANIFEST_0.1,LTMD-CN4-G1982-VP193,LTMD-CN4-G1982,H1982P4CI383,1982,4,193,215,193,https://historico.conaliteg.gob.mx/c/H1982P4CI383/193.jpg,0,0.897674,Q4,source_jpeg,1,200,image/jpeg,50966,f5aabc06b1cfcc8dab4243621a1d2db47f2f7f31c73c81d6a1e0c08f07d44dba,1,
CN_PENDING_PAGE_MANIFEST_0.1,LTMD-CN4-G1982-VP194,LTMD-CN4-G1982,H1982P4CI383,1982,4,194,215,194,https://historico.conaliteg.gob.mx/c/H1982P4CI383/194.jpg,0,0.902326,Q4,source_jpeg,1,200,image/jpeg,48058,f499363c2803addd3e49e4304f966c69528ec7038faf766da93b62b1a11c8feb,1,
CN_PENDING_PAGE_MANIFEST_0.1,LTMD-CN4-G1982-VP195,LTMD-CN4-G1982,H1982P4CI383,1982,4,195,215,195,https://historico.conaliteg.gob.mx/c/H1982P4CI383/195.jpg,0,0.906977,Q4,source_jpeg,1,200,image/jpeg,49059,7df0f5cdea3245e6cecedd58796dd36b02e4b3721da6113f28aeb184fd90e28d,1,
CN_PENDING_PAGE_MANIFEST_0.1,LTMD-CN4-G1982-VP196,LTMD-CN4-G1982,H1982P4CI383,1982,4,196,215,196,https://historico.conaliteg.gob.mx/c/H1982P4CI383/196.jpg,0,0.911628,Q4,source_jpeg,1,200,image/jpeg,40453,83c1c77e1890d93d939dc999d9cd268d7936d169e79d3da8452bc61fae7d5cbc,1,
CN_PENDING_PAGE_MANIFEST_0.1,LTMD-CN4-G1982-VP197,LTMD-CN4-G1982,H1982P4CI383,1982,4,197,215,197,https://historico.conaliteg.gob.mx/c/H1982P4CI383/197.jpg,0,0.916279,Q4,source_jpeg,1,200,image/jpeg,44571,264cba2a5bb7689300bf7460b43c92c911a4000fa7a4e61d60f3be45c7294916,1,
CN_PENDING_PAGE_MANIFEST_0.1,LTMD-CN4-G1982-VP198,LTMD-CN4-G1982,H1982P4CI383,1982,4,198,215,198,https://historico.conaliteg.gob.mx/c/H1982P4CI383/198.jpg,0,0.920930,Q4,source_jpeg,1,200,image/jpeg,58547,b6a75c24656ded658ef1a7b0b0e7029d4588c6b5d0881e7a1b15c0296bb59bda,1,
CN_PENDING_PAGE_MANIFEST_0.1,LTMD-CN4-G1982-VP199,LTMD-CN4-G1982,H1982P4CI383,1982,4,199,215,199,https://historico.conaliteg.gob.mx/c/H1982P4CI383/199.jpg,0,0.925581,Q4,source_jpeg,1,200,image/jpeg,40029,2e29c9ebdb62c8aff3d7efa289fffe074baf34bb748b9b0302ed690d6e3aa297,1,
CN_PENDING_PAGE_MANIFEST_0.1,LTMD-CN4-G1982-VP200,LTMD-CN4-G1982,H1982P4CI383,1982,4,200,215,200,https://historico.conaliteg.gob.mx/c/H1982P4CI383/200.jpg,0,0.930233,Q4,source_jpeg,1,200,image/jpeg,31322,fe12d6323c68428e69c3b42dd9e4e9508237896840c7ac4b72788e4bf3cdd684,1,
CN_PENDING_PAGE_MANIFEST_0.1,LTMD-CN4-G1982-VP201,LTMD-CN4-G1982,H1982P4CI383,1982,4,201,215,201,https://historico.conaliteg.gob.mx/c/H1982P4CI383/201.jpg,0,0.934884,Q4,source_jpeg,1,200,image/jpeg,35069,1237da0620f0df4ce2993295e84d880af75ce92aa29ff5f545840109e76533f5,1,
CN_PENDING_PAGE_MANIFEST_0.1,LTMD-CN4-G1982-VP202,LTMD-CN4-G1982,H1982P4CI383,1982,4,202,215,202,https://historico.conaliteg.gob.mx/c/H1982P4CI383/202.jpg,0,0.939535,Q4,source_jpeg,1,200,image/jpeg,42981,87223adef39c71b98a6b31861f5c3afdd0467955eccafdf41d2fe82701320b8b,1,
CN_PENDING_PAGE_MANIFEST_0.1,LTMD-CN4-G1982-VP203,LTMD-CN4-G1982,H1982P4CI383,1982,4,203,215,203,https://historico.conaliteg.gob.mx/c/H1982P4CI383/203.jpg,0,0.944186,Q4,source_jpeg,1,200,image/jpeg,35604,448e871a75d7dd7dd74b2780d2fcee569d2c9f5e88c85fa1f06e8ece44625407,1,
CN_PENDING_PAGE_MANIFEST_0.1,LTMD-CN4-G1982-VP204,LTMD-CN4-G1982,H1982P4CI383,1982,4,204,215,204,https://historico.conaliteg.gob.mx/c/H1982P4CI383/204.jpg,0,0.948837,Q4,source_jpeg,1,200,image/jpeg,44395,e44843b0cf230bc8241811a3185f33dce912d71c9770dc8c06cd9032abc00120,1,
CN_PENDING_PAGE_MANIFEST_0.1,LTMD-CN4-G1982-VP205,LTMD-CN4-G1982,H1982P4CI383,1982,4,205,215,205,https://historico.conaliteg.gob.mx/c/H1982P4CI383/205.jpg,0,0.953488,Q4,source_jpeg,1,200,image/jpeg,39035,3653faf754e029fbc192eaf95dda8dd9310150337049d092c0995c4f481f6aa5,1,
CN_PENDING_PAGE_MANIFEST_0.1,LTMD-CN4-G1982-VP206,LTMD-CN4-G1982,H1982P4CI383,1982,4,206,215,206,https://historico.conaliteg.gob.mx/c/H1982P4CI383/206.jpg,0,0.958140,Q4,source_jpeg,1,200,image/jpeg,38058,6553227ff8a512e44563fb3065df92ed3164bfc64ea2ce3349afa63c4b94708e,1,
CN_PENDING_PAGE_MANIFEST_0.1,LTMD-CN4-G1982-VP207,LTMD-CN4-G1982,H1982P4CI383,1982,4,207,215,207,https://historico.conaliteg.gob.mx/c/H1982P4CI383/207.jpg,0,0.962791,Q4,source_jpeg,1,200,image/jpeg,42958,38af2c4a84ace91a36c5f5a83deb977618b2985c4e03597dd7792ec5e70bc9c2,1,
CN_PENDING_PAGE_MANIFEST_0.1,LTMD-CN4-G1982-VP208,LTMD-CN4-G1982,H1982P4CI383,1982,4,208,215,208,https://historico.conaliteg.gob.mx/c/H1982P4CI383/208.jpg,0,0.967442,Q4,source_jpeg,1,200,image/jpeg,44963,5a0eac8db9591d4627cef093871a1a13ebf492a065539a9e386f9c87779ee033,1,
CN_PENDING_PAGE_MANIFEST_0.1,LTMD-CN4-G1982-VP209,LTMD-CN4-G1982,H1982P4CI383,1982,4,209,215,209,https://historico.conaliteg.gob.mx/c/H1982P4CI383/209.jpg,0,0.972093,Q4,source_jpeg,1,200,image/jpeg,45059,ecd6204cda2814512075583a739e6d4ce34481345740ea19b760fca0d9a981e5,1,
CN_PENDING_PAGE_MANIFEST_0.1,LTMD-CN4-G1982-VP210,LTMD-CN4-G1982,H1982P4CI383,1982,4,210,215,210,https://historico.conaliteg.gob.mx/c/H1982P4CI383/210.jpg,0,0.976744,Q4,source_jpeg,1,200,image/jpeg,40770,dd7f11b50f79e76d27fe734b432efddd71ab63f93e9ea3973873d81163e41454,1,
CN_PENDING_PAGE_MANIFEST_0.1,LTMD-CN4-G1982-VP211,LTMD-CN4-G1982,H1982P4CI383,1982,4,211,215,211,https://historico.conaliteg.gob.mx/c/H1982P4CI383/211.jpg,0,0.981395,Q4,source_jpeg,1,200,image/jpeg,41647,6d48d5b918c2ccffb8b30690a98a78d58b76274c28f053669f1cca7d77bdb070,1,
CN_PENDING_PAGE_MANIFEST_0.1,LTMD-CN4-G1982-VP212,LTMD-CN4-G1982,H1982P4CI383,1982,4,212,215,212,https://historico.conaliteg.gob.mx/c/H1982P4CI383/212.jpg,0,0.986047,Q4,source_jpeg,1,200,image/jpeg,22289,f64f741581b9e2398b7169be4a345aac18a9bf0d52102784dd864c228117b779,1,
CN_PENDING_PAGE_MANIFEST_0.1,LTMD-CN4-G1982-VP213,LTMD-CN4-G1982,H1982P4CI383,1982,4,213,215,213,https://historico.conaliteg.gob.mx/c/H1982P4CI383/213.jpg,0,0.990698,Q4,source_jpeg,1,200,image/jpeg,62241,aadf5de01beaa344df2642852e8d4f64536ddeca0deee9622e6a090645737445,1,
CN_PENDING_PAGE_MANIFEST_0.1,LTMD-CN4-G1982-VP214,LTMD-CN4-G1982,H1982P4CI383,1982,4,214,215,214,https://historico.conaliteg.gob.mx/c/H1982P4CI383/214.jpg,0,0.995349,Q4,source_jpeg,1,200,image/jpeg,182681,f8b2fbdd25679026faafa984a79742c8c936db2196c745d18e91859aa2ba5df8,1,
CN_PENDING_PAGE_MANIFEST_0.1,LTMD-CN4-G2011-VP001,LTMD-CN4-G2011,H2011P4CI314,2011,4,1,162,0,https://historico.conaliteg.gob.mx/c/H2011P4CI314/000.jpg,0,0.006173,Q1,source_jpeg,1,200,image/jpeg,150138,44eb87af5f0f558ea6b8b0f1e12e10d95d033705ba6ec905ceab74d134dd3e16,1,
CN_PENDING_PAGE_MANIFEST_0.1,LTMD-CN4-G2011-VP002,LTMD-CN4-G2011,H2011P4CI314,2011,4,2,162,2,https://historico.conaliteg.gob.mx/c/H2011P4CI314/002.jpg,0,0.012346,Q1,source_jpeg,1,200,image/jpeg,322455,767d6a4734104793352c0996d3410b23d173b2eedb363c24f3d3f31fb53fb8b4,1,
CN_PENDING_PAGE_MANIFEST_0.1,LTMD-CN4-G2011-VP003,LTMD-CN4-G2011,H2011P4CI314,2011,4,3,162,3,https://historico.conaliteg.gob.mx/c/H2011P4CI314/003.jpg,0,0.018519,Q1,source_jpeg,1,200,image/jpeg,262330,3c934cd9a45e74f4f830d9a13d9762f5b2f370448d9f891c7c6ffe8a4a9c18c6,1,
CN_PENDING_PAGE_MANIFEST_0.1,LTMD-CN4-G2011-VP004,LTMD-CN4-G2011,H2011P4CI314,2011,4,4,162,4,https://historico.conaliteg.gob.mx/c/H2011P4CI314/004.jpg,0,0.024691,Q1,source_jpeg,1,200,image/jpeg,297692,14a5fde3c27ee1df8c2743b157b3dc26342c76195f9ed618ae4bea8d98b3f84d,1,
CN_PENDING_PAGE_MANIFEST_0.1,LTMD-CN4-G2011-VP005,LTMD-CN4-G2011,H2011P4CI314,2011,4,5,162,5,https://historico.conaliteg.gob.mx/c/H2011P4CI314/005.jpg,0,0.030864,Q1,source_jpeg,1,200,image/jpeg,368749,504a78e44e06cadb944e1487b83ff54be63a0a124a227340582829bf6f246b96,1,
CN_PENDING_PAGE_MANIFEST_0.1,LTMD-CN4-G2011-VP006,LTMD-CN4-G2011,H2011P4CI314,2011,4,6,162,6,https://historico.conaliteg.gob.mx/c/H2011P4CI314/006.jpg,0,0.037037,Q1,source_jpeg,1,200,image/jpeg,213537,8397f77f628f5bdd5abef4c060d9c4146d99e3aee8441cd9dd6edbd269688a65,1,
CN_PENDING_PAGE_MANIFEST_0.1,LTMD-CN4-G2011-VP007,LTMD-CN4-G2011,H2011P4CI314,2011,4,7,162,7,https://historico.conaliteg.gob.mx/c/H2011P4CI314/007.jpg,0,0.043210,Q1,source_jpeg,1,200,image/jpeg,187267,a500fc8f5bf9c0e9b4a6048955fbedeecb6d13cefaf21172aacd52f595fe7710,1,
CN_PENDING_PAGE_MANIFEST_0.1,LTMD-CN4-G2011-VP008,LTMD-CN4-G2011,H2011P4CI314,2011,4,8,162,8,https://historico.conaliteg.gob.mx/c/H2011P4CI314/008.jpg,0,0.049383,Q1,source_jpeg,1,200,image/jpeg,189792,7380fae2d36f8cbe062260d3ef5ae99e9057ff4b979c4903d2038d61892ccb8d,1,
CN_PENDING_PAGE_MANIFEST_0.1,LTMD-CN4-G2011-VP009,LTMD-CN4-G2011,H2011P4CI314,2011,4,9,162,9,https://historico.conaliteg.gob.mx/c/H2011P4CI314/009.jpg,0,0.055556,Q1,source_jpeg,1,200,image/jpeg,231555,87bec8ee853b195e33dbd73b06ead091dd03f41f2410751b08b30039bea2d6ff,1,
CN_PENDING_PAGE_MANIFEST_0.1,LTMD-CN4-G2011-VP010,LTMD-CN4-G2011,H2011P4CI314,2011,4,10,162,10,https://historico.conaliteg.gob.mx/c/H2011P4CI314/010.jpg,0,0.061728,Q1,source_jpeg,1,200,image/jpeg,365211,91fd33b19ff7a7b47ba73dd6acd9707a06fcae877af167a7cc8d8e797a9a20c3,1,
CN_PENDING_PAGE_MANIFEST_0.1,LTMD-CN4-G2011-VP011,LTMD-CN4-G2011,H2011P4CI314,2011,4,11,162,11,https://historico.conaliteg.gob.mx/c/H2011P4CI314/011.jpg,0,0.067901,Q1,source_jpeg,1,200,image/jpeg,211576,cd40c3b9cd7821bcf15e89783c3b890ef51899477696309cbbf2dad62c5d1dab,1,
CN_PENDING_PAGE_MANIFEST_0.1,LTMD-CN4-G2011-VP012,LTMD-CN4-G2011,H2011P4CI314,2011,4,12,162,12,https://historico.conaliteg.gob.mx/c/H2011P4CI314/012.jpg,0,0.074074,Q1,source_jpeg,1,200,image/jpeg,299323,00868db58e341e80362c2e7be3f0898ee35d41c11b10ad2dc0daf06e892810da,1,
CN_PENDING_PAGE_MANIFEST_0.1,LTMD-CN4-G2011-VP013,LTMD-CN4-G2011,H2011P4CI314,2011,4,13,162,13,https://historico.conaliteg.gob.mx/c/H2011P4CI314/013.jpg,0,0.080247,Q1,source_jpeg,1,200,image/jpeg,288496,c28995b05961c7477663dabe335174790b3451da73d3e7b4a2439e6cfc231952,1,
CN_PENDING_PAGE_MANIFEST_0.1,LTMD-CN4-G2011-VP014,LTMD-CN4-G2011,H2011P4CI314,2011,4,14,162,14,https://historico.conaliteg.gob.mx/c/H2011P4CI314/014.jpg,0,0.086420,Q1,source_jpeg,1,200,image/jpeg,311671,42a36a86d625a3625e3895b98a5886f13e4a211c3d456e315a2f60e7131261d2,1,
CN_PENDING_PAGE_MANIFEST_0.1,LTMD-CN4-G2011-VP015,LTMD-CN4-G2011,H2011P4CI314,2011,4,15,162,15,https://historico.conaliteg.gob.mx/c/H2011P4CI314/015.jpg,0,0.092593,Q1,source_jpeg,1,200,image/jpeg,305139,432cc2a68826725172b4aa5a3ddc63d055f9ee3caaba0991f9649e13128809ca,1,
CN_PENDING_PAGE_MANIFEST_0.1,LTMD-CN4-G2011-VP016,LTMD-CN4-G2011,H2011P4CI314,2011,4,16,162,16,https://historico.conaliteg.gob.mx/c/H2011P4CI314/016.jpg,0,0.098765,Q1,source_jpeg,1,200,image/jpeg,304351,7b107bac61e6f7255b214b65457d7bd44d53d04537cbbabac45cec2d9bbd3110,1,
CN_PENDING_PAGE_MANIFEST_0.1,LTMD-CN4-G2011-VP017,LTMD-CN4-G2011,H2011P4CI314,2011,4,17,162,17,https://historico.conaliteg.gob.mx/c/H2011P4CI314/017.jpg,0,0.104938,Q1,source_jpeg,1,200,image/jpeg,357082,f729853eba9eac75ee41d2a5706ee355bf01c1c04e9974c731a81d787c9df217,1,
CN_PENDING_PAGE_MANIFEST_0.1,LTMD-CN4-G2011-VP018,LTMD-CN4-G2011,H2011P4CI314,2011,4,18,162,18,https://historico.conaliteg.gob.mx/c/H2011P4CI314/018.jpg,0,0.111111,Q1,source_jpeg,1,200,image/jpeg,324566,bb9b3b2988e1adc9669206f5dd298b1f82885160554d9eb7afdeb70d29ad28d8,1,
CN_PENDING_PAGE_MANIFEST_0.1,LTMD-CN4-G2011-VP019,LTMD-CN4-G2011,H2011P4CI314,2011,4,19,162,19,https://historico.conaliteg.gob.mx/c/H2011P4CI314/019.jpg,0,0.117284,Q1,source_jpeg,1,200,image/jpeg,284391,c5c0b91aa13cc77a30dda6d59bf431ea347783ccede08484330818a1df243988,1,
CN_PENDING_PAGE_MANIFEST_0.1,LTMD-CN4-G2011-VP020,LTMD-CN4-G2011,H2011P4CI314,2011,4,20,162,20,https://historico.conaliteg.gob.mx/c/H2011P4CI314/020.jpg,0,0.123457,Q1,source_jpeg,1,200,image/jpeg,301700,c37c1ffb4f535e9f4ac007222259e78fadcd51dbb4f1f51df2d5e3c0a4ca959e,1,
CN_PENDING_PAGE_MANIFEST_0.1,LTMD-CN4-G2011-VP021,LTMD-CN4-G2011,H2011P4CI314,2011,4,21,162,21,https://historico.conaliteg.gob.mx/c/H2011P4CI314/021.jpg,0,0.129630,Q1,source_jpeg,1,200,image/jpeg,348016,4f553beece40c84bd6b42371bac4043abfb9d4a9921ac90f9141fa15661f377f,1,
CN_PENDING_PAGE_MANIFEST_0.1,LTMD-CN4-G2011-VP022,LTMD-CN4-G2011,H2011P4CI314,2011,4,22,162,22,https://historico.conaliteg.gob.mx/c/H2011P4CI314/022.jpg,0,0.135802,Q1,source_jpeg,1,200,image/jpeg,349312,9fa9a096958d02f3479f8bde1e9a7c5d89a57462bd1c33c8d0e91a4322e7d8eb,1,
CN_PENDING_PAGE_MANIFEST_0.1,LTMD-CN4-G2011-VP023,LTMD-CN4-G2011,H2011P4CI314,2011,4,23,162,23,https://historico.conaliteg.gob.mx/c/H2011P4CI314/023.jpg,0,0.141975,Q1,source_jpeg,1,200,image/jpeg,303149,de46274c041047d6799cf7ab10ea57a76486912788371393d357339d9d2e85aa,1,
CN_PENDING_PAGE_MANIFEST_0.1,LTMD-CN4-G2011-VP024,LTMD-CN4-G2011,H2011P4CI314,2011,4,24,162,24,https://historico.conaliteg.gob.mx/c/H2011P4CI314/024.jpg,0,0.148148,Q1,source_jpeg,1,200,image/jpeg,308503,157c1c3faed7801219aac8858a16815dc887ab80176291f6a4bd02cd3b714717,1,
CN_PENDING_PAGE_MANIFEST_0.1,LTMD-CN4-G2011-VP025,LTMD-CN4-G2011,H2011P4CI314,2011,4,25,162,25,https://historico.conaliteg.gob.mx/c/H2011P4CI314/025.jpg,0,0.154321,Q1,source_jpeg,1,200,image/jpeg,317973,684ff7af1be05828b6fdf2389e3e121abd143bc9e0e3426093f37fa4035f9c95,1,
CN_PENDING_PAGE_MANIFEST_0.1,LTMD-CN4-G2011-VP026,LTMD-CN4-G2011,H2011P4CI314,2011,4,26,162,26,https://historico.conaliteg.gob.mx/c/H2011P4CI314/026.jpg,0,0.160494,Q1,source_jpeg,1,200,image/jpeg,330067,a16932824795046ef9b4cf79764113fccc66ed732d607f03f821510ad02af24e,1,
CN_PENDING_PAGE_MANIFEST_0.1,LTMD-CN4-G2011-VP027,LTMD-CN4-G2011,H2011P4CI314,2011,4,27,162,27,https://historico.conaliteg.gob.mx/c/H2011P4CI314/027.jpg,0,0.166667,Q1,source_jpeg,1,200,image/jpeg,338762,1bf1024cadc11f36576a9e3a736b9e09416e148aa55ce0d2999cd920c2d7fdb4,1,
CN_PENDING_PAGE_MANIFEST_0.1,LTMD-CN4-G2011-VP028,LTMD-CN4-G2011,H2011P4CI314,2011,4,28,162,28,https://historico.conaliteg.gob.mx/c/H2011P4CI314/028.jpg,0,0.172840,Q1,source_jpeg,1,200,image/jpeg,302600,88cf00e63f821c9e19d98b3c52088ad3af3732e2b6ee275c74ecddba146ea91d,1,
CN_PENDING_PAGE_MANIFEST_0.1,LTMD-CN4-G2011-VP029,LTMD-CN4-G2011,H2011P4CI314,2011,4,29,162,29,https://historico.conaliteg.gob.mx/c/H2011P4CI314/029.jpg,0,0.179012,Q1,source_jpeg,1,200,image/jpeg,378175,51d4de42ac733d9302c8aa339a31c6fdcede90aa32c8e94c6a5ea8bead75ac09,1,
CN_PENDING_PAGE_MANIFEST_0.1,LTMD-CN4-G2011-VP030,LTMD-CN4-G2011,H2011P4CI314,2011,4,30,162,30,https://historico.conaliteg.gob.mx/c/H2011P4CI314/030.jpg,0,0.185185,Q1,source_jpeg,1,200,image/jpeg,337783,4ede7dbca039785a63df1de95ddb7afa703520f834cb09a21a56fccdbf75560e,1,
CN_PENDING_PAGE_MANIFEST_0.1,LTMD-CN4-G2011-VP031,LTMD-CN4-G2011,H2011P4CI314,2011,4,31,162,31,https://historico.conaliteg.gob.mx/c/H2011P4CI314/031.jpg,0,0.191358,Q1,source_jpeg,1,200,image/jpeg,361834,da773cdf4b2d22d841701b0e3f85aae1e33fbbf7325622412fd6ad424c4455fb,1,
CN_PENDING_PAGE_MANIFEST_0.1,LTMD-CN4-G2011-VP032,LTMD-CN4-G2011,H2011P4CI314,2011,4,32,162,32,https://historico.conaliteg.gob.mx/c/H2011P4CI314/032.jpg,0,0.197531,Q1,source_jpeg,1,200,image/jpeg,296954,22375aa10e28157a08aef58c0a0af0f863d91b3c4f85dad06a1de6ff63430493,1,
CN_PENDING_PAGE_MANIFEST_0.1,LTMD-CN4-G2011-VP033,LTMD-CN4-G2011,H2011P4CI314,2011,4,33,162,33,https://historico.conaliteg.gob.mx/c/H2011P4CI314/033.jpg,0,0.203704,Q1,source_jpeg,1,200,image/jpeg,273869,ccff7a69d9ae9f4062ba0aab866280ffdf8139dd63e7357415712984ca7cf205,1,
CN_PENDING_PAGE_MANIFEST_0.1,LTMD-CN4-G2011-VP034,LTMD-CN4-G2011,H2011P4CI314,2011,4,34,162,34,https://historico.conaliteg.gob.mx/c/H2011P4CI314/034.jpg,0,0.209877,Q1,source_jpeg,1,200,image/jpeg,279796,55610e1f3ed2ff17a29bc8db9bf773309349050a2028c2c4e68aa4d9bdd005d5,1,
CN_PENDING_PAGE_MANIFEST_0.1,LTMD-CN4-G2011-VP035,LTMD-CN4-G2011,H2011P4CI314,2011,4,35,162,35,https://historico.conaliteg.gob.mx/c/H2011P4CI314/035.jpg,0,0.216049,Q1,source_jpeg,1,200,image/jpeg,247614,076297d2819bc82f8687cfe99e881875168e700781015113152874103d7c9b27,1,
CN_PENDING_PAGE_MANIFEST_0.1,LTMD-CN4-G2011-VP036,LTMD-CN4-G2011,H2011P4CI314,2011,4,36,162,36,https://historico.conaliteg.gob.mx/c/H2011P4CI314/036.jpg,0,0.222222,Q1,source_jpeg,1,200,image/jpeg,353381,bda68ed485316a97cde519322128452735f19ecd70b43f7abb04acfd327911fe,1,
CN_PENDING_PAGE_MANIFEST_0.1,LTMD-CN4-G2011-VP037,LTMD-CN4-G2011,H2011P4CI314,2011,4,37,162,37,https://historico.conaliteg.gob.mx/c/H2011P4CI314/037.jpg,0,0.228395,Q1,source_jpeg,1,200,image/jpeg,325243,95f42e35bb7c2c847340f2d4e2cd7b006ee339116db2473c189eae08dcc675d9,1,
CN_PENDING_PAGE_MANIFEST_0.1,LTMD-CN4-G2011-VP038,LTMD-CN4-G2011,H2011P4CI314,2011,4,38,162,38,https://historico.conaliteg.gob.mx/c/H2011P4CI314/038.jpg,0,0.234568,Q1,source_jpeg,1,200,image/jpeg,219688,41dc7e93c88352236d572ef50e758b6b2515bc177c5d0cb6a8922a2a43878149,1,
CN_PENDING_PAGE_MANIFEST_0.1,LTMD-CN4-G2011-VP039,LTMD-CN4-G2011,H2011P4CI314,2011,4,39,162,39,https://historico.conaliteg.gob.mx/c/H2011P4CI314/039.jpg,0,0.240741,Q1,source_jpeg,1,200,image/jpeg,227324,a909d2cee0bf0b33ac264ee3dc88ad54b56997f0a95bc0efc0dfeb0ad6b7614e,1,
CN_PENDING_PAGE_MANIFEST_0.1,LTMD-CN4-G2011-VP040,LTMD-CN4-G2011,H2011P4CI314,2011,4,40,162,40,https://historico.conaliteg.gob.mx/c/H2011P4CI314/040.jpg,0,0.246914,Q1,source_jpeg,1,200,image/jpeg,277327,957c25e183667597cbcb0510721ccbc850b8c653802520fd49d01191db1a1f98,1,
CN_PENDING_PAGE_MANIFEST_0.1,LTMD-CN4-G2011-VP041,LTMD-CN4-G2011,H2011P4CI314,2011,4,41,162,41,https://historico.conaliteg.gob.mx/c/H2011P4CI314/041.jpg,0,0.253086,Q2,source_jpeg,1,200,image/jpeg,140875,a1a8c2b62629db7dceab9722493ac8bc834a36bbcf076e747e93d9bf18d14f10,1,
CN_PENDING_PAGE_MANIFEST_0.1,LTMD-CN4-G2011-VP042,LTMD-CN4-G2011,H2011P4CI314,2011,4,42,162,42,https://historico.conaliteg.gob.mx/c/H2011P4CI314/042.jpg,0,0.259259,Q2,source_jpeg,1,200,image/jpeg,511240,1cf83997cda74d161062530907179bb55515e1e5951f07684171edcea81d3a99,1,
CN_PENDING_PAGE_MANIFEST_0.1,LTMD-CN4-G2011-VP043,LTMD-CN4-G2011,H2011P4CI314,2011,4,43,162,43,https://historico.conaliteg.gob.mx/c/H2011P4CI314/043.jpg,0,0.265432,Q2,source_jpeg,1,200,image/jpeg,343569,71dee5e2ba55345397e68298a08c5e50735ed05d6b1ec98475614bf12485513a,1,
CN_PENDING_PAGE_MANIFEST_0.1,LTMD-CN4-G2011-VP044,LTMD-CN4-G2011,H2011P4CI314,2011,4,44,162,44,https://historico.conaliteg.gob.mx/c/H2011P4CI314/044.jpg,0,0.271605,Q2,source_jpeg,1,200,image/jpeg,358009,1f3db5ce2aa348919a6952cc5b63f13b049ed3b8e574b8f3f3033426b5d2eb70,1,
CN_PENDING_PAGE_MANIFEST_0.1,LTMD-CN4-G2011-VP045,LTMD-CN4-G2011,H2011P4CI314,2011,4,45,162,45,https://historico.conaliteg.gob.mx/c/H2011P4CI314/045.jpg,0,0.277778,Q2,source_jpeg,1,200,image/jpeg,326878,ddbeba68bb148e3704ec822e02cc8d8400ed16408c1acfa02877f2b465c4b5e9,1,
CN_PENDING_PAGE_MANIFEST_0.1,LTMD-CN4-G2011-VP046,LTMD-CN4-G2011,H2011P4CI314,2011,4,46,162,46,https://historico.conaliteg.gob.mx/c/H2011P4CI314/046.jpg,0,0.283951,Q2,source_jpeg,1,200,image/jpeg,287954,d334aa27649a5d68831e72c05b93ca8332ffa16ac82d489ca6978942c74be817,1,
CN_PENDING_PAGE_MANIFEST_0.1,LTMD-CN4-G2011-VP047,LTMD-CN4-G2011,H2011P4CI314,2011,4,47,162,47,https://historico.conaliteg.gob.mx/c/H2011P4CI314/047.jpg,0,0.290123,Q2,source_jpeg,1,200,image/jpeg,349425,4501030657f63f7fb814cda5992bc0f46a4ab33fe519d3b485ee1df4f342a91b,1,
CN_PENDING_PAGE_MANIFEST_0.1,LTMD-CN4-G2011-VP048,LTMD-CN4-G2011,H2011P4CI314,2011,4,48,162,48,https://historico.conaliteg.gob.mx/c/H2011P4CI314/048.jpg,0,0.296296,Q2,source_jpeg,1,200,image/jpeg,366824,833f793a333e4b784a28b6435c35a58070bbd086dd557cc74f4700cddf3b2308,1,
CN_PENDING_PAGE_MANIFEST_0.1,LTMD-CN4-G2011-VP049,LTMD-CN4-G2011,H2011P4CI314,2011,4,49,162,49,https://historico.conaliteg.gob.mx/c/H2011P4CI314/049.jpg,0,0.302469,Q2,source_jpeg,1,200,image/jpeg,329774,d0de28e47267b4e4605ea46adbb19dd990873522041818a48c2b896565f4d73e,1,
CN_PENDING_PAGE_MANIFEST_0.1,LTMD-CN4-G2011-VP050,LTMD-CN4-G2011,H2011P4CI314,2011,4,50,162,50,https://historico.conaliteg.gob.mx/c/H2011P4CI314/050.jpg,0,0.308642,Q2,source_jpeg,1,200,image/jpeg,317352,8e8cce14dfd18f2b064cc2d8c872a1d679218f155fadb6ea88f0cef16ae72e79,1,
CN_PENDING_PAGE_MANIFEST_0.1,LTMD-CN4-G2011-VP051,LTMD-CN4-G2011,H2011P4CI314,2011,4,51,162,51,https://historico.conaliteg.gob.mx/c/H2011P4CI314/051.jpg,0,0.314815,Q2,source_jpeg,1,200,image/jpeg,568784,05b4139c2bbe8654733666a723043d1c4d4781139b67dec3b107d1a93f8c1f3f,1,
CN_PENDING_PAGE_MANIFEST_0.1,LTMD-CN4-G2011-VP052,LTMD-CN4-G2011,H2011P4CI314,2011,4,52,162,52,https://historico.conaliteg.gob.mx/c/H2011P4CI314/052.jpg,0,0.320988,Q2,source_jpeg,1,200,image/jpeg,391201,5e98c48d24b26241b175079203130596c8f29ead57ae6915bff2553abe703311,1,
CN_PENDING_PAGE_MANIFEST_0.1,LTMD-CN4-G2011-VP053,LTMD-CN4-G2011,H2011P4CI314,2011,4,53,162,53,https://historico.conaliteg.gob.mx/c/H2011P4CI314/053.jpg,0,0.327160,Q2,source_jpeg,1,200,image/jpeg,344993,dcab2bab398be432943ac5119eac58f816700b576851df52eb181f20f39a0750,1,
CN_PENDING_PAGE_MANIFEST_0.1,LTMD-CN4-G2011-VP054,LTMD-CN4-G2011,H2011P4CI314,2011,4,54,162,54,https://historico.conaliteg.gob.mx/c/H2011P4CI314/054.jpg,0,0.333333,Q2,source_jpeg,1,200,image/jpeg,417132,eecb48e11cbb4a3e9f9f66f1be788d1735f157f59389d8932d0c46cd5b9008b9,1,
CN_PENDING_PAGE_MANIFEST_0.1,LTMD-CN4-G2011-VP055,LTMD-CN4-G2011,H2011P4CI314,2011,4,55,162,55,https://historico.conaliteg.gob.mx/c/H2011P4CI314/055.jpg,0,0.339506,Q2,source_jpeg,1,200,image/jpeg,395304,37bbd36399054312c745f8abf656f1535a7c44872bf69100078c857eac63083b,1,
CN_PENDING_PAGE_MANIFEST_0.1,LTMD-CN4-G2011-VP056,LTMD-CN4-G2011,H2011P4CI314,2011,4,56,162,56,https://historico.conaliteg.gob.mx/c/H2011P4CI314/056.jpg,0,0.345679,Q2,source_jpeg,1,200,image/jpeg,379815,be770e28e048d4e858f669c164c880ad1007002277fbf20a95763aa9260a1615,1,
CN_PENDING_PAGE_MANIFEST_0.1,LTMD-CN4-G2011-VP057,LTMD-CN4-G2011,H2011P4CI314,2011,4,57,162,57,https://historico.conaliteg.gob.mx/c/H2011P4CI314/057.jpg,0,0.351852,Q2,source_jpeg,1,200,image/jpeg,374825,2c1493da8ecceb5c476492aee93007c6eb5f2ddbe0e7d966aacec04f0b70381e,1,
CN_PENDING_PAGE_MANIFEST_0.1,LTMD-CN4-G2011-VP058,LTMD-CN4-G2011,H2011P4CI314,2011,4,58,162,58,https://historico.conaliteg.gob.mx/c/H2011P4CI314/058.jpg,0,0.358025,Q2,source_jpeg,1,200,image/jpeg,530846,3552d72e594ac2c12e02b7df119db98745dff9ac022136990b60033f63dff594,1,
CN_PENDING_PAGE_MANIFEST_0.1,LTMD-CN4-G2011-VP059,LTMD-CN4-G2011,H2011P4CI314,2011,4,59,162,59,https://historico.conaliteg.gob.mx/c/H2011P4CI314/059.jpg,0,0.364198,Q2,source_jpeg,1,200,image/jpeg,345168,9e69a05a1b91dcf9b9226ed5a28af0eea1978efa63f2f6f79f5d85de1210fd50,1,
CN_PENDING_PAGE_MANIFEST_0.1,LTMD-CN4-G2011-VP060,LTMD-CN4-G2011,H2011P4CI314,2011,4,60,162,60,https://historico.conaliteg.gob.mx/c/H2011P4CI314/060.jpg,0,0.370370,Q2,source_jpeg,1,200,image/jpeg,439378,501d62c6e0fef4325af8410271b687f5133c502430b252bf825bbfbb46eb353d,1,
CN_PENDING_PAGE_MANIFEST_0.1,LTMD-CN4-G2011-VP061,LTMD-CN4-G2011,H2011P4CI314,2011,4,61,162,61,https://historico.conaliteg.gob.mx/c/H2011P4CI314/061.jpg,0,0.376543,Q2,source_jpeg,1,200,image/jpeg,414039,0013e9505dfba8383e5d51f1a7b685b3d4c0cf801de75fc0cb178770a60054f7,1,
CN_PENDING_PAGE_MANIFEST_0.1,LTMD-CN4-G2011-VP062,LTMD-CN4-G2011,H2011P4CI314,2011,4,62,162,62,https://historico.conaliteg.gob.mx/c/H2011P4CI314/062.jpg,0,0.382716,Q2,source_jpeg,1,200,image/jpeg,341819,8bcd2af17f88bf99c9e732d254840244074133350d545c4f7a8b1ca1da3a0c04,1,
CN_PENDING_PAGE_MANIFEST_0.1,LTMD-CN4-G2011-VP063,LTMD-CN4-G2011,H2011P4CI314,2011,4,63,162,63,https://historico.conaliteg.gob.mx/c/H2011P4CI314/063.jpg,0,0.388889,Q2,source_jpeg,1,200,image/jpeg,404584,e03f312a3fa73bf500b4610a6e6998e87393adc89c67365f21f408efc36763cc,1,
CN_PENDING_PAGE_MANIFEST_0.1,LTMD-CN4-G2011-VP064,LTMD-CN4-G2011,H2011P4CI314,2011,4,64,162,64,https://historico.conaliteg.gob.mx/c/H2011P4CI314/064.jpg,0,0.395062,Q2,source_jpeg,1,200,image/jpeg,395387,d6ebb5c5b953017faefcead3122f1e746b5decc9f48f2af64866f16a93c8fdfc,1,
CN_PENDING_PAGE_MANIFEST_0.1,LTMD-CN4-G2011-VP065,LTMD-CN4-G2011,H2011P4CI314,2011,4,65,162,65,https://historico.conaliteg.gob.mx/c/H2011P4CI314/065.jpg,0,0.401235,Q2,source_jpeg,1,200,image/jpeg,423961,508139807c6f3d1db2a141c045fbf3e77c0dc8ac6c7cea198e8d30c863a5fc29,1,
CN_PENDING_PAGE_MANIFEST_0.1,LTMD-CN4-G2011-VP066,LTMD-CN4-G2011,H2011P4CI314,2011,4,66,162,66,https://historico.conaliteg.gob.mx/c/H2011P4CI314/066.jpg,0,0.407407,Q2,source_jpeg,1,200,image/jpeg,403603,83d539fc2fd6ecf5a4a399e8888b71669494e76d13eba47b310029d8c5d00209,1,
CN_PENDING_PAGE_MANIFEST_0.1,LTMD-CN4-G2011-VP067,LTMD-CN4-G2011,H2011P4CI314,2011,4,67,162,67,https://historico.conaliteg.gob.mx/c/H2011P4CI314/067.jpg,0,0.413580,Q2,source_jpeg,1,200,image/jpeg,410181,5d276dc141a1db8c07f185b61b1dabb36665bf6d2b6d50137caf87d3a6727f17,1,
CN_PENDING_PAGE_MANIFEST_0.1,LTMD-CN4-G2011-VP068,LTMD-CN4-G2011,H2011P4CI314,2011,4,68,162,68,https://historico.conaliteg.gob.mx/c/H2011P4CI314/068.jpg,0,0.419753,Q2,source_jpeg,1,200,image/jpeg,345237,126c374968f0e2fdb58f1dd0b7ba0cfa1567b80bc500e8d251065b4689e5b56a,1,
CN_PENDING_PAGE_MANIFEST_0.1,LTMD-CN4-G2011-VP069,LTMD-CN4-G2011,H2011P4CI314,2011,4,69,162,69,https://historico.conaliteg.gob.mx/c/H2011P4CI314/069.jpg,0,0.425926,Q2,source_jpeg,1,200,image/jpeg,355056,a7a6a61ba60948727071be600c2da5b0c256bf1e38f425269b17ab42ca6fffd2,1,
CN_PENDING_PAGE_MANIFEST_0.1,LTMD-CN4-G2011-VP070,LTMD-CN4-G2011,H2011P4CI314,2011,4,70,162,70,https://historico.conaliteg.gob.mx/c/H2011P4CI314/070.jpg,0,0.432099,Q2,source_jpeg,1,200,image/jpeg,244747,66d4930cc1513e9721f4ae656e39e7e778b6c3202b4d6bed43aefe741602c753,1,
CN_PENDING_PAGE_MANIFEST_0.1,LTMD-CN4-G2011-VP071,LTMD-CN4-G2011,H2011P4CI314,2011,4,71,162,71,https://historico.conaliteg.gob.mx/c/H2011P4CI314/071.jpg,0,0.438272,Q2,source_jpeg,1,200,image/jpeg,211032,7c495b35b2b044bac23b81dbc1406df011a2f6698a5a377f3fcac5d6cb37c584,1,
CN_PENDING_PAGE_MANIFEST_0.1,LTMD-CN4-G2011-VP072,LTMD-CN4-G2011,H2011P4CI314,2011,4,72,162,72,https://historico.conaliteg.gob.mx/c/H2011P4CI314/072.jpg,0,0.444444,Q2,source_jpeg,1,200,image/jpeg,248086,d7cd2ecd6e88b8948acf0757eb45344f3b3bfa2f7e41afc93379826478dfe757,1,
CN_PENDING_PAGE_MANIFEST_0.1,LTMD-CN4-G2011-VP073,LTMD-CN4-G2011,H2011P4CI314,2011,4,73,162,73,https://historico.conaliteg.gob.mx/c/H2011P4CI314/073.jpg,0,0.450617,Q2,source_jpeg,1,200,image/jpeg,150814,27ba5236c57188142e53ecf235542c403ed18437036de37ffa1f75d5271f5ce8,1,
CN_PENDING_PAGE_MANIFEST_0.1,LTMD-CN4-G2011-VP074,LTMD-CN4-G2011,H2011P4CI314,2011,4,74,162,74,https://historico.conaliteg.gob.mx/c/H2011P4CI314/074.jpg,0,0.456790,Q2,source_jpeg,1,200,image/jpeg,281188,f65338a04e52d05fcd433f52784244e72ef00c18415e6ae2fafc63f927add236,1,
CN_PENDING_PAGE_MANIFEST_0.1,LTMD-CN4-G2011-VP075,LTMD-CN4-G2011,H2011P4CI314,2011,4,75,162,75,https://historico.conaliteg.gob.mx/c/H2011P4CI314/075.jpg,0,0.462963,Q2,source_jpeg,1,200,image/jpeg,248652,33854e817d73c80357f7412f04df1dfc16d2e8f229916b03a728af6f375d196d,1,
CN_PENDING_PAGE_MANIFEST_0.1,LTMD-CN4-G2011-VP076,LTMD-CN4-G2011,H2011P4CI314,2011,4,76,162,76,https://historico.conaliteg.gob.mx/c/H2011P4CI314/076.jpg,0,0.469136,Q2,source_jpeg,1,200,image/jpeg,374366,aac4c07f174c00edda60632e4ac7971ae067a87ea17eff13556608af83df9467,1,
CN_PENDING_PAGE_MANIFEST_0.1,LTMD-CN4-G2011-VP077,LTMD-CN4-G2011,H2011P4CI314,2011,4,77,162,77,https://historico.conaliteg.gob.mx/c/H2011P4CI314/077.jpg,0,0.475309,Q2,source_jpeg,1,200,image/jpeg,310873,44e585ac8fafb77280a0cbf9afad69f7fb759673132f8f9907808a0eebb00e27,1,
CN_PENDING_PAGE_MANIFEST_0.1,LTMD-CN4-G2011-VP078,LTMD-CN4-G2011,H2011P4CI314,2011,4,78,162,78,https://historico.conaliteg.gob.mx/c/H2011P4CI314/078.jpg,0,0.481481,Q2,source_jpeg,1,200,image/jpeg,264912,51531e8c9b98026a1cf55fc3c0544e33af9e3e5cf728c7cabbd20b7b66641e1e,1,
CN_PENDING_PAGE_MANIFEST_0.1,LTMD-CN4-G2011-VP079,LTMD-CN4-G2011,H2011P4CI314,2011,4,79,162,79,https://historico.conaliteg.gob.mx/c/H2011P4CI314/079.jpg,0,0.487654,Q2,source_jpeg,1,200,image/jpeg,330214,64871c2e671fa8b76028de575dfe59d2c480a4a9d299455730a873c377a093c6,1,
CN_PENDING_PAGE_MANIFEST_0.1,LTMD-CN4-G2011-VP080,LTMD-CN4-G2011,H2011P4CI314,2011,4,80,162,80,https://historico.conaliteg.gob.mx/c/H2011P4CI314/080.jpg,0,0.493827,Q2,source_jpeg,1,200,image/jpeg,276551,72ae769cf537f677616573887b937e3c252347f5bc47ffd8a1d2884b00b49508,1,
CN_PENDING_PAGE_MANIFEST_0.1,LTMD-CN4-G2011-VP081,LTMD-CN4-G2011,H2011P4CI314,2011,4,81,162,81,https://historico.conaliteg.gob.mx/c/H2011P4CI314/081.jpg,0,0.500000,Q2,source_jpeg,1,200,image/jpeg,262364,1a11098874532b24b1f5683ff3360ce07cfe0b9ee445c49e33f612b15ddfc2a8,1,
CN_PENDING_PAGE_MANIFEST_0.1,LTMD-CN4-G2011-VP082,LTMD-CN4-G2011,H2011P4CI314,2011,4,82,162,82,https://historico.conaliteg.gob.mx/c/H2011P4CI314/082.jpg,0,0.506173,Q3,source_jpeg,1,200,image/jpeg,307366,373d06c9beb5642b5543f606c1cf9f5c3c550233932815c72b885c61310c1e30,1,
CN_PENDING_PAGE_MANIFEST_0.1,LTMD-CN4-G2011-VP083,LTMD-CN4-G2011,H2011P4CI314,2011,4,83,162,83,https://historico.conaliteg.gob.mx/c/H2011P4CI314/083.jpg,0,0.512346,Q3,source_jpeg,1,200,image/jpeg,440446,5103bd5c545d80d0bd6808711fa6c0c2e5fb774b3bbca558bdf538a65d8bc697,1,
CN_PENDING_PAGE_MANIFEST_0.1,LTMD-CN4-G2011-VP084,LTMD-CN4-G2011,H2011P4CI314,2011,4,84,162,84,https://historico.conaliteg.gob.mx/c/H2011P4CI314/084.jpg,0,0.518519,Q3,source_jpeg,1,200,image/jpeg,370849,4700f8a0ccd598bfcad3957a9d699e105279dc3d9fbb5d3412725c4d8f0d57bc,1,
CN_PENDING_PAGE_MANIFEST_0.1,LTMD-CN4-G2011-VP085,LTMD-CN4-G2011,H2011P4CI314,2011,4,85,162,85,https://historico.conaliteg.gob.mx/c/H2011P4CI314/085.jpg,0,0.524691,Q3,source_jpeg,1,200,image/jpeg,368467,82275b8a9b98e9f0b9e32f574d20546a92783c180d744edded0c195295067cd9,1,
CN_PENDING_PAGE_MANIFEST_0.1,LTMD-CN4-G2011-VP086,LTMD-CN4-G2011,H2011P4CI314,2011,4,86,162,86,https://historico.conaliteg.gob.mx/c/H2011P4CI314/086.jpg,0,0.530864,Q3,source_jpeg,1,200,image/jpeg,391421,96b500dae41b0d811fb1f2f656ee3e55d568345363e1f7866b325b21bb7d8f1a,1,
CN_PENDING_PAGE_MANIFEST_0.1,LTMD-CN4-G2011-VP087,LTMD-CN4-G2011,H2011P4CI314,2011,4,87,162,87,https://historico.conaliteg.gob.mx/c/H2011P4CI314/087.jpg,0,0.537037,Q3,source_jpeg,1,200,image/jpeg,378162,c5a0f257c1948c6c83079596fceba739f439b4fb992469d162b69bb82f6b71f6,1,
CN_PENDING_PAGE_MANIFEST_0.1,LTMD-CN4-G2011-VP088,LTMD-CN4-G2011,H2011P4CI314,2011,4,88,162,88,https://historico.conaliteg.gob.mx/c/H2011P4CI314/088.jpg,0,0.543210,Q3,source_jpeg,1,200,image/jpeg,328664,702c98e84588eb187986f7f334ab7122846852f3ee211e823b04f2e1474b3ce2,1,
CN_PENDING_PAGE_MANIFEST_0.1,LTMD-CN4-G2011-VP089,LTMD-CN4-G2011,H2011P4CI314,2011,4,89,162,89,https://historico.conaliteg.gob.mx/c/H2011P4CI314/089.jpg,0,0.549383,Q3,source_jpeg,1,200,image/jpeg,373285,d4423320c5504e6ebd5685e6f773b56111d954a2e7e7b56dcd5d1fbf8cdf7891,1,
CN_PENDING_PAGE_MANIFEST_0.1,LTMD-CN4-G2011-VP090,LTMD-CN4-G2011,H2011P4CI314,2011,4,90,162,90,https://historico.conaliteg.gob.mx/c/H2011P4CI314/090.jpg,0,0.555556,Q3,source_jpeg,1,200,image/jpeg,403848,875f1ff6bc9cb3627b26bd684db1a0c27d7400b32fab837d31c5967c432ecb83,1,
CN_PENDING_PAGE_MANIFEST_0.1,LTMD-CN4-G2011-VP091,LTMD-CN4-G2011,H2011P4CI314,2011,4,91,162,91,https://historico.conaliteg.gob.mx/c/H2011P4CI314/091.jpg,0,0.561728,Q3,source_jpeg,1,200,image/jpeg,433287,bd98cbcf4c104dbd3cb0033759608d8f92a559d5b4c16555c0c1d7692a19beff,1,
CN_PENDING_PAGE_MANIFEST_0.1,LTMD-CN4-G2011-VP092,LTMD-CN4-G2011,H2011P4CI314,2011,4,92,162,92,https://historico.conaliteg.gob.mx/c/H2011P4CI314/092.jpg,0,0.567901,Q3,source_jpeg,1,200,image/jpeg,351203,2256a6e9574a1e7435c9791b6010bab89ddcefa615d6e337da70061e28c89224,1,
CN_PENDING_PAGE_MANIFEST_0.1,LTMD-CN4-G2011-VP093,LTMD-CN4-G2011,H2011P4CI314,2011,4,93,162,93,https://historico.conaliteg.gob.mx/c/H2011P4CI314/093.jpg,0,0.574074,Q3,source_jpeg,1,200,image/jpeg,343752,d0153c0d606bf78c03da102a08e66638b342f286d019ee92d1668f380b6ed64f,1,
CN_PENDING_PAGE_MANIFEST_0.1,LTMD-CN4-G2011-VP094,LTMD-CN4-G2011,H2011P4CI314,2011,4,94,162,94,https://historico.conaliteg.gob.mx/c/H2011P4CI314/094.jpg,0,0.580247,Q3,source_jpeg,1,200,image/jpeg,265208,ec68762ea5752a7cbc616602cd5604539bcc3afc475ab8dcb49a46bfa16c22eb,1,
CN_PENDING_PAGE_MANIFEST_0.1,LTMD-CN4-G2011-VP095,LTMD-CN4-G2011,H2011P4CI314,2011,4,95,162,95,https://historico.conaliteg.gob.mx/c/H2011P4CI314/095.jpg,0,0.586420,Q3,source_jpeg,1,200,image/jpeg,289178,456e21d1451acbc14f5a1e328803790a98d1cf948d58d497c1b8763d39682a99,1,
CN_PENDING_PAGE_MANIFEST_0.1,LTMD-CN4-G2011-VP096,LTMD-CN4-G2011,H2011P4CI314,2011,4,96,162,96,https://historico.conaliteg.gob.mx/c/H2011P4CI314/096.jpg,0,0.592593,Q3,source_jpeg,1,200,image/jpeg,266366,6f7fd6b088bc132c9699d34b852185ef3dbe329438aa4226f89032338b57bf7e,1,
CN_PENDING_PAGE_MANIFEST_0.1,LTMD-CN4-G2011-VP097,LTMD-CN4-G2011,H2011P4CI314,2011,4,97,162,97,https://historico.conaliteg.gob.mx/c/H2011P4CI314/097.jpg,0,0.598765,Q3,source_jpeg,1,200,image/jpeg,221498,d2c32e80e740dd5338b42f8eb1bcee27d9542042197a8f5d3c50cb1a8ac76a98,1,
CN_PENDING_PAGE_MANIFEST_0.1,LTMD-CN4-G2011-VP098,LTMD-CN4-G2011,H2011P4CI314,2011,4,98,162,98,https://historico.conaliteg.gob.mx/c/H2011P4CI314/098.jpg,0,0.604938,Q3,source_jpeg,1,200,image/jpeg,356227,96b04cddfb672e01a3e12ff93733efee4676df09fb70d74e201069b73e76dcfa,1,
CN_PENDING_PAGE_MANIFEST_0.1,LTMD-CN4-G2011-VP099,LTMD-CN4-G2011,H2011P4CI314,2011,4,99,162,99,https://historico.conaliteg.gob.mx/c/H2011P4CI314/099.jpg,0,0.611111,Q3,source_jpeg,1,200,image/jpeg,152161,8e730e3d22b9883decaf9db261813afb87080874a53c9da38ee467e2a1ee5a7a,1,
CN_PENDING_PAGE_MANIFEST_0.1,LTMD-CN4-G2011-VP100,LTMD-CN4-G2011,H2011P4CI314,2011,4,100,162,100,https://historico.conaliteg.gob.mx/c/H2011P4CI314/100.jpg,0,0.617284,Q3,source_jpeg,1,200,image/jpeg,318567,c60d4606ac466e8ff667439f15dc7e63886a7f206fc134110d055d8dc1839783,1,
CN_PENDING_PAGE_MANIFEST_0.1,LTMD-CN4-G2011-VP101,LTMD-CN4-G2011,H2011P4CI314,2011,4,101,162,101,https://historico.conaliteg.gob.mx/c/H2011P4CI314/101.jpg,0,0.623457,Q3,source_jpeg,1,200,image/jpeg,248343,06a91a63de9c8401f5e369c59c657fd69f09c5a08738cacf06b9fc55fc6cd5e3,1,
CN_PENDING_PAGE_MANIFEST_0.1,LTMD-CN4-G2011-VP102,LTMD-CN4-G2011,H2011P4CI314,2011,4,102,162,102,https://historico.conaliteg.gob.mx/c/H2011P4CI314/102.jpg,0,0.629630,Q3,source_jpeg,1,200,image/jpeg,280988,5dd56922df4f7144268f7205adb85a9e45ad633c996d36f640504cf9409e5337,1,
CN_PENDING_PAGE_MANIFEST_0.1,LTMD-CN4-G2011-VP103,LTMD-CN4-G2011,H2011P4CI314,2011,4,103,162,103,https://historico.conaliteg.gob.mx/c/H2011P4CI314/103.jpg,0,0.635802,Q3,source_jpeg,1,200,image/jpeg,296256,c691c169b506bc8ad5576e381b489eafd2db77396eaa8a83c4b09c396a6b5686,1,
CN_PENDING_PAGE_MANIFEST_0.1,LTMD-CN4-G2011-VP104,LTMD-CN4-G2011,H2011P4CI314,2011,4,104,162,104,https://historico.conaliteg.gob.mx/c/H2011P4CI314/104.jpg,0,0.641975,Q3,source_jpeg,1,200,image/jpeg,321204,21cefe7c0a31b7054e737ba3ed2351152a32942e93d8f4af84c1e00ea9e7e664,1,
CN_PENDING_PAGE_MANIFEST_0.1,LTMD-CN4-G2011-VP105,LTMD-CN4-G2011,H2011P4CI314,2011,4,105,162,105,https://historico.conaliteg.gob.mx/c/H2011P4CI314/105.jpg,0,0.648148,Q3,source_jpeg,1,200,image/jpeg,365464,da4eaee37e831ae339f63c3ee98bf153b6e93b14b961d2650b49f8b68986012b,1,
CN_PENDING_PAGE_MANIFEST_0.1,LTMD-CN4-G2011-VP106,LTMD-CN4-G2011,H2011P4CI314,2011,4,106,162,106,https://historico.conaliteg.gob.mx/c/H2011P4CI314/106.jpg,0,0.654321,Q3,source_jpeg,1,200,image/jpeg,347431,b94d37bd2306faf33e128f3b8fb61a8a573ab5b04efa922276108b636b44879d,1,
CN_PENDING_PAGE_MANIFEST_0.1,LTMD-CN4-G2011-VP107,LTMD-CN4-G2011,H2011P4CI314,2011,4,107,162,107,https://historico.conaliteg.gob.mx/c/H2011P4CI314/107.jpg,0,0.660494,Q3,source_jpeg,1,200,image/jpeg,368428,263d687285725bd0d781ff48e63f3664bb6fe4abd617130bbd1ca2c276360f8d,1,
CN_PENDING_PAGE_MANIFEST_0.1,LTMD-CN4-G2011-VP108,LTMD-CN4-G2011,H2011P4CI314,2011,4,108,162,108,https://historico.conaliteg.gob.mx/c/H2011P4CI314/108.jpg,0,0.666667,Q3,source_jpeg,1,200,image/jpeg,261378,f8b5828a12aaf6b4c0f95ac64a5e94c87c92ff3c0559302df7a4cc5ceb56e011,1,
CN_PENDING_PAGE_MANIFEST_0.1,LTMD-CN4-G2011-VP109,LTMD-CN4-G2011,H2011P4CI314,2011,4,109,162,109,https://historico.conaliteg.gob.mx/c/H2011P4CI314/109.jpg,0,0.672840,Q3,source_jpeg,1,200,image/jpeg,291457,487c43c274806cd7023a50eca355e73356ca17597153eb36b859c31f160d0b19,1,
CN_PENDING_PAGE_MANIFEST_0.1,LTMD-CN4-G2011-VP110,LTMD-CN4-G2011,H2011P4CI314,2011,4,110,162,110,https://historico.conaliteg.gob.mx/c/H2011P4CI314/110.jpg,0,0.679012,Q3,source_jpeg,1,200,image/jpeg,442309,056d677f0d5f8ac24f1dc9776326e9947392fdec8599076fcf02264b4d43531e,1,
CN_PENDING_PAGE_MANIFEST_0.1,LTMD-CN4-G2011-VP111,LTMD-CN4-G2011,H2011P4CI314,2011,4,111,162,111,https://historico.conaliteg.gob.mx/c/H2011P4CI314/111.jpg,0,0.685185,Q3,source_jpeg,1,200,image/jpeg,284514,80c951ea3706143817ad253b57d1583a497fc7d3276f9b265b4f2b7a83e725c5,1,
CN_PENDING_PAGE_MANIFEST_0.1,LTMD-CN4-G2011-VP112,LTMD-CN4-G2011,H2011P4CI314,2011,4,112,162,112,https://historico.conaliteg.gob.mx/c/H2011P4CI314/112.jpg,0,0.691358,Q3,source_jpeg,1,200,image/jpeg,354039,8017cd9893bbbf47741e3ec997586982cb9567cfc0da50eb74c292e1d8a51038,1,
CN_PENDING_PAGE_MANIFEST_0.1,LTMD-CN4-G2011-VP113,LTMD-CN4-G2011,H2011P4CI314,2011,4,113,162,113,https://historico.conaliteg.gob.mx/c/H2011P4CI314/113.jpg,0,0.697531,Q3,source_jpeg,1,200,image/jpeg,313197,90ef1dc2d3bc031d9daac229de382283e1f5ca40c4450c4af7dcb85943bc0800,1,
CN_PENDING_PAGE_MANIFEST_0.1,LTMD-CN4-G2011-VP114,LTMD-CN4-G2011,H2011P4CI314,2011,4,114,162,114,https://historico.conaliteg.gob.mx/c/H2011P4CI314/114.jpg,0,0.703704,Q3,source_jpeg,1,200,image/jpeg,312054,014c9e48aded9f08efbb3ce959fa82bda8f6508eb22984f2b19b7aad7cb909ef,1,
CN_PENDING_PAGE_MANIFEST_0.1,LTMD-CN4-G2011-VP115,LTMD-CN4-G2011,H2011P4CI314,2011,4,115,162,115,https://historico.conaliteg.gob.mx/c/H2011P4CI314/115.jpg,0,0.709877,Q3,source_jpeg,1,200,image/jpeg,378903,d30d181c43ae88b00775c583d472ab731ffc2fc4166f60c0a037728f1554e8f9,1,
CN_PENDING_PAGE_MANIFEST_0.1,LTMD-CN4-G2011-VP116,LTMD-CN4-G2011,H2011P4CI314,2011,4,116,162,116,https://historico.conaliteg.gob.mx/c/H2011P4CI314/116.jpg,0,0.716049,Q3,source_jpeg,1,200,image/jpeg,263534,de0b511a2ac8614927b96fd61a75146e3016a0d0ac93a5bc1c7883fe237d9b88,1,
CN_PENDING_PAGE_MANIFEST_0.1,LTMD-CN4-G2011-VP117,LTMD-CN4-G2011,H2011P4CI314,2011,4,117,162,117,https://historico.conaliteg.gob.mx/c/H2011P4CI314/117.jpg,0,0.722222,Q3,source_jpeg,1,200,image/jpeg,369809,8c47fc4d343fcfe01cdd036c75adf9244aaba9ef27b87bbcbdd88899d3d82957,1,
CN_PENDING_PAGE_MANIFEST_0.1,LTMD-CN4-G2011-VP118,LTMD-CN4-G2011,H2011P4CI314,2011,4,118,162,118,https://historico.conaliteg.gob.mx/c/H2011P4CI314/118.jpg,0,0.728395,Q3,source_jpeg,1,200,image/jpeg,436954,fc41c07e9ddff7b676c6dcd3a366baed11638c22f9e9470b0218f92fd897965c,1,
CN_PENDING_PAGE_MANIFEST_0.1,LTMD-CN4-G2011-VP119,LTMD-CN4-G2011,H2011P4CI314,2011,4,119,162,119,https://historico.conaliteg.gob.mx/c/H2011P4CI314/119.jpg,0,0.734568,Q3,source_jpeg,1,200,image/jpeg,454168,ca2ea91a3a278ac24ae6451f5b5280da6257a86a4148034bcd0817b214ee87f9,1,
CN_PENDING_PAGE_MANIFEST_0.1,LTMD-CN4-G2011-VP120,LTMD-CN4-G2011,H2011P4CI314,2011,4,120,162,120,https://historico.conaliteg.gob.mx/c/H2011P4CI314/120.jpg,0,0.740741,Q3,source_jpeg,1,200,image/jpeg,316886,8ea3146ca9c9b969df3bb2559a428c5c0061c9ff48c5c29c2854166b3bb9ca82,1,
CN_PENDING_PAGE_MANIFEST_0.1,LTMD-CN4-G2011-VP121,LTMD-CN4-G2011,H2011P4CI314,2011,4,121,162,121,https://historico.conaliteg.gob.mx/c/H2011P4CI314/121.jpg,0,0.746914,Q3,source_jpeg,1,200,image/jpeg,279445,58071dd370cc8a4711908387d3a53ab161f11ba3b9a8d319b44399181967c579,1,
CN_PENDING_PAGE_MANIFEST_0.1,LTMD-CN4-G2011-VP122,LTMD-CN4-G2011,H2011P4CI314,2011,4,122,162,122,https://historico.conaliteg.gob.mx/c/H2011P4CI314/122.jpg,0,0.753086,Q4,source_jpeg,1,200,image/jpeg,280737,93e6bcb57c513171a128f151330754093e148ad9fad03abafeb964ddbd14a600,1,
CN_PENDING_PAGE_MANIFEST_0.1,LTMD-CN4-G2011-VP123,LTMD-CN4-G2011,H2011P4CI314,2011,4,123,162,123,https://historico.conaliteg.gob.mx/c/H2011P4CI314/123.jpg,0,0.759259,Q4,source_jpeg,1,200,image/jpeg,215382,e7946f46ef6d16f053bcec4e3f6eea511e44091dcc3bc3959e702a79f827c53c,1,
CN_PENDING_PAGE_MANIFEST_0.1,LTMD-CN4-G2011-VP124,LTMD-CN4-G2011,H2011P4CI314,2011,4,124,162,124,https://historico.conaliteg.gob.mx/c/H2011P4CI314/124.jpg,0,0.765432,Q4,source_jpeg,1,200,image/jpeg,244505,daee622d98dcca4250e51cd5164474cba6c00915ef6a79348391aeea8edfdc9c,1,
CN_PENDING_PAGE_MANIFEST_0.1,LTMD-CN4-G2011-VP125,LTMD-CN4-G2011,H2011P4CI314,2011,4,125,162,125,https://historico.conaliteg.gob.mx/c/H2011P4CI314/125.jpg,0,0.771605,Q4,source_jpeg,1,200,image/jpeg,209279,84529a4b81bd0a10866e46ad99bda658b6ce917f08b144f9ec88356006381a92,1,
CN_PENDING_PAGE_MANIFEST_0.1,LTMD-CN4-G2011-VP126,LTMD-CN4-G2011,H2011P4CI314,2011,4,126,162,126,https://historico.conaliteg.gob.mx/c/H2011P4CI314/126.jpg,0,0.777778,Q4,source_jpeg,1,200,image/jpeg,603472,627eb1bb2fcbe63794219bf657ccd351f8c368107a3010c0232a7246d0208c7e,1,
CN_PENDING_PAGE_MANIFEST_0.1,LTMD-CN4-G2011-VP127,LTMD-CN4-G2011,H2011P4CI314,2011,4,127,162,127,https://historico.conaliteg.gob.mx/c/H2011P4CI314/127.jpg,0,0.783951,Q4,source_jpeg,1,200,image/jpeg,137224,99c9ad2f09f161f619b2122cab90ccae86143d0bcf30a44d4ee931a8676e7583,1,
CN_PENDING_PAGE_MANIFEST_0.1,LTMD-CN4-G2011-VP128,LTMD-CN4-G2011,H2011P4CI314,2011,4,128,162,128,https://historico.conaliteg.gob.mx/c/H2011P4CI314/128.jpg,0,0.790123,Q4,source_jpeg,1,200,image/jpeg,376161,ea164a0ea33dd6071456650cdbf3646b3bd2b1fdf3a1c4d6be5ca25a845b0105,1,
CN_PENDING_PAGE_MANIFEST_0.1,LTMD-CN4-G2011-VP129,LTMD-CN4-G2011,H2011P4CI314,2011,4,129,162,129,https://historico.conaliteg.gob.mx/c/H2011P4CI314/129.jpg,0,0.796296,Q4,source_jpeg,1,200,image/jpeg,275981,8e5108434210c1296acf384b77152bb081a8736a611f06a76c5d98bca22110dc,1,
CN_PENDING_PAGE_MANIFEST_0.1,LTMD-CN4-G2011-VP130,LTMD-CN4-G2011,H2011P4CI314,2011,4,130,162,130,https://historico.conaliteg.gob.mx/c/H2011P4CI314/130.jpg,0,0.802469,Q4,source_jpeg,1,200,image/jpeg,326872,a17c175947977dbe43917dc0bae0d9943d3f2797c7135c88afbb5d40c7841409,1,
CN_PENDING_PAGE_MANIFEST_0.1,LTMD-CN4-G2011-VP131,LTMD-CN4-G2011,H2011P4CI314,2011,4,131,162,131,https://historico.conaliteg.gob.mx/c/H2011P4CI314/131.jpg,0,0.808642,Q4,source_jpeg,1,200,image/jpeg,418286,e0c254669c0e6afe18dc6e17896511b99853ebaf4389cb1316c48c9e060502fc,1,
CN_PENDING_PAGE_MANIFEST_0.1,LTMD-CN4-G2011-VP132,LTMD-CN4-G2011,H2011P4CI314,2011,4,132,162,132,https://historico.conaliteg.gob.mx/c/H2011P4CI314/132.jpg,0,0.814815,Q4,source_jpeg,1,200,image/jpeg,479727,f5f3fb801f12e9377b717587f39893acd5e681fa75bff954ade1277ef9623df3,1,
CN_PENDING_PAGE_MANIFEST_0.1,LTMD-CN4-G2011-VP133,LTMD-CN4-G2011,H2011P4CI314,2011,4,133,162,133,https://historico.conaliteg.gob.mx/c/H2011P4CI314/133.jpg,0,0.820988,Q4,source_jpeg,1,200,image/jpeg,438705,3e23780b2be11b1823b2a392a46f67d862f1848d3e200e64c9e3ee5304ef46f5,1,
CN_PENDING_PAGE_MANIFEST_0.1,LTMD-CN4-G2011-VP134,LTMD-CN4-G2011,H2011P4CI314,2011,4,134,162,134,https://historico.conaliteg.gob.mx/c/H2011P4CI314/134.jpg,0,0.827160,Q4,source_jpeg,1,200,image/jpeg,243395,159605111abafb97bb5cbb6b2ce6f786dc9b63a960e9fb737a5ed91ed8b7c82e,1,
CN_PENDING_PAGE_MANIFEST_0.1,LTMD-CN4-G2011-VP135,LTMD-CN4-G2011,H2011P4CI314,2011,4,135,162,135,https://historico.conaliteg.gob.mx/c/H2011P4CI314/135.jpg,0,0.833333,Q4,source_jpeg,1,200,image/jpeg,331865,c9ce3b740c595f024562c907b495fa2022997d4965df896c58ef80f765d5afdb,1,
CN_PENDING_PAGE_MANIFEST_0.1,LTMD-CN4-G2011-VP136,LTMD-CN4-G2011,H2011P4CI314,2011,4,136,162,136,https://historico.conaliteg.gob.mx/c/H2011P4CI314/136.jpg,0,0.839506,Q4,source_jpeg,1,200,image/jpeg,290161,a6f342984b1184da9a777f6795f2893eb09e5d7da824b525c582c865aa853647,1,
CN_PENDING_PAGE_MANIFEST_0.1,LTMD-CN4-G2011-VP137,LTMD-CN4-G2011,H2011P4CI314,2011,4,137,162,137,https://historico.conaliteg.gob.mx/c/H2011P4CI314/137.jpg,0,0.845679,Q4,source_jpeg,1,200,image/jpeg,279492,7ea4dc6e347b05a1db06934a25f871b02b213e08ed12ddc7a84c5577c73f44a6,1,
CN_PENDING_PAGE_MANIFEST_0.1,LTMD-CN4-G2011-VP138,LTMD-CN4-G2011,H2011P4CI314,2011,4,138,162,138,https://historico.conaliteg.gob.mx/c/H2011P4CI314/138.jpg,0,0.851852,Q4,source_jpeg,1,200,image/jpeg,429629,de4ff97c5c70764e879fa3615f7c4a0835a89b5a2e348484515a0014947e9e58,1,
CN_PENDING_PAGE_MANIFEST_0.1,LTMD-CN4-G2011-VP139,LTMD-CN4-G2011,H2011P4CI314,2011,4,139,162,139,https://historico.conaliteg.gob.mx/c/H2011P4CI314/139.jpg,0,0.858025,Q4,source_jpeg,1,200,image/jpeg,401414,67928b57782af61dfe5b46c00fae697df20e72f7d4ba146c14942b7eee8850aa,1,
CN_PENDING_PAGE_MANIFEST_0.1,LTMD-CN4-G2011-VP140,LTMD-CN4-G2011,H2011P4CI314,2011,4,140,162,140,https://historico.conaliteg.gob.mx/c/H2011P4CI314/140.jpg,0,0.864198,Q4,source_jpeg,1,200,image/jpeg,305689,6d691f70453a294f0e97d6d30fdfe895200d64183c07ef1eba7033b52a7ab938,1,
CN_PENDING_PAGE_MANIFEST_0.1,LTMD-CN4-G2011-VP141,LTMD-CN4-G2011,H2011P4CI314,2011,4,141,162,141,https://historico.conaliteg.gob.mx/c/H2011P4CI314/141.jpg,0,0.870370,Q4,source_jpeg,1,200,image/jpeg,391996,f36f54092e6b0ee7922574c5be2b1be2363eb5c7496b13ab53bc620e87ae8b3d,1,
CN_PENDING_PAGE_MANIFEST_0.1,LTMD-CN4-G2011-VP142,LTMD-CN4-G2011,H2011P4CI314,2011,4,142,162,142,https://historico.conaliteg.gob.mx/c/H2011P4CI314/142.jpg,0,0.876543,Q4,source_jpeg,1,200,image/jpeg,363081,397e237dd7fc78081901b1f4d3b24e3068ceec652e43a638f71ca3e544ac0137,1,
CN_PENDING_PAGE_MANIFEST_0.1,LTMD-CN4-G2011-VP143,LTMD-CN4-G2011,H2011P4CI314,2011,4,143,162,143,https://historico.conaliteg.gob.mx/c/H2011P4CI314/143.jpg,0,0.882716,Q4,source_jpeg,1,200,image/jpeg,300363,8ecabadc1f9d19ce85b332e012514688da30101f8f9dc23a6b33ce5058a13cfe,1,
CN_PENDING_PAGE_MANIFEST_0.1,LTMD-CN4-G2011-VP144,LTMD-CN4-G2011,H2011P4CI314,2011,4,144,162,144,https://historico.conaliteg.gob.mx/c/H2011P4CI314/144.jpg,0,0.888889,Q4,source_jpeg,1,200,image/jpeg,401986,bb6a34cf557c1d07ba728f64fef7335e702f00c29f37f6740460ed20abc4dc3a,1,
CN_PENDING_PAGE_MANIFEST_0.1,LTMD-CN4-G2011-VP145,LTMD-CN4-G2011,H2011P4CI314,2011,4,145,162,145,https://historico.conaliteg.gob.mx/c/H2011P4CI314/145.jpg,0,0.895062,Q4,source_jpeg,1,200,image/jpeg,424579,ca058d3b179c252bc1bf2d513a9f6cbd166d407c5cd8c05cf68c2fa2af23fb64,1,
CN_PENDING_PAGE_MANIFEST_0.1,LTMD-CN4-G2011-VP146,LTMD-CN4-G2011,H2011P4CI314,2011,4,146,162,146,https://historico.conaliteg.gob.mx/c/H2011P4CI314/146.jpg,0,0.901235,Q4,source_jpeg,1,200,image/jpeg,370650,c61f193395432ba7d0f5546065d763894182236f7c3fa3e4686d67978d5f9010,1,
CN_PENDING_PAGE_MANIFEST_0.1,LTMD-CN4-G2011-VP147,LTMD-CN4-G2011,H2011P4CI314,2011,4,147,162,147,https://historico.conaliteg.gob.mx/c/H2011P4CI314/147.jpg,0,0.907407,Q4,source_jpeg,1,200,image/jpeg,397129,2aa26c23363b5687270fc5ef01f23556d2389191b03db0120e504423af3c46b3,1,
CN_PENDING_PAGE_MANIFEST_0.1,LTMD-CN4-G2011-VP148,LTMD-CN4-G2011,H2011P4CI314,2011,4,148,162,148,https://historico.conaliteg.gob.mx/c/H2011P4CI314/148.jpg,0,0.913580,Q4,source_jpeg,1,200,image/jpeg,281750,bce7cb96f7757538b93edcdf45666c4747da92169dee73c22e94d56c0d6c43d2,1,
CN_PENDING_PAGE_MANIFEST_0.1,LTMD-CN4-G2011-VP149,LTMD-CN4-G2011,H2011P4CI314,2011,4,149,162,149,https://historico.conaliteg.gob.mx/c/H2011P4CI314/149.jpg,0,0.919753,Q4,source_jpeg,1,200,image/jpeg,308261,73dafb2a3b0b31dfe10fa3ee153aefd3a79f998ae64f7189d5cf50ecd3efb676,1,
CN_PENDING_PAGE_MANIFEST_0.1,LTMD-CN4-G2011-VP150,LTMD-CN4-G2011,H2011P4CI314,2011,4,150,162,150,https://historico.conaliteg.gob.mx/c/H2011P4CI314/150.jpg,0,0.925926,Q4,source_jpeg,1,200,image/jpeg,225802,e1af4635af587085c248cf7c0265665c236aaddf6bb1179b0580f3352feb6901,1,
CN_PENDING_PAGE_MANIFEST_0.1,LTMD-CN4-G2011-VP151,LTMD-CN4-G2011,H2011P4CI314,2011,4,151,162,151,https://historico.conaliteg.gob.mx/c/H2011P4CI314/151.jpg,0,0.932099,Q4,source_jpeg,1,200,image/jpeg,259227,c773a250a88815c1f3aa639a109ccd53ff86a9e1de3536bd8d307d0a38394e3c,1,
CN_PENDING_PAGE_MANIFEST_0.1,LTMD-CN4-G2011-VP152,LTMD-CN4-G2011,H2011P4CI314,2011,4,152,162,152,https://historico.conaliteg.gob.mx/c/H2011P4CI314/152.jpg,0,0.938272,Q4,source_jpeg,1,200,image/jpeg,213302,e50a8b8b6424cb853298ac170b1c276e2932bdf0159ddeddd233745977cc5dac,1,
CN_PENDING_PAGE_MANIFEST_0.1,LTMD-CN4-G2011-VP153,LTMD-CN4-G2011,H2011P4CI314,2011,4,153,162,153,https://historico.conaliteg.gob.mx/c/H2011P4CI314/153.jpg,0,0.944444,Q4,source_jpeg,1,200,image/jpeg,434874,af4a9ea06aaedc076822678deec6912d34ffc13e4b7f2d922d6366ba1b936d35,1,
CN_PENDING_PAGE_MANIFEST_0.1,LTMD-CN4-G2011-VP154,LTMD-CN4-G2011,H2011P4CI314,2011,4,154,162,154,https://historico.conaliteg.gob.mx/c/H2011P4CI314/154.jpg,0,0.950617,Q4,source_jpeg,1,200,image/jpeg,381127,456e2951f15e3d8e5f8b990d7bf5c12778314a58a6497d5969c81fb0d173f07e,1,
CN_PENDING_PAGE_MANIFEST_0.1,LTMD-CN4-G2011-VP155,LTMD-CN4-G2011,H2011P4CI314,2011,4,155,162,155,https://historico.conaliteg.gob.mx/c/H2011P4CI314/155.jpg,0,0.956790,Q4,source_jpeg,1,200,image/jpeg,414963,82f00c8f57520f87e123e0911d5df58b43fc9bdbdf930bc364e3a2393c0514a5,1,
CN_PENDING_PAGE_MANIFEST_0.1,LTMD-CN4-G2011-VP156,LTMD-CN4-G2011,H2011P4CI314,2011,4,156,162,156,https://historico.conaliteg.gob.mx/c/H2011P4CI314/156.jpg,0,0.962963,Q4,source_jpeg,1,200,image/jpeg,409212,c44d67a8f10e89d9ccc0d4dfb69e07ea3731d7c5d5096f26a3843496c388cd5b,1,
CN_PENDING_PAGE_MANIFEST_0.1,LTMD-CN4-G2011-VP157,LTMD-CN4-G2011,H2011P4CI314,2011,4,157,162,157,https://historico.conaliteg.gob.mx/c/H2011P4CI314/157.jpg,0,0.969136,Q4,source_jpeg,1,200,image/jpeg,226932,89e51f944ffc71224e688f7bebfb12191d6409e9ac1f4c6bd74ddd14ec4230a7,1,
CN_PENDING_PAGE_MANIFEST_0.1,LTMD-CN4-G2011-VP158,LTMD-CN4-G2011,H2011P4CI314,2011,4,158,162,158,https://historico.conaliteg.gob.mx/c/H2011P4CI314/158.jpg,0,0.975309,Q4,source_jpeg,1,200,image/jpeg,115683,0b41e48596dafcaf3f96c58cbbb04a059986cf72f45a1d84919f2ea153ad2aff,1,
CN_PENDING_PAGE_MANIFEST_0.1,LTMD-CN4-G2011-VP159,LTMD-CN4-G2011,H2011P4CI314,2011,4,159,162,159,https://historico.conaliteg.gob.mx/c/H2011P4CI314/159.jpg,0,0.981481,Q4,source_jpeg,1,200,image/jpeg,225727,b6de73ceb172ff2d0dbbe76f32ab8a3087b36877955577ee3c91d77ff3dd9b26,1,
CN_PENDING_PAGE_MANIFEST_0.1,LTMD-CN4-G2011-VP160,LTMD-CN4-G2011,H2011P4CI314,2011,4,160,162,160,https://historico.conaliteg.gob.mx/c/H2011P4CI314/160.jpg,0,0.987654,Q4,source_jpeg,1,200,image/jpeg,157029,45c8019930f0080ee06f3ab56fc3dad9444e5cd0e2a8deeb3ea1c31e7f4489bc,1,
CN_PENDING_PAGE_MANIFEST_0.1,LTMD-CN4-G2011-VP161,LTMD-CN4-G2011,H2011P4CI314,2011,4,161,162,161,https://historico.conaliteg.gob.mx/c/H2011P4CI314/161.jpg,0,0.993827,Q4,source_jpeg,1,200,image/jpeg,155505,3ce885a2fcd4964ffb8e7e017b9b66464a5778279a9452d2076bf8a139445441,1,
CN_PENDING_PAGE_MANIFEST_0.1,LTMD-CN4-G2019-VP001,LTMD-CN4-G2019,H2019P4CNA,2019,4,1,162,0,https://historico.conaliteg.gob.mx/c/H2019P4CNA/000.jpg,0,0.006173,Q1,source_jpeg,1,200,image/jpeg,110535,10ed25f14cdad319427de1add47fa8bff35e9880e5f0b01337f984a4d74e30b2,1,
CN_PENDING_PAGE_MANIFEST_0.1,LTMD-CN4-G2019-VP002,LTMD-CN4-G2019,H2019P4CNA,2019,4,2,162,2,https://historico.conaliteg.gob.mx/c/H2019P4CNA/002.jpg,0,0.012346,Q1,source_jpeg,1,200,image/jpeg,93335,74dc077df49046ecc893928df81547f8c5e24ee700ff7e4bfac4a5251000d208,1,
CN_PENDING_PAGE_MANIFEST_0.1,LTMD-CN4-G2019-VP003,LTMD-CN4-G2019,H2019P4CNA,2019,4,3,162,3,https://historico.conaliteg.gob.mx/c/H2019P4CNA/003.jpg,0,0.018519,Q1,source_jpeg,1,200,image/jpeg,84452,d6803daf792e4baf081c331bf22a5633fc68350f97ca9492e84023dafcb48c5d,1,
CN_PENDING_PAGE_MANIFEST_0.1,LTMD-CN4-G2019-VP004,LTMD-CN4-G2019,H2019P4CNA,2019,4,4,162,4,https://historico.conaliteg.gob.mx/c/H2019P4CNA/004.jpg,0,0.024691,Q1,source_jpeg,1,200,image/jpeg,111069,834a196998b824fdc1edb7c2f70a94d9356ff3dc7901830dc15cf67318c21549,1,
CN_PENDING_PAGE_MANIFEST_0.1,LTMD-CN4-G2019-VP005,LTMD-CN4-G2019,H2019P4CNA,2019,4,5,162,5,https://historico.conaliteg.gob.mx/c/H2019P4CNA/005.jpg,0,0.030864,Q1,source_jpeg,1,200,image/jpeg,153678,a9152a1f6e7fc47d8bb4320f78b7aa7af38f11e3f571c5af2d57a05e32dbb2bd,1,
CN_PENDING_PAGE_MANIFEST_0.1,LTMD-CN4-G2019-VP006,LTMD-CN4-G2019,H2019P4CNA,2019,4,6,162,6,https://historico.conaliteg.gob.mx/c/H2019P4CNA/006.jpg,0,0.037037,Q1,source_jpeg,1,200,image/jpeg,72374,46241b7658866e87ce6d8320e1f4e3b3d73f528c8b09560b289fef583f5e480e,1,
CN_PENDING_PAGE_MANIFEST_0.1,LTMD-CN4-G2019-VP007,LTMD-CN4-G2019,H2019P4CNA,2019,4,7,162,7,https://historico.conaliteg.gob.mx/c/H2019P4CNA/007.jpg,0,0.043210,Q1,source_jpeg,1,200,image/jpeg,53241,2b55620969ac0c999ca10bcfd4178c7d3d7b49c6bb81ce6b9f169b7003e5d84a,1,
CN_PENDING_PAGE_MANIFEST_0.1,LTMD-CN4-G2019-VP008,LTMD-CN4-G2019,H2019P4CNA,2019,4,8,162,8,https://historico.conaliteg.gob.mx/c/H2019P4CNA/008.jpg,0,0.049383,Q1,source_jpeg,1,200,image/jpeg,55628,c73363482be9cfe776897a49fa5e03d8de3bcad3969990c69ef7be667e8f8fcb,1,
CN_PENDING_PAGE_MANIFEST_0.1,LTMD-CN4-G2019-VP009,LTMD-CN4-G2019,H2019P4CNA,2019,4,9,162,9,https://historico.conaliteg.gob.mx/c/H2019P4CNA/009.jpg,0,0.055556,Q1,source_jpeg,1,200,image/jpeg,76395,681d2575fe7971202825bea453caa3a84827e8afe0aa8e471e92902c63bedd68,1,
CN_PENDING_PAGE_MANIFEST_0.1,LTMD-CN4-G2019-VP010,LTMD-CN4-G2019,H2019P4CNA,2019,4,10,162,10,https://historico.conaliteg.gob.mx/c/H2019P4CNA/010.jpg,0,0.061728,Q1,source_jpeg,1,200,image/jpeg,49229,5505e46d27a2d2980dd086691762cc940ca1841a7c4a77a361e12f65ca1ca737,1,
CN_PENDING_PAGE_MANIFEST_0.1,LTMD-CN4-G2019-VP011,LTMD-CN4-G2019,H2019P4CNA,2019,4,11,162,11,https://historico.conaliteg.gob.mx/c/H2019P4CNA/011.jpg,0,0.067901,Q1,source_jpeg,1,200,image/jpeg,70717,453a6f2dd26c537ca8f2e500323db74d26a6a13e07cb73cc9bc1236060403ea1,1,
CN_PENDING_PAGE_MANIFEST_0.1,LTMD-CN4-G2019-VP012,LTMD-CN4-G2019,H2019P4CNA,2019,4,12,162,12,https://historico.conaliteg.gob.mx/c/H2019P4CNA/012.jpg,0,0.074074,Q1,source_jpeg,1,200,image/jpeg,64947,476d8a23a93e0121e3e6cd45f086735239bb14b4074d55710cf040a17009de38,1,
CN_PENDING_PAGE_MANIFEST_0.1,LTMD-CN4-G2019-VP013,LTMD-CN4-G2019,H2019P4CNA,2019,4,13,162,13,https://historico.conaliteg.gob.mx/c/H2019P4CNA/013.jpg,0,0.080247,Q1,source_jpeg,1,200,image/jpeg,109347,f53410de12779e938054e27fa7f376040232d6dab643da99bd8f77d8ab142bc1,1,
CN_PENDING_PAGE_MANIFEST_0.1,LTMD-CN4-G2019-VP014,LTMD-CN4-G2019,H2019P4CNA,2019,4,14,162,14,https://historico.conaliteg.gob.mx/c/H2019P4CNA/014.jpg,0,0.086420,Q1,source_jpeg,1,200,image/jpeg,109536,52ccc2c99a7b47413f68097f4a0883d2dc667a636bbd4442142c446dc0bc3555,1,
CN_PENDING_PAGE_MANIFEST_0.1,LTMD-CN4-G2019-VP015,LTMD-CN4-G2019,H2019P4CNA,2019,4,15,162,15,https://historico.conaliteg.gob.mx/c/H2019P4CNA/015.jpg,0,0.092593,Q1,source_jpeg,1,200,image/jpeg,112902,af8f776ff1b3b669f172b19e37e0e5eb098c4dbbcdfd9accc5704eb1a34e0039,1,
CN_PENDING_PAGE_MANIFEST_0.1,LTMD-CN4-G2019-VP016,LTMD-CN4-G2019,H2019P4CNA,2019,4,16,162,16,https://historico.conaliteg.gob.mx/c/H2019P4CNA/016.jpg,0,0.098765,Q1,source_jpeg,1,200,image/jpeg,108334,95d922cdd5d2942393c4ed48ed10a5f532c1bc281360d350fbdd51adb7bc89fc,1,
CN_PENDING_PAGE_MANIFEST_0.1,LTMD-CN4-G2019-VP017,LTMD-CN4-G2019,H2019P4CNA,2019,4,17,162,17,https://historico.conaliteg.gob.mx/c/H2019P4CNA/017.jpg,0,0.104938,Q1,source_jpeg,1,200,image/jpeg,139540,34a36f343cba14d8dc8d99b831d362622c3f4d5ec04abcecfeae5ee13ac09753,1,
CN_PENDING_PAGE_MANIFEST_0.1,LTMD-CN4-G2019-VP018,LTMD-CN4-G2019,H2019P4CNA,2019,4,18,162,18,https://historico.conaliteg.gob.mx/c/H2019P4CNA/018.jpg,0,0.111111,Q1,source_jpeg,1,200,image/jpeg,128899,6444a67ec4161acba3ed2493686b708516e8b4e3f32f1896d480d8f93d101b5f,1,
CN_PENDING_PAGE_MANIFEST_0.1,LTMD-CN4-G2019-VP019,LTMD-CN4-G2019,H2019P4CNA,2019,4,19,162,19,https://historico.conaliteg.gob.mx/c/H2019P4CNA/019.jpg,0,0.117284,Q1,source_jpeg,1,200,image/jpeg,110245,3f0d0e19b7d9eb136ad9b292f3922b7dcee591750ffbc5cbd0c39ef998da1161,1,
CN_PENDING_PAGE_MANIFEST_0.1,LTMD-CN4-G2019-VP020,LTMD-CN4-G2019,H2019P4CNA,2019,4,20,162,20,https://historico.conaliteg.gob.mx/c/H2019P4CNA/020.jpg,0,0.123457,Q1,source_jpeg,1,200,image/jpeg,113599,85f45350ee690cc5b2a9b360f6bd5236a9a953ba46fd4e86bf68ceb0508419d1,1,
CN_PENDING_PAGE_MANIFEST_0.1,LTMD-CN4-G2019-VP021,LTMD-CN4-G2019,H2019P4CNA,2019,4,21,162,21,https://historico.conaliteg.gob.mx/c/H2019P4CNA/021.jpg,0,0.129630,Q1,source_jpeg,1,200,image/jpeg,126404,3822a8ee2b5edca210f87013fa83fce28d0d4f9e52343a9dd97369bf0c1e787c,1,
CN_PENDING_PAGE_MANIFEST_0.1,LTMD-CN4-G2019-VP022,LTMD-CN4-G2019,H2019P4CNA,2019,4,22,162,22,https://historico.conaliteg.gob.mx/c/H2019P4CNA/022.jpg,0,0.135802,Q1,source_jpeg,1,200,image/jpeg,134853,a73024de3e29d8f84a1fb6cc58170a05170cd398f8384d14cc3fc44347dc9f29,1,
CN_PENDING_PAGE_MANIFEST_0.1,LTMD-CN4-G2019-VP023,LTMD-CN4-G2019,H2019P4CNA,2019,4,23,162,23,https://historico.conaliteg.gob.mx/c/H2019P4CNA/023.jpg,0,0.141975,Q1,source_jpeg,1,200,image/jpeg,88694,0269c070b394ee1a4fc57d827e3bc26886be52693c06b75c2398cd1101f1c045,1,
CN_PENDING_PAGE_MANIFEST_0.1,LTMD-CN4-G2019-VP024,LTMD-CN4-G2019,H2019P4CNA,2019,4,24,162,24,https://historico.conaliteg.gob.mx/c/H2019P4CNA/024.jpg,0,0.148148,Q1,source_jpeg,1,200,image/jpeg,125964,2f1eb7fb6e30457275976fc8dde6a126ec86426e5ad5d3f63753cb20c6c3673d,1,
CN_PENDING_PAGE_MANIFEST_0.1,LTMD-CN4-G2019-VP025,LTMD-CN4-G2019,H2019P4CNA,2019,4,25,162,25,https://historico.conaliteg.gob.mx/c/H2019P4CNA/025.jpg,0,0.154321,Q1,source_jpeg,1,200,image/jpeg,92614,4dac7ccfa1360f168dfd891e3d396f040111e58059a86ff2f42982f2345e2e2a,1,
CN_PENDING_PAGE_MANIFEST_0.1,LTMD-CN4-G2019-VP026,LTMD-CN4-G2019,H2019P4CNA,2019,4,26,162,26,https://historico.conaliteg.gob.mx/c/H2019P4CNA/026.jpg,0,0.160494,Q1,source_jpeg,1,200,image/jpeg,118058,fd11d3d2828b79a76dd0bdc33be8000b62831f918c4e86092cb902827bc65a6d,1,
CN_PENDING_PAGE_MANIFEST_0.1,LTMD-CN4-G2019-VP027,LTMD-CN4-G2019,H2019P4CNA,2019,4,27,162,27,https://historico.conaliteg.gob.mx/c/H2019P4CNA/027.jpg,0,0.166667,Q1,source_jpeg,1,200,image/jpeg,120734,b626fce01e36d4150cc6086f144c20ff757a1440a2379f1b889c3be63e32e852,1,
CN_PENDING_PAGE_MANIFEST_0.1,LTMD-CN4-G2019-VP028,LTMD-CN4-G2019,H2019P4CNA,2019,4,28,162,28,https://historico.conaliteg.gob.mx/c/H2019P4CNA/028.jpg,0,0.172840,Q1,source_jpeg,1,200,image/jpeg,112754,2237900f99fecd866735b244e566cd52db1cdd0f0596916c03db45d63e359e85,1,
CN_PENDING_PAGE_MANIFEST_0.1,LTMD-CN4-G2019-VP029,LTMD-CN4-G2019,H2019P4CNA,2019,4,29,162,29,https://historico.conaliteg.gob.mx/c/H2019P4CNA/029.jpg,0,0.179012,Q1,source_jpeg,1,200,image/jpeg,164537,36c802a7fd2dc7350b321d3700d6c53c3b6ec42adc8708544c1e9f26fd807aba,1,
CN_PENDING_PAGE_MANIFEST_0.1,LTMD-CN4-G2019-VP030,LTMD-CN4-G2019,H2019P4CNA,2019,4,30,162,30,https://historico.conaliteg.gob.mx/c/H2019P4CNA/030.jpg,0,0.185185,Q1,source_jpeg,1,200,image/jpeg,123551,e1020492a61e37b852700e74ec8aec0290db1ae6eeb3786b594853d7a28722e4,1,
CN_PENDING_PAGE_MANIFEST_0.1,LTMD-CN4-G2019-VP031,LTMD-CN4-G2019,H2019P4CNA,2019,4,31,162,31,https://historico.conaliteg.gob.mx/c/H2019P4CNA/031.jpg,0,0.191358,Q1,source_jpeg,1,200,image/jpeg,147192,6a1bd39e73d8ad3096fcd3aa988fdfb54eaa4310c5a92b0182a2363582e5bb15,1,
CN_PENDING_PAGE_MANIFEST_0.1,LTMD-CN4-G2019-VP032,LTMD-CN4-G2019,H2019P4CNA,2019,4,32,162,32,https://historico.conaliteg.gob.mx/c/H2019P4CNA/032.jpg,0,0.197531,Q1,source_jpeg,1,200,image/jpeg,113770,68d9f244bc5454f18699605102a817fa0224c9749a398a865849ac576865b3de,1,
CN_PENDING_PAGE_MANIFEST_0.1,LTMD-CN4-G2019-VP033,LTMD-CN4-G2019,H2019P4CNA,2019,4,33,162,33,https://historico.conaliteg.gob.mx/c/H2019P4CNA/033.jpg,0,0.203704,Q1,source_jpeg,1,200,image/jpeg,110672,2c4fe07eb00050fa39cf9b46a1fe6ae3105da0d47dc2bd5b43a5306a49a9e41d,1,
CN_PENDING_PAGE_MANIFEST_0.1,LTMD-CN4-G2019-VP034,LTMD-CN4-G2019,H2019P4CNA,2019,4,34,162,34,https://historico.conaliteg.gob.mx/c/H2019P4CNA/034.jpg,0,0.209877,Q1,source_jpeg,1,200,image/jpeg,101037,0f6b56eefc4f4a5025bf721b32001e60efc5edf3625a0da554f6ffb8d9eede72,1,
CN_PENDING_PAGE_MANIFEST_0.1,LTMD-CN4-G2019-VP035,LTMD-CN4-G2019,H2019P4CNA,2019,4,35,162,35,https://historico.conaliteg.gob.mx/c/H2019P4CNA/035.jpg,0,0.216049,Q1,source_jpeg,1,200,image/jpeg,75232,8826601c94d935da6e27f54756f211b4fa46a2eb448c037f935ccec50c8c820f,1,
CN_PENDING_PAGE_MANIFEST_0.1,LTMD-CN4-G2019-VP036,LTMD-CN4-G2019,H2019P4CNA,2019,4,36,162,36,https://historico.conaliteg.gob.mx/c/H2019P4CNA/036.jpg,0,0.222222,Q1,source_jpeg,1,200,image/jpeg,136798,4cf6ee875b5dfee845001b34d9b4767ae2279f2e9d514a5b27c596d23f95cbf3,1,
CN_PENDING_PAGE_MANIFEST_0.1,LTMD-CN4-G2019-VP037,LTMD-CN4-G2019,H2019P4CNA,2019,4,37,162,37,https://historico.conaliteg.gob.mx/c/H2019P4CNA/037.jpg,0,0.228395,Q1,source_jpeg,1,200,image/jpeg,134556,5086605ae72b0a5da4fec29c56ba54d6c43cf86e9e08c38d29eb197fd13dc49f,1,
CN_PENDING_PAGE_MANIFEST_0.1,LTMD-CN4-G2019-VP038,LTMD-CN4-G2019,H2019P4CNA,2019,4,38,162,38,https://historico.conaliteg.gob.mx/c/H2019P4CNA/038.jpg,0,0.234568,Q1,source_jpeg,1,200,image/jpeg,75273,7f8417a160b21020170e2c485feda73a32639b33541a4b1ff2597f1a16d3d5ad,1,
CN_PENDING_PAGE_MANIFEST_0.1,LTMD-CN4-G2019-VP039,LTMD-CN4-G2019,H2019P4CNA,2019,4,39,162,39,https://historico.conaliteg.gob.mx/c/H2019P4CNA/039.jpg,0,0.240741,Q1,source_jpeg,1,200,image/jpeg,72756,fb5984fceed482f50adf873d57991aaf7dbf345286f06b6de6e36106e24a3676,1,
CN_PENDING_PAGE_MANIFEST_0.1,LTMD-CN4-G2019-VP040,LTMD-CN4-G2019,H2019P4CNA,2019,4,40,162,40,https://historico.conaliteg.gob.mx/c/H2019P4CNA/040.jpg,0,0.246914,Q1,source_jpeg,1,200,image/jpeg,80106,4f1fb3343970039c9fdcc5ada319e7198d80301f852af4fe6f32e47058907dc1,1,
CN_PENDING_PAGE_MANIFEST_0.1,LTMD-CN4-G2019-VP041,LTMD-CN4-G2019,H2019P4CNA,2019,4,41,162,41,https://historico.conaliteg.gob.mx/c/H2019P4CNA/041.jpg,0,0.253086,Q2,source_jpeg,1,200,image/jpeg,21843,b6ae1790ca95c3d9605a6b59c6121db35fe5eeec3f4785631c659edbf25a777f,1,
CN_PENDING_PAGE_MANIFEST_0.1,LTMD-CN4-G2019-VP042,LTMD-CN4-G2019,H2019P4CNA,2019,4,42,162,42,https://historico.conaliteg.gob.mx/c/H2019P4CNA/042.jpg,0,0.259259,Q2,source_jpeg,1,200,image/jpeg,72195,40fb3990caf8035660dde5108ca71f5588900e8b3bfe62bba00591113824c10b,1,
CN_PENDING_PAGE_MANIFEST_0.1,LTMD-CN4-G2019-VP043,LTMD-CN4-G2019,H2019P4CNA,2019,4,43,162,43,https://historico.conaliteg.gob.mx/c/H2019P4CNA/043.jpg,0,0.265432,Q2,source_jpeg,1,200,image/jpeg,116845,8619f9088e7d544c1c9d7ae47a2a62988658b0b70b367ac4b55f6ed8472dc43c,1,
CN_PENDING_PAGE_MANIFEST_0.1,LTMD-CN4-G2019-VP044,LTMD-CN4-G2019,H2019P4CNA,2019,4,44,162,44,https://historico.conaliteg.gob.mx/c/H2019P4CNA/044.jpg,0,0.271605,Q2,source_jpeg,1,200,image/jpeg,136554,2a1dfb66082fc05097770033a532294dbab76f19b4795cf93c13f71a2a52907e,1,
CN_PENDING_PAGE_MANIFEST_0.1,LTMD-CN4-G2019-VP045,LTMD-CN4-G2019,H2019P4CNA,2019,4,45,162,45,https://historico.conaliteg.gob.mx/c/H2019P4CNA/045.jpg,0,0.277778,Q2,source_jpeg,1,200,image/jpeg,126677,78de26986b81d233ff519df0722eafcf3afb82da1254c31e5b1467c2171a225c,1,
CN_PENDING_PAGE_MANIFEST_0.1,LTMD-CN4-G2019-VP046,LTMD-CN4-G2019,H2019P4CNA,2019,4,46,162,46,https://historico.conaliteg.gob.mx/c/H2019P4CNA/046.jpg,0,0.283951,Q2,source_jpeg,1,200,image/jpeg,114517,48b9671e53b0d48778669114134a295b65e2b976e1eb5a3cacd33b9a9e212a6f,1,
CN_PENDING_PAGE_MANIFEST_0.1,LTMD-CN4-G2019-VP047,LTMD-CN4-G2019,H2019P4CNA,2019,4,47,162,47,https://historico.conaliteg.gob.mx/c/H2019P4CNA/047.jpg,0,0.290123,Q2,source_jpeg,1,200,image/jpeg,136907,e2ab14670573dcea88b9dca9783e2fee12fd45a0e9226766aa5361671c381efd,1,
CN_PENDING_PAGE_MANIFEST_0.1,LTMD-CN4-G2019-VP048,LTMD-CN4-G2019,H2019P4CNA,2019,4,48,162,48,https://historico.conaliteg.gob.mx/c/H2019P4CNA/048.jpg,0,0.296296,Q2,source_jpeg,1,200,image/jpeg,131759,2244e034a887a6b29d9177ab6d2d53e9dded64de7c5fa1864ed0008080d778f1,1,
CN_PENDING_PAGE_MANIFEST_0.1,LTMD-CN4-G2019-VP049,LTMD-CN4-G2019,H2019P4CNA,2019,4,49,162,49,https://historico.conaliteg.gob.mx/c/H2019P4CNA/049.jpg,0,0.302469,Q2,source_jpeg,1,200,image/jpeg,131265,09498177946f43d592544ef341f71b8ddf2fe1029b06182bdc2a21f197f10020,1,
CN_PENDING_PAGE_MANIFEST_0.1,LTMD-CN4-G2019-VP050,LTMD-CN4-G2019,H2019P4CNA,2019,4,50,162,50,https://historico.conaliteg.gob.mx/c/H2019P4CNA/050.jpg,0,0.308642,Q2,source_jpeg,1,200,image/jpeg,130613,1e12c94f3869556782403fd31ba969987178b270d1072e5c596b79f51d564539,1,
CN_PENDING_PAGE_MANIFEST_0.1,LTMD-CN4-G2019-VP051,LTMD-CN4-G2019,H2019P4CNA,2019,4,51,162,51,https://historico.conaliteg.gob.mx/c/H2019P4CNA/051.jpg,0,0.314815,Q2,source_jpeg,1,200,image/jpeg,153207,1d8b2775ddcc819c5d85a734e40c52d76a05277a4047e12d661652976857c052,1,
CN_PENDING_PAGE_MANIFEST_0.1,LTMD-CN4-G2019-VP052,LTMD-CN4-G2019,H2019P4CNA,2019,4,52,162,52,https://historico.conaliteg.gob.mx/c/H2019P4CNA/052.jpg,0,0.320988,Q2,source_jpeg,1,200,image/jpeg,126180,6f2d2d1492c5c46fce4e5c7f693dae688132c4a8191095cdcae9146753692a3d,1,
CN_PENDING_PAGE_MANIFEST_0.1,LTMD-CN4-G2019-VP053,LTMD-CN4-G2019,H2019P4CNA,2019,4,53,162,53,https://historico.conaliteg.gob.mx/c/H2019P4CNA/053.jpg,0,0.327160,Q2,source_jpeg,1,200,image/jpeg,119320,22f40d537e5c54607ee79ae94c0978d80ff3af3c75dc9e739fc5958cf067f400,1,
CN_PENDING_PAGE_MANIFEST_0.1,LTMD-CN4-G2019-VP054,LTMD-CN4-G2019,H2019P4CNA,2019,4,54,162,54,https://historico.conaliteg.gob.mx/c/H2019P4CNA/054.jpg,0,0.333333,Q2,source_jpeg,1,200,image/jpeg,159458,3b1097a64b5eced2932ebdcee7d02f40aa4cd4186f2c6e4226e622bf69f7e52d,1,
CN_PENDING_PAGE_MANIFEST_0.1,LTMD-CN4-G2019-VP055,LTMD-CN4-G2019,H2019P4CNA,2019,4,55,162,55,https://historico.conaliteg.gob.mx/c/H2019P4CNA/055.jpg,0,0.339506,Q2,source_jpeg,1,200,image/jpeg,172151,f6aca146c014692c993b1de60f1a7036f1c3e96568c49119dbcd96ac20af0ac5,1,
CN_PENDING_PAGE_MANIFEST_0.1,LTMD-CN4-G2019-VP056,LTMD-CN4-G2019,H2019P4CNA,2019,4,56,162,56,https://historico.conaliteg.gob.mx/c/H2019P4CNA/056.jpg,0,0.345679,Q2,source_jpeg,1,200,image/jpeg,150297,9f3e09f11081f2cd7904a926a461b36b9099d949a5247963bb48e364e0110a61,1,
CN_PENDING_PAGE_MANIFEST_0.1,LTMD-CN4-G2019-VP057,LTMD-CN4-G2019,H2019P4CNA,2019,4,57,162,57,https://historico.conaliteg.gob.mx/c/H2019P4CNA/057.jpg,0,0.351852,Q2,source_jpeg,1,200,image/jpeg,146836,dc3d77306a98b91436d67634978356816c14ee8e218709a3ed944b3d10c8f163,1,
CN_PENDING_PAGE_MANIFEST_0.1,LTMD-CN4-G2019-VP058,LTMD-CN4-G2019,H2019P4CNA,2019,4,58,162,58,https://historico.conaliteg.gob.mx/c/H2019P4CNA/058.jpg,0,0.358025,Q2,source_jpeg,1,200,image/jpeg,215121,495d1a8b673d940c5fac48033d68683721ac9cc7ca0ed8856c182ed80e70c4ed,1,
CN_PENDING_PAGE_MANIFEST_0.1,LTMD-CN4-G2019-VP059,LTMD-CN4-G2019,H2019P4CNA,2019,4,59,162,59,https://historico.conaliteg.gob.mx/c/H2019P4CNA/059.jpg,0,0.364198,Q2,source_jpeg,1,200,image/jpeg,136852,100be32a1f1be90d088bc0f5a01d28ce463b9843a35928340caaa5d522ab5275,1,
CN_PENDING_PAGE_MANIFEST_0.1,LTMD-CN4-G2019-VP060,LTMD-CN4-G2019,H2019P4CNA,2019,4,60,162,60,https://historico.conaliteg.gob.mx/c/H2019P4CNA/060.jpg,0,0.370370,Q2,source_jpeg,1,200,image/jpeg,189313,18f59620da75bcb2bd0ef00cfb36e30d05edf564a96a412fd733e9b6717f3489,1,
CN_PENDING_PAGE_MANIFEST_0.1,LTMD-CN4-G2019-VP061,LTMD-CN4-G2019,H2019P4CNA,2019,4,61,162,61,https://historico.conaliteg.gob.mx/c/H2019P4CNA/061.jpg,0,0.376543,Q2,source_jpeg,1,200,image/jpeg,158536,720f1b1da7da7c7a8fb40b78f8d3c9d0d2d37dbd64f98b87096a8e19da33888d,1,
CN_PENDING_PAGE_MANIFEST_0.1,LTMD-CN4-G2019-VP062,LTMD-CN4-G2019,H2019P4CNA,2019,4,62,162,62,https://historico.conaliteg.gob.mx/c/H2019P4CNA/062.jpg,0,0.382716,Q2,source_jpeg,1,200,image/jpeg,155729,e17898ba21525bffb68c90f28b9ad0a05e4a537570525a92ea1f42a9b7e6f377,1,
CN_PENDING_PAGE_MANIFEST_0.1,LTMD-CN4-G2019-VP063,LTMD-CN4-G2019,H2019P4CNA,2019,4,63,162,63,https://historico.conaliteg.gob.mx/c/H2019P4CNA/063.jpg,0,0.388889,Q2,source_jpeg,1,200,image/jpeg,154965,b79eece9082dcfc5bc2fb89eeb458e5e10ed15d26d983016c54353454fe383e9,1,
CN_PENDING_PAGE_MANIFEST_0.1,LTMD-CN4-G2019-VP064,LTMD-CN4-G2019,H2019P4CNA,2019,4,64,162,64,https://historico.conaliteg.gob.mx/c/H2019P4CNA/064.jpg,0,0.395062,Q2,source_jpeg,1,200,image/jpeg,165206,e4995918b81152924f382d77bfc9bf07a7f7b1d1585bedc4989d2c45e42c3de2,1,
CN_PENDING_PAGE_MANIFEST_0.1,LTMD-CN4-G2019-VP065,LTMD-CN4-G2019,H2019P4CNA,2019,4,65,162,65,https://historico.conaliteg.gob.mx/c/H2019P4CNA/065.jpg,0,0.401235,Q2,source_jpeg,1,200,image/jpeg,127523,6865f5a9cf83776b447eb1a4d26067901122d6831250ce6b69523df6376de7da,1,
CN_PENDING_PAGE_MANIFEST_0.1,LTMD-CN4-G2019-VP066,LTMD-CN4-G2019,H2019P4CNA,2019,4,66,162,66,https://historico.conaliteg.gob.mx/c/H2019P4CNA/066.jpg,0,0.407407,Q2,source_jpeg,1,200,image/jpeg,156438,2954bbe6b30068cc464dfc62cec19c3863a7187ca383170f750ede5a379e6e6c,1,
CN_PENDING_PAGE_MANIFEST_0.1,LTMD-CN4-G2019-VP067,LTMD-CN4-G2019,H2019P4CNA,2019,4,67,162,67,https://historico.conaliteg.gob.mx/c/H2019P4CNA/067.jpg,0,0.413580,Q2,source_jpeg,1,200,image/jpeg,155016,cd796999ce6d7ed420c3138e4acbe71ab0afb0e58eeef7be081643354e2fe408,1,
CN_PENDING_PAGE_MANIFEST_0.1,LTMD-CN4-G2019-VP068,LTMD-CN4-G2019,H2019P4CNA,2019,4,68,162,68,https://historico.conaliteg.gob.mx/c/H2019P4CNA/068.jpg,0,0.419753,Q2,source_jpeg,1,200,image/jpeg,128694,dfd50374efded8f0bd52583633d0560c23bb0483b58e7a4b1a29457389536154,1,
CN_PENDING_PAGE_MANIFEST_0.1,LTMD-CN4-G2019-VP069,LTMD-CN4-G2019,H2019P4CNA,2019,4,69,162,69,https://historico.conaliteg.gob.mx/c/H2019P4CNA/069.jpg,0,0.425926,Q2,source_jpeg,1,200,image/jpeg,143081,e06f5e6a15c37f6f40ddd48269eb5d9a275adadbe7f95d06e30cda2474bb3a34,1,
CN_PENDING_PAGE_MANIFEST_0.1,LTMD-CN4-G2019-VP070,LTMD-CN4-G2019,H2019P4CNA,2019,4,70,162,70,https://historico.conaliteg.gob.mx/c/H2019P4CNA/070.jpg,0,0.432099,Q2,source_jpeg,1,200,image/jpeg,85388,a7b5b04a4f992ba6d34c290a77282b1d7784f6e62c8b998b3a3c57db2b91b5a5,1,
CN_PENDING_PAGE_MANIFEST_0.1,LTMD-CN4-G2019-VP071,LTMD-CN4-G2019,H2019P4CNA,2019,4,71,162,71,https://historico.conaliteg.gob.mx/c/H2019P4CNA/071.jpg,0,0.438272,Q2,source_jpeg,1,200,image/jpeg,68778,f5d00b60c32011158d2fc4084411071ed4959f7b7e522e9970e5539d0e80a7e7,1,
CN_PENDING_PAGE_MANIFEST_0.1,LTMD-CN4-G2019-VP072,LTMD-CN4-G2019,H2019P4CNA,2019,4,72,162,72,https://historico.conaliteg.gob.mx/c/H2019P4CNA/072.jpg,0,0.444444,Q2,source_jpeg,1,200,image/jpeg,61326,ff5b953057c9e21a3da15ab1a99da29dde54fec134ca718b5964fcd8ea442487,1,
CN_PENDING_PAGE_MANIFEST_0.1,LTMD-CN4-G2019-VP073,LTMD-CN4-G2019,H2019P4CNA,2019,4,73,162,73,https://historico.conaliteg.gob.mx/c/H2019P4CNA/073.jpg,0,0.450617,Q2,source_jpeg,1,200,image/jpeg,25445,f4c093a322c4ba4db01c675ed9eb938c8ffdf2aa7f0316bedd05600352016fa8,1,
CN_PENDING_PAGE_MANIFEST_0.1,LTMD-CN4-G2019-VP074,LTMD-CN4-G2019,H2019P4CNA,2019,4,74,162,74,https://historico.conaliteg.gob.mx/c/H2019P4CNA/074.jpg,0,0.456790,Q2,source_jpeg,1,200,image/jpeg,82651,6289561140f65e76d687b612e26b9b8384420141eba9c1d66ddad9d7c1e9df4c,1,
CN_PENDING_PAGE_MANIFEST_0.1,LTMD-CN4-G2019-VP075,LTMD-CN4-G2019,H2019P4CNA,2019,4,75,162,75,https://historico.conaliteg.gob.mx/c/H2019P4CNA/075.jpg,0,0.462963,Q2,source_jpeg,1,200,image/jpeg,90980,164d90eb21e40d40c2e275890297f789b31dc2119c937c363b9876b912cd4c83,1,
CN_PENDING_PAGE_MANIFEST_0.1,LTMD-CN4-G2019-VP076,LTMD-CN4-G2019,H2019P4CNA,2019,4,76,162,76,https://historico.conaliteg.gob.mx/c/H2019P4CNA/076.jpg,0,0.469136,Q2,source_jpeg,1,200,image/jpeg,141276,4fab00b096f90d606c7087ea9eef19ccd55baaf132775d16c7a17b51300928e2,1,
CN_PENDING_PAGE_MANIFEST_0.1,LTMD-CN4-G2019-VP077,LTMD-CN4-G2019,H2019P4CNA,2019,4,77,162,77,https://historico.conaliteg.gob.mx/c/H2019P4CNA/077.jpg,0,0.475309,Q2,source_jpeg,1,200,image/jpeg,114508,95aacdd8819ac7eb6f0fd6b6ee3157fc3cacb58dd37787d15464e2da094a88d6,1,
CN_PENDING_PAGE_MANIFEST_0.1,LTMD-CN4-G2019-VP078,LTMD-CN4-G2019,H2019P4CNA,2019,4,78,162,78,https://historico.conaliteg.gob.mx/c/H2019P4CNA/078.jpg,0,0.481481,Q2,source_jpeg,1,200,image/jpeg,86088,6e26a276a37b1723459f4e3246dfd927d738e0914f8390c406fc88f8021af95d,1,
CN_PENDING_PAGE_MANIFEST_0.1,LTMD-CN4-G2019-VP079,LTMD-CN4-G2019,H2019P4CNA,2019,4,79,162,79,https://historico.conaliteg.gob.mx/c/H2019P4CNA/079.jpg,0,0.487654,Q2,source_jpeg,1,200,image/jpeg,117637,205985560564dcccdc7e29ed9d544bf91ae487fa46c5d3b1e8ffaf2d4c0df180,1,
CN_PENDING_PAGE_MANIFEST_0.1,LTMD-CN4-G2019-VP080,LTMD-CN4-G2019,H2019P4CNA,2019,4,80,162,80,https://historico.conaliteg.gob.mx/c/H2019P4CNA/080.jpg,0,0.493827,Q2,source_jpeg,1,200,image/jpeg,96790,ee9c6597d6bb8a8f338167317fa48259ff4276a9e6d0868d49390f5be74e6a24,1,
CN_PENDING_PAGE_MANIFEST_0.1,LTMD-CN4-G2019-VP081,LTMD-CN4-G2019,H2019P4CNA,2019,4,81,162,81,https://historico.conaliteg.gob.mx/c/H2019P4CNA/081.jpg,0,0.500000,Q2,source_jpeg,1,200,image/jpeg,86716,1d01201aeff52d3d84ce0d37ca0f3d5ac4bf0fa09a75ef40b128c07e7fb9887d,1,
CN_PENDING_PAGE_MANIFEST_0.1,LTMD-CN4-G2019-VP082,LTMD-CN4-G2019,H2019P4CNA,2019,4,82,162,82,https://historico.conaliteg.gob.mx/c/H2019P4CNA/082.jpg,0,0.506173,Q3,source_jpeg,1,200,image/jpeg,97225,17983ec3e68de6818cb9ddb6fa645669b1d535f0d12a452bcf4b322b68f4e01e,1,
CN_PENDING_PAGE_MANIFEST_0.1,LTMD-CN4-G2019-VP083,LTMD-CN4-G2019,H2019P4CNA,2019,4,83,162,83,https://historico.conaliteg.gob.mx/c/H2019P4CNA/083.jpg,0,0.512346,Q3,source_jpeg,1,200,image/jpeg,195589,7b28d01194afcd3837cae298d83b4596750d2c5eb5aaf157439497509ecaf1e6,1,
CN_PENDING_PAGE_MANIFEST_0.1,LTMD-CN4-G2019-VP084,LTMD-CN4-G2019,H2019P4CNA,2019,4,84,162,84,https://historico.conaliteg.gob.mx/c/H2019P4CNA/084.jpg,0,0.518519,Q3,source_jpeg,1,200,image/jpeg,122915,a99ce90a62b58228d35a8f3d7c3f12d188dec88fa05d6b9176365af09dbf5a54,1,
CN_PENDING_PAGE_MANIFEST_0.1,LTMD-CN4-G2019-VP085,LTMD-CN4-G2019,H2019P4CNA,2019,4,85,162,85,https://historico.conaliteg.gob.mx/c/H2019P4CNA/085.jpg,0,0.524691,Q3,source_jpeg,1,200,image/jpeg,118737,a18657b1776d7f70aaa6ecf2d59ece15789e42bb30eaf4a7c5bd4a590a40a6bc,1,
CN_PENDING_PAGE_MANIFEST_0.1,LTMD-CN4-G2019-VP086,LTMD-CN4-G2019,H2019P4CNA,2019,4,86,162,86,https://historico.conaliteg.gob.mx/c/H2019P4CNA/086.jpg,0,0.530864,Q3,source_jpeg,1,200,image/jpeg,148430,44295a4036c4967ad61f494144682953aee72e666e5ce4748e4008eaea168512,1,
CN_PENDING_PAGE_MANIFEST_0.1,LTMD-CN4-G2019-VP087,LTMD-CN4-G2019,H2019P4CNA,2019,4,87,162,87,https://historico.conaliteg.gob.mx/c/H2019P4CNA/087.jpg,0,0.537037,Q3,source_jpeg,1,200,image/jpeg,136144,a3f13c47e3eefee023e1928fc4d7eba5756f94ca4d6a793fe83e8f721d30c0d5,1,
CN_PENDING_PAGE_MANIFEST_0.1,LTMD-CN4-G2019-VP088,LTMD-CN4-G2019,H2019P4CNA,2019,4,88,162,88,https://historico.conaliteg.gob.mx/c/H2019P4CNA/088.jpg,0,0.543210,Q3,source_jpeg,1,200,image/jpeg,128160,260ea54a6c4e3b8afd834b30c0e97f08af658aeaa790794c66653fc203ded967,1,
CN_PENDING_PAGE_MANIFEST_0.1,LTMD-CN4-G2019-VP089,LTMD-CN4-G2019,H2019P4CNA,2019,4,89,162,89,https://historico.conaliteg.gob.mx/c/H2019P4CNA/089.jpg,0,0.549383,Q3,source_jpeg,1,200,image/jpeg,134885,e343e336b39c2a7116da18169c8f2c1c2e04abe472fc7f20b194773693376bdd,1,
CN_PENDING_PAGE_MANIFEST_0.1,LTMD-CN4-G2019-VP090,LTMD-CN4-G2019,H2019P4CNA,2019,4,90,162,90,https://historico.conaliteg.gob.mx/c/H2019P4CNA/090.jpg,0,0.555556,Q3,source_jpeg,1,200,image/jpeg,161977,5da5b6d0a6663cb8bbe3581fc5d7f59ebdf7d5e4d4aabfdebb59f28e34df9918,1,
CN_PENDING_PAGE_MANIFEST_0.1,LTMD-CN4-G2019-VP091,LTMD-CN4-G2019,H2019P4CNA,2019,4,91,162,91,https://historico.conaliteg.gob.mx/c/H2019P4CNA/091.jpg,0,0.561728,Q3,source_jpeg,1,200,image/jpeg,171534,b21727ef2b35dcde529b43ed39844b05a997abaad9fe7d94b423ee2089bec472,1,
CN_PENDING_PAGE_MANIFEST_0.1,LTMD-CN4-G2019-VP092,LTMD-CN4-G2019,H2019P4CNA,2019,4,92,162,92,https://historico.conaliteg.gob.mx/c/H2019P4CNA/092.jpg,0,0.567901,Q3,source_jpeg,1,200,image/jpeg,136511,89e3984322debfda0ebf1e94a87e3642d216ee1a87b33480264dd0ba94916cc8,1,
CN_PENDING_PAGE_MANIFEST_0.1,LTMD-CN4-G2019-VP093,LTMD-CN4-G2019,H2019P4CNA,2019,4,93,162,93,https://historico.conaliteg.gob.mx/c/H2019P4CNA/093.jpg,0,0.574074,Q3,source_jpeg,1,200,image/jpeg,123550,f491a0bce71d5438370359028e751f59ddec84eb52170d0033b8698b4d237443,1,
CN_PENDING_PAGE_MANIFEST_0.1,LTMD-CN4-G2019-VP094,LTMD-CN4-G2019,H2019P4CNA,2019,4,94,162,94,https://historico.conaliteg.gob.mx/c/H2019P4CNA/094.jpg,0,0.580247,Q3,source_jpeg,1,200,image/jpeg,94462,fd881fe5dccf22e3b3782bce3bb42da110946146ec6a30b1e5d39e6003fb7496,1,
CN_PENDING_PAGE_MANIFEST_0.1,LTMD-CN4-G2019-VP095,LTMD-CN4-G2019,H2019P4CNA,2019,4,95,162,95,https://historico.conaliteg.gob.mx/c/H2019P4CNA/095.jpg,0,0.586420,Q3,source_jpeg,1,200,image/jpeg,110816,143882a031e3b54552007563613910dee3c9649b4c3a86b77cd5371f5f63f5e9,1,
CN_PENDING_PAGE_MANIFEST_0.1,LTMD-CN4-G2019-VP096,LTMD-CN4-G2019,H2019P4CNA,2019,4,96,162,96,https://historico.conaliteg.gob.mx/c/H2019P4CNA/096.jpg,0,0.592593,Q3,source_jpeg,1,200,image/jpeg,87986,5a7bd5aaa4089e6c53b6260b5681ff89bdbba113f83ac608f28ee8bfc05b51db,1,
CN_PENDING_PAGE_MANIFEST_0.1,LTMD-CN4-G2019-VP097,LTMD-CN4-G2019,H2019P4CNA,2019,4,97,162,97,https://historico.conaliteg.gob.mx/c/H2019P4CNA/097.jpg,0,0.598765,Q3,source_jpeg,1,200,image/jpeg,73251,8a2fa3c707577451a4a4c4db62a624cab168270590897c3faf2c1174271f1344,1,
CN_PENDING_PAGE_MANIFEST_0.1,LTMD-CN4-G2019-VP098,LTMD-CN4-G2019,H2019P4CNA,2019,4,98,162,98,https://historico.conaliteg.gob.mx/c/H2019P4CNA/098.jpg,0,0.604938,Q3,source_jpeg,1,200,image/jpeg,294641,78152b28f2a9dc4f9fd2bc1c677db190aa9a1688f060d830123c2b4d73afe195,1,
CN_PENDING_PAGE_MANIFEST_0.1,LTMD-CN4-G2019-VP099,LTMD-CN4-G2019,H2019P4CNA,2019,4,99,162,99,https://historico.conaliteg.gob.mx/c/H2019P4CNA/099.jpg,0,0.611111,Q3,source_jpeg,1,200,image/jpeg,25323,240c0c969c70fb749153a0eb1100acba946d421f3de92f76a7a733dc113df4ba,1,
CN_PENDING_PAGE_MANIFEST_0.1,LTMD-CN4-G2019-VP100,LTMD-CN4-G2019,H2019P4CNA,2019,4,100,162,100,https://historico.conaliteg.gob.mx/c/H2019P4CNA/100.jpg,0,0.617284,Q3,source_jpeg,1,200,image/jpeg,95546,4ff4f37024f88096633488877d79ce71ea4db68e878668ae06969b8ed0a118e9,1,
CN_PENDING_PAGE_MANIFEST_0.1,LTMD-CN4-G2019-VP101,LTMD-CN4-G2019,H2019P4CNA,2019,4,101,162,101,https://historico.conaliteg.gob.mx/c/H2019P4CNA/101.jpg,0,0.623457,Q3,source_jpeg,1,200,image/jpeg,80811,2430d863b77228eb2d8fad8675f7b69a7e4a3a8eafb9af21ba4718b025cc847a,1,
CN_PENDING_PAGE_MANIFEST_0.1,LTMD-CN4-G2019-VP102,LTMD-CN4-G2019,H2019P4CNA,2019,4,102,162,102,https://historico.conaliteg.gob.mx/c/H2019P4CNA/102.jpg,0,0.629630,Q3,source_jpeg,1,200,image/jpeg,100953,5c66e6801054ec51e28d102eee6487112d647cd521ff8089ea77ec1cde723f51,1,
CN_PENDING_PAGE_MANIFEST_0.1,LTMD-CN4-G2019-VP103,LTMD-CN4-G2019,H2019P4CNA,2019,4,103,162,103,https://historico.conaliteg.gob.mx/c/H2019P4CNA/103.jpg,0,0.635802,Q3,source_jpeg,1,200,image/jpeg,94788,192840550a3a3d377522f5a1cc79d4583358130803094bd1494b2afba352b851,1,
CN_PENDING_PAGE_MANIFEST_0.1,LTMD-CN4-G2019-VP104,LTMD-CN4-G2019,H2019P4CNA,2019,4,104,162,104,https://historico.conaliteg.gob.mx/c/H2019P4CNA/104.jpg,0,0.641975,Q3,source_jpeg,1,200,image/jpeg,109892,bad2062ad838e0bddfe5d6cb52d32a4e902b8ca15fc6fd35977afa79d56816a6,1,
CN_PENDING_PAGE_MANIFEST_0.1,LTMD-CN4-G2019-VP105,LTMD-CN4-G2019,H2019P4CNA,2019,4,105,162,105,https://historico.conaliteg.gob.mx/c/H2019P4CNA/105.jpg,0,0.648148,Q3,source_jpeg,1,200,image/jpeg,121184,cb77cd06595f57e0ec7ef3e2c165f25eeef463354fcd030632e4214be1844609,1,
CN_PENDING_PAGE_MANIFEST_0.1,LTMD-CN4-G2019-VP106,LTMD-CN4-G2019,H2019P4CNA,2019,4,106,162,106,https://historico.conaliteg.gob.mx/c/H2019P4CNA/106.jpg,0,0.654321,Q3,source_jpeg,1,200,image/jpeg,117341,6d637fb0ef77df4b225db06186ceacc0558612c6c40677a7755d1666412dc91c,1,
CN_PENDING_PAGE_MANIFEST_0.1,LTMD-CN4-G2019-VP107,LTMD-CN4-G2019,H2019P4CNA,2019,4,107,162,107,https://historico.conaliteg.gob.mx/c/H2019P4CNA/107.jpg,0,0.660494,Q3,source_jpeg,1,200,image/jpeg,123481,e8266714e7e8f8b15bcccffe5b4d8c96d5ce099626cd07379e351e65cadb35d1,1,
CN_PENDING_PAGE_MANIFEST_0.1,LTMD-CN4-G2019-VP108,LTMD-CN4-G2019,H2019P4CNA,2019,4,108,162,108,https://historico.conaliteg.gob.mx/c/H2019P4CNA/108.jpg,0,0.666667,Q3,source_jpeg,1,200,image/jpeg,84823,862757794bbafad829c714c9efc3262b6d5a116b450c3b4e45e5b040a0798a4c,1,
CN_PENDING_PAGE_MANIFEST_0.1,LTMD-CN4-G2019-VP109,LTMD-CN4-G2019,H2019P4CNA,2019,4,109,162,109,https://historico.conaliteg.gob.mx/c/H2019P4CNA/109.jpg,0,0.672840,Q3,source_jpeg,1,200,image/jpeg,103515,d1c2dc09e30c179a17b1a93a104a2e6d26154134a794dfafd3ca9fd381ef44e1,1,
CN_PENDING_PAGE_MANIFEST_0.1,LTMD-CN4-G2019-VP110,LTMD-CN4-G2019,H2019P4CNA,2019,4,110,162,110,https://historico.conaliteg.gob.mx/c/H2019P4CNA/110.jpg,0,0.679012,Q3,source_jpeg,1,200,image/jpeg,92725,3e47f455454f4b0cb8fb947b7568993e3f98fcb6befa90d3dd7d8bc2ef964dc3,1,
CN_PENDING_PAGE_MANIFEST_0.1,LTMD-CN4-G2019-VP111,LTMD-CN4-G2019,H2019P4CNA,2019,4,111,162,111,https://historico.conaliteg.gob.mx/c/H2019P4CNA/111.jpg,0,0.685185,Q3,source_jpeg,1,200,image/jpeg,88894,8fe3db071927909e0dd4002427e33dffef9b174840d983393115b3c6f540023b,1,
CN_PENDING_PAGE_MANIFEST_0.1,LTMD-CN4-G2019-VP112,LTMD-CN4-G2019,H2019P4CNA,2019,4,112,162,112,https://historico.conaliteg.gob.mx/c/H2019P4CNA/112.jpg,0,0.691358,Q3,source_jpeg,1,200,image/jpeg,132314,fca43fd246f8b4c7dfd954eaddddbad4c91d9b06cf76985f1de0a3a345f6a51e,1,
CN_PENDING_PAGE_MANIFEST_0.1,LTMD-CN4-G2019-VP113,LTMD-CN4-G2019,H2019P4CNA,2019,4,113,162,113,https://historico.conaliteg.gob.mx/c/H2019P4CNA/113.jpg,0,0.697531,Q3,source_jpeg,1,200,image/jpeg,116309,aebd1cb2a80187ada88ff5c42187db20ff663365d6c6f64ba628b1d5446e296e,1,
CN_PENDING_PAGE_MANIFEST_0.1,LTMD-CN4-G2019-VP114,LTMD-CN4-G2019,H2019P4CNA,2019,4,114,162,114,https://historico.conaliteg.gob.mx/c/H2019P4CNA/114.jpg,0,0.703704,Q3,source_jpeg,1,200,image/jpeg,119430,027bf2d74f0d5682c7c58f1e4f92d4b2373990cfd51d1069a4ee3675bf6d5c6f,1,
CN_PENDING_PAGE_MANIFEST_0.1,LTMD-CN4-G2019-VP115,LTMD-CN4-G2019,H2019P4CNA,2019,4,115,162,115,https://historico.conaliteg.gob.mx/c/H2019P4CNA/115.jpg,0,0.709877,Q3,source_jpeg,1,200,image/jpeg,152288,7a09c0d46d73c12a0c13eb0d7c8696741f0dc8e196dea04ab8b94770abf067ab,1,
CN_PENDING_PAGE_MANIFEST_0.1,LTMD-CN4-G2019-VP116,LTMD-CN4-G2019,H2019P4CNA,2019,4,116,162,116,https://historico.conaliteg.gob.mx/c/H2019P4CNA/116.jpg,0,0.716049,Q3,source_jpeg,1,200,image/jpeg,92908,6ce3f3d4303ff058596ea03074d47f19a8b6e44dbb8d5b8c9fe2486dbbcb0ac5,1,
CN_PENDING_PAGE_MANIFEST_0.1,LTMD-CN4-G2019-VP117,LTMD-CN4-G2019,H2019P4CNA,2019,4,117,162,117,https://historico.conaliteg.gob.mx/c/H2019P4CNA/117.jpg,0,0.722222,Q3,source_jpeg,1,200,image/jpeg,131659,688aec95cf8559793616c9507a6896fdf5b0299f2f4d009c283c97aafa10def4,1,
CN_PENDING_PAGE_MANIFEST_0.1,LTMD-CN4-G2019-VP118,LTMD-CN4-G2019,H2019P4CNA,2019,4,118,162,118,https://historico.conaliteg.gob.mx/c/H2019P4CNA/118.jpg,0,0.728395,Q3,source_jpeg,1,200,image/jpeg,200620,c7bcd326d4cd9f3f7b639db2570202d84b080a2ab6dde7699b71551170851e8b,1,
CN_PENDING_PAGE_MANIFEST_0.1,LTMD-CN4-G2019-VP119,LTMD-CN4-G2019,H2019P4CNA,2019,4,119,162,119,https://historico.conaliteg.gob.mx/c/H2019P4CNA/119.jpg,0,0.734568,Q3,source_jpeg,1,200,image/jpeg,211704,89a9d7a71334f5bb534a7d1090144b9ad7e20fc35434b57c5383d3a9896b62d8,1,
CN_PENDING_PAGE_MANIFEST_0.1,LTMD-CN4-G2019-VP120,LTMD-CN4-G2019,H2019P4CNA,2019,4,120,162,120,https://historico.conaliteg.gob.mx/c/H2019P4CNA/120.jpg,0,0.740741,Q3,source_jpeg,1,200,image/jpeg,112126,066512a60426658748e28a55e1624f15142cd2eb49bf84e9d92cf5783168a6a8,1,
CN_PENDING_PAGE_MANIFEST_0.1,LTMD-CN4-G2019-VP121,LTMD-CN4-G2019,H2019P4CNA,2019,4,121,162,121,https://historico.conaliteg.gob.mx/c/H2019P4CNA/121.jpg,0,0.746914,Q3,source_jpeg,1,200,image/jpeg,106550,f863ab71a7c829c2466b5e1f456f82eced0cd9f8ddb6196d2b5d272dc6265d63,1,
CN_PENDING_PAGE_MANIFEST_0.1,LTMD-CN4-G2019-VP122,LTMD-CN4-G2019,H2019P4CNA,2019,4,122,162,122,https://historico.conaliteg.gob.mx/c/H2019P4CNA/122.jpg,0,0.753086,Q4,source_jpeg,1,200,image/jpeg,98900,f87b1c42b38a318d2b42ba1237bff9575d654fa37730fa3f873d8b636db37f23,1,
CN_PENDING_PAGE_MANIFEST_0.1,LTMD-CN4-G2019-VP123,LTMD-CN4-G2019,H2019P4CNA,2019,4,123,162,123,https://historico.conaliteg.gob.mx/c/H2019P4CNA/123.jpg,0,0.759259,Q4,source_jpeg,1,200,image/jpeg,64890,d3649791f91684ef8187be2f9f3663b3d6ddd5c31b02e36ed327d976132633d0,1,
CN_PENDING_PAGE_MANIFEST_0.1,LTMD-CN4-G2019-VP124,LTMD-CN4-G2019,H2019P4CNA,2019,4,124,162,124,https://historico.conaliteg.gob.mx/c/H2019P4CNA/124.jpg,0,0.765432,Q4,source_jpeg,1,200,image/jpeg,82012,efc81a90e4b2f10744112858d5560745c32df5a28c35737a7277ef80fed6ca46,1,
CN_PENDING_PAGE_MANIFEST_0.1,LTMD-CN4-G2019-VP125,LTMD-CN4-G2019,H2019P4CNA,2019,4,125,162,125,https://historico.conaliteg.gob.mx/c/H2019P4CNA/125.jpg,0,0.771605,Q4,source_jpeg,1,200,image/jpeg,65849,a05af01f3daedc1951760bf36395ea63a01c305893c27498489d94d4b13053c6,1,
CN_PENDING_PAGE_MANIFEST_0.1,LTMD-CN4-G2019-VP126,LTMD-CN4-G2019,H2019P4CNA,2019,4,126,162,126,https://historico.conaliteg.gob.mx/c/H2019P4CNA/126.jpg,0,0.777778,Q4,source_jpeg,1,200,image/jpeg,268797,4f4e417d1a70815f4b7fd3ae462bd629be0bcdd172179fd7955d60f6bb1573a3,1,
CN_PENDING_PAGE_MANIFEST_0.1,LTMD-CN4-G2019-VP127,LTMD-CN4-G2019,H2019P4CNA,2019,4,127,162,127,https://historico.conaliteg.gob.mx/c/H2019P4CNA/127.jpg,0,0.783951,Q4,source_jpeg,1,200,image/jpeg,20956,4968fa83c3029ad463395204b9a3299ba7dccb21d8545601addf4ae04186beac,1,
CN_PENDING_PAGE_MANIFEST_0.1,LTMD-CN4-G2019-VP128,LTMD-CN4-G2019,H2019P4CNA,2019,4,128,162,128,https://historico.conaliteg.gob.mx/c/H2019P4CNA/128.jpg,0,0.790123,Q4,source_jpeg,1,200,image/jpeg,98906,9ab4ee3e050eeb18eb6568a5ad80ac54140414a2a88a47ead0498d2cc4bb30b9,1,
CN_PENDING_PAGE_MANIFEST_0.1,LTMD-CN4-G2019-VP129,LTMD-CN4-G2019,H2019P4CNA,2019,4,129,162,129,https://historico.conaliteg.gob.mx/c/H2019P4CNA/129.jpg,0,0.796296,Q4,source_jpeg,1,200,image/jpeg,94503,2dc0c7fe7fd97917820bf5c479320c8bbc7f5a6ee1729ab435a75435d7b0731c,1,
CN_PENDING_PAGE_MANIFEST_0.1,LTMD-CN4-G2019-VP130,LTMD-CN4-G2019,H2019P4CNA,2019,4,130,162,130,https://historico.conaliteg.gob.mx/c/H2019P4CNA/130.jpg,0,0.802469,Q4,source_jpeg,1,200,image/jpeg,119119,04631be29f7e0b496a2c3d4b98151ca59999b79171d6c5de06c3ecec5efd4b46,1,
CN_PENDING_PAGE_MANIFEST_0.1,LTMD-CN4-G2019-VP131,LTMD-CN4-G2019,H2019P4CNA,2019,4,131,162,131,https://historico.conaliteg.gob.mx/c/H2019P4CNA/131.jpg,0,0.808642,Q4,source_jpeg,1,200,image/jpeg,172837,26fc6d20dba969b66178be4ff8f89360df93081b701aeaf1c08cec534d9db7a2,1,
CN_PENDING_PAGE_MANIFEST_0.1,LTMD-CN4-G2019-VP132,LTMD-CN4-G2019,H2019P4CNA,2019,4,132,162,132,https://historico.conaliteg.gob.mx/c/H2019P4CNA/132.jpg,0,0.814815,Q4,source_jpeg,1,200,image/jpeg,201446,6f26f06a2ac35059eaa784efc263e3d61080ee6a5e89df1e9e903eb30d2ff8de,1,
CN_PENDING_PAGE_MANIFEST_0.1,LTMD-CN4-G2019-VP133,LTMD-CN4-G2019,H2019P4CNA,2019,4,133,162,133,https://historico.conaliteg.gob.mx/c/H2019P4CNA/133.jpg,0,0.820988,Q4,source_jpeg,1,200,image/jpeg,153326,cc5e981f3ce22e02dcdf6eade791ecf2e9b2a2831067ff2baf75ade8362aa7ad,1,
CN_PENDING_PAGE_MANIFEST_0.1,LTMD-CN4-G2019-VP134,LTMD-CN4-G2019,H2019P4CNA,2019,4,134,162,134,https://historico.conaliteg.gob.mx/c/H2019P4CNA/134.jpg,0,0.827160,Q4,source_jpeg,1,200,image/jpeg,75437,9889d6f426bdded519dc03cce726762db2e38ec8de1e11c2c5859f6cf4c9ffa9,1,
CN_PENDING_PAGE_MANIFEST_0.1,LTMD-CN4-G2019-VP135,LTMD-CN4-G2019,H2019P4CNA,2019,4,135,162,135,https://historico.conaliteg.gob.mx/c/H2019P4CNA/135.jpg,0,0.833333,Q4,source_jpeg,1,200,image/jpeg,117444,d30b8831f1f21370e022d1e0f94494cc93da4d5ca0997282d9a47e85a41c21ce,1,
CN_PENDING_PAGE_MANIFEST_0.1,LTMD-CN4-G2019-VP136,LTMD-CN4-G2019,H2019P4CNA,2019,4,136,162,136,https://historico.conaliteg.gob.mx/c/H2019P4CNA/136.jpg,0,0.839506,Q4,source_jpeg,1,200,image/jpeg,101163,e27a763e301b803361afaa5338d3c2da6bd8790c460e7d0d8d0055c546aa6142,1,
CN_PENDING_PAGE_MANIFEST_0.1,LTMD-CN4-G2019-VP137,LTMD-CN4-G2019,H2019P4CNA,2019,4,137,162,137,https://historico.conaliteg.gob.mx/c/H2019P4CNA/137.jpg,0,0.845679,Q4,source_jpeg,1,200,image/jpeg,104785,8f321dfb8bd1a786316b8367ae3cc723c0553dbd672136ed8b09610b657598d4,1,
CN_PENDING_PAGE_MANIFEST_0.1,LTMD-CN4-G2019-VP138,LTMD-CN4-G2019,H2019P4CNA,2019,4,138,162,138,https://historico.conaliteg.gob.mx/c/H2019P4CNA/138.jpg,0,0.851852,Q4,source_jpeg,1,200,image/jpeg,170233,b31d6489a30a7c6f3998311ec66004cd4a16d750c50a5b5534feed90886d1f36,1,
CN_PENDING_PAGE_MANIFEST_0.1,LTMD-CN4-G2019-VP139,LTMD-CN4-G2019,H2019P4CNA,2019,4,139,162,139,https://historico.conaliteg.gob.mx/c/H2019P4CNA/139.jpg,0,0.858025,Q4,source_jpeg,1,200,image/jpeg,157040,700c75039ea3000a5c2d70951944e03d47966e5b176597caa11b0b465a5f2ffe,1,
CN_PENDING_PAGE_MANIFEST_0.1,LTMD-CN4-G2019-VP140,LTMD-CN4-G2019,H2019P4CNA,2019,4,140,162,140,https://historico.conaliteg.gob.mx/c/H2019P4CNA/140.jpg,0,0.864198,Q4,source_jpeg,1,200,image/jpeg,112239,f54a76d9b146c7f7b0bb8f621dd05808dbc511be9058679af4c227bc2b503a28,1,
CN_PENDING_PAGE_MANIFEST_0.1,LTMD-CN4-G2019-VP141,LTMD-CN4-G2019,H2019P4CNA,2019,4,141,162,141,https://historico.conaliteg.gob.mx/c/H2019P4CNA/141.jpg,0,0.870370,Q4,source_jpeg,1,200,image/jpeg,158799,bc13166ae87ebddffcd7cb775542e285f949c9702c9597d959a30243d8db9a87,1,
CN_PENDING_PAGE_MANIFEST_0.1,LTMD-CN4-G2019-VP142,LTMD-CN4-G2019,H2019P4CNA,2019,4,142,162,142,https://historico.conaliteg.gob.mx/c/H2019P4CNA/142.jpg,0,0.876543,Q4,source_jpeg,1,200,image/jpeg,139403,1beb3ab83b2a681177ba7b494d6962bb8469ae3742185ffb699b1877f4243121,1,
CN_PENDING_PAGE_MANIFEST_0.1,LTMD-CN4-G2019-VP143,LTMD-CN4-G2019,H2019P4CNA,2019,4,143,162,143,https://historico.conaliteg.gob.mx/c/H2019P4CNA/143.jpg,0,0.882716,Q4,source_jpeg,1,200,image/jpeg,90546,54a9f58bbfe6c3ba756dac86465ae3d20efcba67e1917fb6aa6d308be2231c36,1,
CN_PENDING_PAGE_MANIFEST_0.1,LTMD-CN4-G2019-VP144,LTMD-CN4-G2019,H2019P4CNA,2019,4,144,162,144,https://historico.conaliteg.gob.mx/c/H2019P4CNA/144.jpg,0,0.888889,Q4,source_jpeg,1,200,image/jpeg,160833,811aa3fa8e2ab246519f2da4b794d7e99b54a93de24fd279feea3e7a3ca4fee5,1,
CN_PENDING_PAGE_MANIFEST_0.1,LTMD-CN4-G2019-VP145,LTMD-CN4-G2019,H2019P4CNA,2019,4,145,162,145,https://historico.conaliteg.gob.mx/c/H2019P4CNA/145.jpg,0,0.895062,Q4,source_jpeg,1,200,image/jpeg,181634,5eb371605ddfd1c0a394f61a5bb6db93b04daa672b7d771e7984d3ab7ccb315c,1,
CN_PENDING_PAGE_MANIFEST_0.1,LTMD-CN4-G2019-VP146,LTMD-CN4-G2019,H2019P4CNA,2019,4,146,162,146,https://historico.conaliteg.gob.mx/c/H2019P4CNA/146.jpg,0,0.901235,Q4,source_jpeg,1,200,image/jpeg,166150,8168dfaf852d7128117957f0e70b6a6b08f86f2230e06073d2bf6ca0122b31cd,1,
CN_PENDING_PAGE_MANIFEST_0.1,LTMD-CN4-G2019-VP147,LTMD-CN4-G2019,H2019P4CNA,2019,4,147,162,147,https://historico.conaliteg.gob.mx/c/H2019P4CNA/147.jpg,0,0.907407,Q4,source_jpeg,1,200,image/jpeg,159171,c1174433027f25e4f0036328b8b1ff946213ddf16c310655916850d540a63b9d,1,
CN_PENDING_PAGE_MANIFEST_0.1,LTMD-CN4-G2019-VP148,LTMD-CN4-G2019,H2019P4CNA,2019,4,148,162,148,https://historico.conaliteg.gob.mx/c/H2019P4CNA/148.jpg,0,0.913580,Q4,source_jpeg,1,200,image/jpeg,103582,3b9d69285345094c7bf731e4c09c71d9530f155db031af46b28f71ef30a7ff4d,1,
CN_PENDING_PAGE_MANIFEST_0.1,LTMD-CN4-G2019-VP149,LTMD-CN4-G2019,H2019P4CNA,2019,4,149,162,149,https://historico.conaliteg.gob.mx/c/H2019P4CNA/149.jpg,0,0.919753,Q4,source_jpeg,1,200,image/jpeg,121801,099c03fdd2d8192b1ffd9db558642709fd58d16d575cf6740b210a6470f0b89a,1,
CN_PENDING_PAGE_MANIFEST_0.1,LTMD-CN4-G2019-VP150,LTMD-CN4-G2019,H2019P4CNA,2019,4,150,162,150,https://historico.conaliteg.gob.mx/c/H2019P4CNA/150.jpg,0,0.925926,Q4,source_jpeg,1,200,image/jpeg,66272,b1bf51bdac2be3f5aabd9829317cfb9cceda87cdcd4cad688d8fadbb6b8ff16f,1,
CN_PENDING_PAGE_MANIFEST_0.1,LTMD-CN4-G2019-VP151,LTMD-CN4-G2019,H2019P4CNA,2019,4,151,162,151,https://historico.conaliteg.gob.mx/c/H2019P4CNA/151.jpg,0,0.932099,Q4,source_jpeg,1,200,image/jpeg,88129,7f911351a9affb85ba0392715843a1637bba398de52e9f25ebaf7aaf037d2d02,1,
CN_PENDING_PAGE_MANIFEST_0.1,LTMD-CN4-G2019-VP152,LTMD-CN4-G2019,H2019P4CNA,2019,4,152,162,152,https://historico.conaliteg.gob.mx/c/H2019P4CNA/152.jpg,0,0.938272,Q4,source_jpeg,1,200,image/jpeg,68145,5c70f1a00e318d12b5c0160dd78d8b03ceb9527a80aefdbce40382900140c0c2,1,
CN_PENDING_PAGE_MANIFEST_0.1,LTMD-CN4-G2019-VP153,LTMD-CN4-G2019,H2019P4CNA,2019,4,153,162,153,https://historico.conaliteg.gob.mx/c/H2019P4CNA/153.jpg,0,0.944444,Q4,source_jpeg,1,200,image/jpeg,183373,79d5fbf024e379bb87b4b86b63ccc1acfae47850d4243b8f1f8b9ab66285a0e4,1,
CN_PENDING_PAGE_MANIFEST_0.1,LTMD-CN4-G2019-VP154,LTMD-CN4-G2019,H2019P4CNA,2019,4,154,162,154,https://historico.conaliteg.gob.mx/c/H2019P4CNA/154.jpg,0,0.950617,Q4,source_jpeg,1,200,image/jpeg,171816,094cb7d1cc6e781916297ce5e8248cdf92cc7de459c41c8ebd41fcdea7ec8b1a,1,
CN_PENDING_PAGE_MANIFEST_0.1,LTMD-CN4-G2019-VP155,LTMD-CN4-G2019,H2019P4CNA,2019,4,155,162,155,https://historico.conaliteg.gob.mx/c/H2019P4CNA/155.jpg,0,0.956790,Q4,source_jpeg,1,200,image/jpeg,188046,1db784c8b0ad2196cc80a5322b59f26b9aaa34fa606fb8183588435c7ad132e1,1,
CN_PENDING_PAGE_MANIFEST_0.1,LTMD-CN4-G2019-VP156,LTMD-CN4-G2019,H2019P4CNA,2019,4,156,162,156,https://historico.conaliteg.gob.mx/c/H2019P4CNA/156.jpg,0,0.962963,Q4,source_jpeg,1,200,image/jpeg,189016,66a1c14ed5cc5a529a485ef4eb3c1999393cb5f9d93fddac7eb729e9a24b34f0,1,
CN_PENDING_PAGE_MANIFEST_0.1,LTMD-CN4-G2019-VP157,LTMD-CN4-G2019,H2019P4CNA,2019,4,157,162,157,https://historico.conaliteg.gob.mx/c/H2019P4CNA/157.jpg,0,0.969136,Q4,source_jpeg,1,200,image/jpeg,184622,8697adfaba8d437beac714cb52f936112233485a575897df997ce7577ddfdc06,1,
CN_PENDING_PAGE_MANIFEST_0.1,LTMD-CN4-G2019-VP158,LTMD-CN4-G2019,H2019P4CNA,2019,4,158,162,158,https://historico.conaliteg.gob.mx/c/H2019P4CNA/158.jpg,0,0.975309,Q4,source_jpeg,1,200,image/jpeg,15706,541686e6d9872e5cd32aa91b94d4290cb4be2aa37a28bcd1aaaf188294d29f31,1,
CN_PENDING_PAGE_MANIFEST_0.1,LTMD-CN4-G2019-VP159,LTMD-CN4-G2019,H2019P4CNA,2019,4,159,162,159,https://historico.conaliteg.gob.mx/c/H2019P4CNA/159.jpg,0,0.981481,Q4,source_jpeg,1,200,image/jpeg,91100,20b2c0cfce6481661701faa78576d9534d5b7de0c46a37201fe3fffc5b79cd0f,1,
CN_PENDING_PAGE_MANIFEST_0.1,LTMD-CN4-G2019-VP160,LTMD-CN4-G2019,H2019P4CNA,2019,4,160,162,160,https://historico.conaliteg.gob.mx/c/H2019P4CNA/160.jpg,0,0.987654,Q4,source_jpeg,1,200,image/jpeg,56507,196a894a1e3836440cb0f4976c5e4265c6657c00300e64f98db89a10d916ec61,1,
CN_PENDING_PAGE_MANIFEST_0.1,LTMD-CN4-G2019-VP161,LTMD-CN4-G2019,H2019P4CNA,2019,4,161,162,161,https://historico.conaliteg.gob.mx/c/H2019P4CNA/161.jpg,0,0.993827,Q4,source_jpeg,1,200,image/jpeg,87788,4270d0f68b8d4dc4ca14bd50a483ee7ca7888a69631f77405550adc5228abdb6,1,
CN_PENDING_PAGE_MANIFEST_0.1,LTMD-CN5-G1982-VP001,LTMD-CN5-G1982,H1982P5CI389,1982,5,1,259,0,https://historico.conaliteg.gob.mx/c/H1982P5CI389/000.jpg,0,0.003861,Q1,source_jpeg,1,200,image/jpeg,201867,34514c56ea6c385c04ff671e1556e35ee1bf540a00b45e18d90ff60d8225cad4,1,
CN_PENDING_PAGE_MANIFEST_0.1,LTMD-CN5-G1982-VP002,LTMD-CN5-G1982,H1982P5CI389,1982,5,2,259,2,https://historico.conaliteg.gob.mx/c/H1982P5CI389/002.jpg,0,0.007722,Q1,source_jpeg,1,200,image/jpeg,21254,162ea2b1a904e3fffa82bc8784921ee0c5bb67ee300b0ae8abccfcd09744eb27,1,
CN_PENDING_PAGE_MANIFEST_0.1,LTMD-CN5-G1982-VP003,LTMD-CN5-G1982,H1982P5CI389,1982,5,3,259,3,https://historico.conaliteg.gob.mx/c/H1982P5CI389/003.jpg,0,0.011583,Q1,source_jpeg,1,200,image/jpeg,21407,aca68b5652f0526f11e1bfdbcced58352572d0e6f759beef85dcf8404935c59f,1,
CN_PENDING_PAGE_MANIFEST_0.1,LTMD-CN5-G1982-VP004,LTMD-CN5-G1982,H1982P5CI389,1982,5,4,259,4,https://historico.conaliteg.gob.mx/c/H1982P5CI389/004.jpg,0,0.015444,Q1,source_jpeg,1,200,image/jpeg,62101,f2c4edf27ccf647ba31300be2e094705a314ee66db80a295c34c830250f62ede,1,
CN_PENDING_PAGE_MANIFEST_0.1,LTMD-CN5-G1982-VP005,LTMD-CN5-G1982,H1982P5CI389,1982,5,5,259,5,https://historico.conaliteg.gob.mx/c/H1982P5CI389/005.jpg,0,0.019305,Q1,source_jpeg,1,200,image/jpeg,28007,e0cc2943329cd015979e80adfba1868475747c872a7be19f63a5b96eacc6b30d,1,
CN_PENDING_PAGE_MANIFEST_0.1,LTMD-CN5-G1982-VP006,LTMD-CN5-G1982,H1982P5CI389,1982,5,6,259,6,https://historico.conaliteg.gob.mx/c/H1982P5CI389/006.jpg,0,0.023166,Q1,source_jpeg,1,200,image/jpeg,85476,3f9378311cae417352373d4fc33a5f773c8f6da6774ff3233c3fccd6d514788f,1,
CN_PENDING_PAGE_MANIFEST_0.1,LTMD-CN5-G1982-VP007,LTMD-CN5-G1982,H1982P5CI389,1982,5,7,259,7,https://historico.conaliteg.gob.mx/c/H1982P5CI389/007.jpg,0,0.027027,Q1,source_jpeg,1,200,image/jpeg,49738,1beb6bccab92c9dc4f8b9649b8ceddd76b4ef0f73c3159a8644f17bab49dd0fc,1,
CN_PENDING_PAGE_MANIFEST_0.1,LTMD-CN5-G1982-VP008,LTMD-CN5-G1982,H1982P5CI389,1982,5,8,259,8,https://historico.conaliteg.gob.mx/c/H1982P5CI389/008.jpg,0,0.030888,Q1,source_jpeg,1,200,image/jpeg,51167,7f11d52d9b676b4469f8532e236d55929f674c3c214c2383f3c2c4708fb0c9e2,1,
CN_PENDING_PAGE_MANIFEST_0.1,LTMD-CN5-G1982-VP009,LTMD-CN5-G1982,H1982P5CI389,1982,5,9,259,9,https://historico.conaliteg.gob.mx/c/H1982P5CI389/009.jpg,0,0.034749,Q1,source_jpeg,1,200,image/jpeg,46204,78c477f3c4486f505c0a7c1089a7a83db10541ef0a6aba488cef64f14048e0ec,1,
CN_PENDING_PAGE_MANIFEST_0.1,LTMD-CN5-G1982-VP010,LTMD-CN5-G1982,H1982P5CI389,1982,5,10,259,10,https://historico.conaliteg.gob.mx/c/H1982P5CI389/010.jpg,0,0.038610,Q1,source_jpeg,1,200,image/jpeg,73947,b4baf3501d747f99c2b8becbca2774aaf9942695165cc091294e6a0b441bc657,1,
CN_PENDING_PAGE_MANIFEST_0.1,LTMD-CN5-G1982-VP011,LTMD-CN5-G1982,H1982P5CI389,1982,5,11,259,11,https://historico.conaliteg.gob.mx/c/H1982P5CI389/011.jpg,0,0.042471,Q1,source_jpeg,1,200,image/jpeg,62060,441c63881a7f4f61ab6d2682b4c25823aa02c21ca2e1acebe6b2f5e2bf210dcd,1,
CN_PENDING_PAGE_MANIFEST_0.1,LTMD-CN5-G1982-VP012,LTMD-CN5-G1982,H1982P5CI389,1982,5,12,259,12,https://historico.conaliteg.gob.mx/c/H1982P5CI389/012.jpg,0,0.046332,Q1,source_jpeg,1,200,image/jpeg,75280,32799f34a5d53c6a40823210ea4446db51864750fb59d9dfcaed5d3b4558110b,1,
CN_PENDING_PAGE_MANIFEST_0.1,LTMD-CN5-G1982-VP013,LTMD-CN5-G1982,H1982P5CI389,1982,5,13,259,13,https://historico.conaliteg.gob.mx/c/H1982P5CI389/013.jpg,0,0.050193,Q1,source_jpeg,1,200,image/jpeg,63432,c07fbea5b6134e4a72272c55ea2c39341389ea9ebc93009d0c488e87ff24fa70,1,
CN_PENDING_PAGE_MANIFEST_0.1,LTMD-CN5-G1982-VP014,LTMD-CN5-G1982,H1982P5CI389,1982,5,14,259,14,https://historico.conaliteg.gob.mx/c/H1982P5CI389/014.jpg,0,0.054054,Q1,source_jpeg,1,200,image/jpeg,80263,ee64c2b3431c47c9b05f74673bb4ad6a45a9fcba0088dbf426f070e94187d810,1,
CN_PENDING_PAGE_MANIFEST_0.1,LTMD-CN5-G1982-VP015,LTMD-CN5-G1982,H1982P5CI389,1982,5,15,259,15,https://historico.conaliteg.gob.mx/c/H1982P5CI389/015.jpg,0,0.057915,Q1,source_jpeg,1,200,image/jpeg,50154,a47026cdbb48bbdae3d25c57d78c26dc5a7c6a193cddf4d520954738060d2e68,1,
CN_PENDING_PAGE_MANIFEST_0.1,LTMD-CN5-G1982-VP016,LTMD-CN5-G1982,H1982P5CI389,1982,5,16,259,16,https://historico.conaliteg.gob.mx/c/H1982P5CI389/016.jpg,0,0.061776,Q1,source_jpeg,1,200,image/jpeg,66993,60c191dd3476a230643dd41ad3521b6e48d2113bf0bd5950671338ab226574a1,1,
CN_PENDING_PAGE_MANIFEST_0.1,LTMD-CN5-G1982-VP017,LTMD-CN5-G1982,H1982P5CI389,1982,5,17,259,17,https://historico.conaliteg.gob.mx/c/H1982P5CI389/017.jpg,0,0.065637,Q1,source_jpeg,1,200,image/jpeg,67087,180df816314ca20e7e24c4a0f7c7207e9307a0b5c68deec06d4f0d7d650049b7,1,
CN_PENDING_PAGE_MANIFEST_0.1,LTMD-CN5-G1982-VP018,LTMD-CN5-G1982,H1982P5CI389,1982,5,18,259,18,https://historico.conaliteg.gob.mx/c/H1982P5CI389/018.jpg,0,0.069498,Q1,source_jpeg,1,200,image/jpeg,72998,7816e998440fd24ea7d4e93b3c8ddbfd711e78d6cc1ce89af79afeddaf7ffcc6,1,
CN_PENDING_PAGE_MANIFEST_0.1,LTMD-CN5-G1982-VP019,LTMD-CN5-G1982,H1982P5CI389,1982,5,19,259,19,https://historico.conaliteg.gob.mx/c/H1982P5CI389/019.jpg,0,0.073359,Q1,source_jpeg,1,200,image/jpeg,71857,26ea8da4dd2dd49cbde6238a2db9905d1864b5bf6f380a3c83e604701a2a6554,1,
CN_PENDING_PAGE_MANIFEST_0.1,LTMD-CN5-G1982-VP020,LTMD-CN5-G1982,H1982P5CI389,1982,5,20,259,20,https://historico.conaliteg.gob.mx/c/H1982P5CI389/020.jpg,0,0.077220,Q1,source_jpeg,1,200,image/jpeg,48975,6f1b0d2d9e7bb9e17674e782ab6f68c5ce8bf6e4ba23aceed4c1890122986d9d,1,
CN_PENDING_PAGE_MANIFEST_0.1,LTMD-CN5-G1982-VP021,LTMD-CN5-G1982,H1982P5CI389,1982,5,21,259,21,https://historico.conaliteg.gob.mx/c/H1982P5CI389/021.jpg,0,0.081081,Q1,source_jpeg,1,200,image/jpeg,46490,72bd701dafc3639aa0857348f8d94ed4869feb18857e515bc886424f0e1f7426,1,
CN_PENDING_PAGE_MANIFEST_0.1,LTMD-CN5-G1982-VP022,LTMD-CN5-G1982,H1982P5CI389,1982,5,22,259,22,https://historico.conaliteg.gob.mx/c/H1982P5CI389/022.jpg,0,0.084942,Q1,source_jpeg,1,200,image/jpeg,62791,5a371e0d93937d2d36818bfb2a486a7f930f317898143b7392db34e8753ef6dd,1,
CN_PENDING_PAGE_MANIFEST_0.1,LTMD-CN5-G1982-VP023,LTMD-CN5-G1982,H1982P5CI389,1982,5,23,259,23,https://historico.conaliteg.gob.mx/c/H1982P5CI389/023.jpg,0,0.088803,Q1,source_jpeg,1,200,image/jpeg,80452,e76fefa1fabfc99c938befbba9d81602aa4260f440236f9fb8b858d1583d6be6,1,
CN_PENDING_PAGE_MANIFEST_0.1,LTMD-CN5-G1982-VP024,LTMD-CN5-G1982,H1982P5CI389,1982,5,24,259,24,https://historico.conaliteg.gob.mx/c/H1982P5CI389/024.jpg,0,0.092664,Q1,source_jpeg,1,200,image/jpeg,57494,878cb2ad0eb86c09b34e28038d726a370be415ba20b8d773fe57aab438c66e10,1,
CN_PENDING_PAGE_MANIFEST_0.1,LTMD-CN5-G1982-VP025,LTMD-CN5-G1982,H1982P5CI389,1982,5,25,259,25,https://historico.conaliteg.gob.mx/c/H1982P5CI389/025.jpg,0,0.096525,Q1,source_jpeg,1,200,image/jpeg,66241,2ef09252987749da0f987c004d255776e8bd40aa3e3ebfa1aef888e4bf106d17,1,
CN_PENDING_PAGE_MANIFEST_0.1,LTMD-CN5-G1982-VP026,LTMD-CN5-G1982,H1982P5CI389,1982,5,26,259,26,https://historico.conaliteg.gob.mx/c/H1982P5CI389/026.jpg,0,0.100386,Q1,source_jpeg,1,200,image/jpeg,48265,8446a3d0f66df9f7517e35f78a62efb13f0b049c21847f2208769aa181511595,1,
CN_PENDING_PAGE_MANIFEST_0.1,LTMD-CN5-G1982-VP027,LTMD-CN5-G1982,H1982P5CI389,1982,5,27,259,27,https://historico.conaliteg.gob.mx/c/H1982P5CI389/027.jpg,0,0.104247,Q1,source_jpeg,1,200,image/jpeg,40373,cf3a97111f7d115982284041e194b09d384eca375f13b373d341fdc3b85f6a60,1,
CN_PENDING_PAGE_MANIFEST_0.1,LTMD-CN5-G1982-VP028,LTMD-CN5-G1982,H1982P5CI389,1982,5,28,259,28,https://historico.conaliteg.gob.mx/c/H1982P5CI389/028.jpg,0,0.108108,Q1,source_jpeg,1,200,image/jpeg,59356,bf63a8db2f31c5665ae87d3c4f9d75db4bb68c0b36d08242fc54678be0decad8,1,
CN_PENDING_PAGE_MANIFEST_0.1,LTMD-CN5-G1982-VP029,LTMD-CN5-G1982,H1982P5CI389,1982,5,29,259,29,https://historico.conaliteg.gob.mx/c/H1982P5CI389/029.jpg,0,0.111969,Q1,source_jpeg,1,200,image/jpeg,52694,d9f3e88613eab6ecd22388674fbb3d93a520f4d8dbd75f103bcedec73dba916c,1,
CN_PENDING_PAGE_MANIFEST_0.1,LTMD-CN5-G1982-VP030,LTMD-CN5-G1982,H1982P5CI389,1982,5,30,259,30,https://historico.conaliteg.gob.mx/c/H1982P5CI389/030.jpg,0,0.115830,Q1,source_jpeg,1,200,image/jpeg,65759,32ddedbb89cd3580bf96e9f14cd3a534387ec0a29c3b5f049044ceab6096ea9b,1,
CN_PENDING_PAGE_MANIFEST_0.1,LTMD-CN5-G1982-VP031,LTMD-CN5-G1982,H1982P5CI389,1982,5,31,259,31,https://historico.conaliteg.gob.mx/c/H1982P5CI389/031.jpg,0,0.119691,Q1,source_jpeg,1,200,image/jpeg,70940,3e4ef2d98ab0300bd1856909b263f9ec5bb26543e6051f498a9b1dc2e5e1f99f,1,
CN_PENDING_PAGE_MANIFEST_0.1,LTMD-CN5-G1982-VP032,LTMD-CN5-G1982,H1982P5CI389,1982,5,32,259,32,https://historico.conaliteg.gob.mx/c/H1982P5CI389/032.jpg,0,0.123552,Q1,source_jpeg,1,200,image/jpeg,70756,5c7b2ecfb71c720a5a775222afe12a9b473bb46751d54362d6317d1035cb1fe6,1,
CN_PENDING_PAGE_MANIFEST_0.1,LTMD-CN5-G1982-VP033,LTMD-CN5-G1982,H1982P5CI389,1982,5,33,259,33,https://historico.conaliteg.gob.mx/c/H1982P5CI389/033.jpg,0,0.127413,Q1,source_jpeg,1,200,image/jpeg,92879,a40e55ab08606ae311fffe6ea9025238104ffb5e18b7286c0f6bebef6ec591f1,1,
CN_PENDING_PAGE_MANIFEST_0.1,LTMD-CN5-G1982-VP034,LTMD-CN5-G1982,H1982P5CI389,1982,5,34,259,34,https://historico.conaliteg.gob.mx/c/H1982P5CI389/034.jpg,0,0.131274,Q1,source_jpeg,1,200,image/jpeg,71236,194a563e6a5141a8e2f8978be72a48c1b2a5cd6bbc7b00f753a7940d216b0274,1,
CN_PENDING_PAGE_MANIFEST_0.1,LTMD-CN5-G1982-VP035,LTMD-CN5-G1982,H1982P5CI389,1982,5,35,259,35,https://historico.conaliteg.gob.mx/c/H1982P5CI389/035.jpg,0,0.135135,Q1,source_jpeg,1,200,image/jpeg,71533,79cac95f680207612523c5f574e2dcb4b8292943b0071700b0113b885a8583d9,1,
CN_PENDING_PAGE_MANIFEST_0.1,LTMD-CN5-G1982-VP036,LTMD-CN5-G1982,H1982P5CI389,1982,5,36,259,36,https://historico.conaliteg.gob.mx/c/H1982P5CI389/036.jpg,0,0.138996,Q1,source_jpeg,1,200,image/jpeg,57427,cdccf25b1a8cd038adde7c3744b5b3b533a76f9a3db8d8da6d8a140cd1a9c267,1,
CN_PENDING_PAGE_MANIFEST_0.1,LTMD-CN5-G1982-VP037,LTMD-CN5-G1982,H1982P5CI389,1982,5,37,259,37,https://historico.conaliteg.gob.mx/c/H1982P5CI389/037.jpg,0,0.142857,Q1,source_jpeg,1,200,image/jpeg,74831,d407250a737fa859bfc50caada3420e10c4c1f2753b565d0ba412b1e99d6ebff,1,
CN_PENDING_PAGE_MANIFEST_0.1,LTMD-CN5-G1982-VP038,LTMD-CN5-G1982,H1982P5CI389,1982,5,38,259,38,https://historico.conaliteg.gob.mx/c/H1982P5CI389/038.jpg,0,0.146718,Q1,source_jpeg,1,200,image/jpeg,106523,fdd420512d80f589959b37057115c20d6da1bc83067cb988258e6785b76ea8cc,1,
CN_PENDING_PAGE_MANIFEST_0.1,LTMD-CN5-G1982-VP039,LTMD-CN5-G1982,H1982P5CI389,1982,5,39,259,39,https://historico.conaliteg.gob.mx/c/H1982P5CI389/039.jpg,0,0.150579,Q1,source_jpeg,1,200,image/jpeg,67031,ef7c8361346c6190056856aa01956dc70ba4843eca84828a43939c1db4e21d93,1,
CN_PENDING_PAGE_MANIFEST_0.1,LTMD-CN5-G1982-VP040,LTMD-CN5-G1982,H1982P5CI389,1982,5,40,259,40,https://historico.conaliteg.gob.mx/c/H1982P5CI389/040.jpg,0,0.154440,Q1,source_jpeg,1,200,image/jpeg,55823,b2935b1d15d0c638345b0dcbb87e0b2ef63646d2daf05a1dffcb8163c385811a,1,
CN_PENDING_PAGE_MANIFEST_0.1,LTMD-CN5-G1982-VP041,LTMD-CN5-G1982,H1982P5CI389,1982,5,41,259,41,https://historico.conaliteg.gob.mx/c/H1982P5CI389/041.jpg,0,0.158301,Q1,source_jpeg,1,200,image/jpeg,50876,fae3a86aa2f0401e43e0c0fed5bd2caebd9e9d6041898861710fea51682ae8f2,1,
CN_PENDING_PAGE_MANIFEST_0.1,LTMD-CN5-G1982-VP042,LTMD-CN5-G1982,H1982P5CI389,1982,5,42,259,42,https://historico.conaliteg.gob.mx/c/H1982P5CI389/042.jpg,0,0.162162,Q1,source_jpeg,1,200,image/jpeg,55390,02908f044b1cf6ae71702f2eaeba520ea7c90326a0dc5320cede7187bf929a2f,1,
CN_PENDING_PAGE_MANIFEST_0.1,LTMD-CN5-G1982-VP043,LTMD-CN5-G1982,H1982P5CI389,1982,5,43,259,43,https://historico.conaliteg.gob.mx/c/H1982P5CI389/043.jpg,0,0.166023,Q1,source_jpeg,1,200,image/jpeg,73845,07fdcb6b0ea0a9e7fe7284d7217fa2409d635247b00cdc93e67e94a107495e6b,1,
CN_PENDING_PAGE_MANIFEST_0.1,LTMD-CN5-G1982-VP044,LTMD-CN5-G1982,H1982P5CI389,1982,5,44,259,44,https://historico.conaliteg.gob.mx/c/H1982P5CI389/044.jpg,0,0.169884,Q1,source_jpeg,1,200,image/jpeg,56479,97b75846cc3d80ed06b0c5a6737bcc675e425ae75522626c11818daa328d9da3,1,
CN_PENDING_PAGE_MANIFEST_0.1,LTMD-CN5-G1982-VP045,LTMD-CN5-G1982,H1982P5CI389,1982,5,45,259,45,https://historico.conaliteg.gob.mx/c/H1982P5CI389/045.jpg,0,0.173745,Q1,source_jpeg,1,200,image/jpeg,67691,7b127fbf43f155e0864d00e94841e359ac9ae14e947d24e1387be593534dd13b,1,
CN_PENDING_PAGE_MANIFEST_0.1,LTMD-CN5-G1982-VP046,LTMD-CN5-G1982,H1982P5CI389,1982,5,46,259,46,https://historico.conaliteg.gob.mx/c/H1982P5CI389/046.jpg,0,0.177606,Q1,source_jpeg,1,200,image/jpeg,74472,29fe2c0ef97974b1ef40fa5f8a076d51c457339e93b41af148fbddd0ab9a5173,1,
CN_PENDING_PAGE_MANIFEST_0.1,LTMD-CN5-G1982-VP047,LTMD-CN5-G1982,H1982P5CI389,1982,5,47,259,47,https://historico.conaliteg.gob.mx/c/H1982P5CI389/047.jpg,0,0.181467,Q1,source_jpeg,1,200,image/jpeg,78668,ec765752687fbc3c2e4f5e2411c1bdff3ff1864eeaa28a1d5acfe71eb9cc590c,1,
CN_PENDING_PAGE_MANIFEST_0.1,LTMD-CN5-G1982-VP048,LTMD-CN5-G1982,H1982P5CI389,1982,5,48,259,48,https://historico.conaliteg.gob.mx/c/H1982P5CI389/048.jpg,0,0.185328,Q1,source_jpeg,1,200,image/jpeg,85927,00f9cc72a23a09a4bef9fb916d8b516bd7afc11451c8d50c7ceba7bf5464eb87,1,
CN_PENDING_PAGE_MANIFEST_0.1,LTMD-CN5-G1982-VP049,LTMD-CN5-G1982,H1982P5CI389,1982,5,49,259,49,https://historico.conaliteg.gob.mx/c/H1982P5CI389/049.jpg,0,0.189189,Q1,source_jpeg,1,200,image/jpeg,78020,65eada4014928efd909d9f0604c31aef11cb30d519957622743f1bf35a2112fb,1,
CN_PENDING_PAGE_MANIFEST_0.1,LTMD-CN5-G1982-VP050,LTMD-CN5-G1982,H1982P5CI389,1982,5,50,259,50,https://historico.conaliteg.gob.mx/c/H1982P5CI389/050.jpg,0,0.193050,Q1,source_jpeg,1,200,image/jpeg,82120,0acde8778d817c99926160038ed83fa3441bdf24a98e90a859806f2236030fce,1,
CN_PENDING_PAGE_MANIFEST_0.1,LTMD-CN5-G1982-VP051,LTMD-CN5-G1982,H1982P5CI389,1982,5,51,259,51,https://historico.conaliteg.gob.mx/c/H1982P5CI389/051.jpg,0,0.196911,Q1,source_jpeg,1,200,image/jpeg,64481,2196a36c7206297c506d2988cdadeedc8c7456a620be388c5f5751455e22e6ef,1,
CN_PENDING_PAGE_MANIFEST_0.1,LTMD-CN5-G1982-VP052,LTMD-CN5-G1982,H1982P5CI389,1982,5,52,259,52,https://historico.conaliteg.gob.mx/c/H1982P5CI389/052.jpg,0,0.200772,Q1,source_jpeg,1,200,image/jpeg,65771,c4f39bc23a7566609111ffcf25e9af0b659de19d9cf2293c435de9363bd7f77b,1,
CN_PENDING_PAGE_MANIFEST_0.1,LTMD-CN5-G1982-VP053,LTMD-CN5-G1982,H1982P5CI389,1982,5,53,259,53,https://historico.conaliteg.gob.mx/c/H1982P5CI389/053.jpg,0,0.204633,Q1,source_jpeg,1,200,image/jpeg,81312,a34ae418c7a5a5f76f03c3c143d185446f692a75b17d92edadd4b8e05e10c680,1,
CN_PENDING_PAGE_MANIFEST_0.1,LTMD-CN5-G1982-VP054,LTMD-CN5-G1982,H1982P5CI389,1982,5,54,259,54,https://historico.conaliteg.gob.mx/c/H1982P5CI389/054.jpg,0,0.208494,Q1,source_jpeg,1,200,image/jpeg,93966,6c43c702159a1d46f4492d00ca166cffba32aa2fe83a0c683f3d008825744852,1,
CN_PENDING_PAGE_MANIFEST_0.1,LTMD-CN5-G1982-VP055,LTMD-CN5-G1982,H1982P5CI389,1982,5,55,259,55,https://historico.conaliteg.gob.mx/c/H1982P5CI389/055.jpg,0,0.212355,Q1,source_jpeg,1,200,image/jpeg,87833,88584ca2510ceb0d9fe02f914d1120cb89c93bcfb75b5f1b18419b345ba30322,1,
CN_PENDING_PAGE_MANIFEST_0.1,LTMD-CN5-G1982-VP056,LTMD-CN5-G1982,H1982P5CI389,1982,5,56,259,56,https://historico.conaliteg.gob.mx/c/H1982P5CI389/056.jpg,0,0.216216,Q1,source_jpeg,1,200,image/jpeg,64768,dd025bc33afe3782a50f2b0a857b903507e38be09db6ba4ad978e8da11092fed,1,
CN_PENDING_PAGE_MANIFEST_0.1,LTMD-CN5-G1982-VP057,LTMD-CN5-G1982,H1982P5CI389,1982,5,57,259,57,https://historico.conaliteg.gob.mx/c/H1982P5CI389/057.jpg,0,0.220077,Q1,source_jpeg,1,200,image/jpeg,68387,0685345e40e99983b9e47973d3af2c2c0da48252f5ff515f598336d8d439207f,1,
CN_PENDING_PAGE_MANIFEST_0.1,LTMD-CN5-G1982-VP058,LTMD-CN5-G1982,H1982P5CI389,1982,5,58,259,58,https://historico.conaliteg.gob.mx/c/H1982P5CI389/058.jpg,0,0.223938,Q1,source_jpeg,1,200,image/jpeg,41801,0eecc5397e3d1827f7609ba8d4c7645a36f69111e7d0ab88a3a98f87a7610c8a,1,
CN_PENDING_PAGE_MANIFEST_0.1,LTMD-CN5-G1982-VP059,LTMD-CN5-G1982,H1982P5CI389,1982,5,59,259,59,https://historico.conaliteg.gob.mx/c/H1982P5CI389/059.jpg,0,0.227799,Q1,source_jpeg,1,200,image/jpeg,56635,02a3c3471e1109a56cde483548a3e94315a395a46fb55bf5bb330ccbadd977b6,1,
CN_PENDING_PAGE_MANIFEST_0.1,LTMD-CN5-G1982-VP060,LTMD-CN5-G1982,H1982P5CI389,1982,5,60,259,60,https://historico.conaliteg.gob.mx/c/H1982P5CI389/060.jpg,0,0.231660,Q1,source_jpeg,1,200,image/jpeg,65476,cb55deffb80f43856a2cafee994a16988eb5babb3a4a82fa55b1e63a0bd4a6d0,1,
CN_PENDING_PAGE_MANIFEST_0.1,LTMD-CN5-G1982-VP061,LTMD-CN5-G1982,H1982P5CI389,1982,5,61,259,61,https://historico.conaliteg.gob.mx/c/H1982P5CI389/061.jpg,0,0.235521,Q1,source_jpeg,1,200,image/jpeg,74079,3a69703951e117286a9eda9ba7d2bfcbb86f57038f4a1d7a99503f8bf75e6068,1,
CN_PENDING_PAGE_MANIFEST_0.1,LTMD-CN5-G1982-VP062,LTMD-CN5-G1982,H1982P5CI389,1982,5,62,259,62,https://historico.conaliteg.gob.mx/c/H1982P5CI389/062.jpg,0,0.239382,Q1,source_jpeg,1,200,image/jpeg,70812,0e232e4965cbb0bc3e4d3d919b63623bc4e14e11057e513009961da72551842f,1,
CN_PENDING_PAGE_MANIFEST_0.1,LTMD-CN5-G1982-VP063,LTMD-CN5-G1982,H1982P5CI389,1982,5,63,259,63,https://historico.conaliteg.gob.mx/c/H1982P5CI389/063.jpg,0,0.243243,Q1,source_jpeg,1,200,image/jpeg,67404,3d2b782abe28c17d86fea2ac4c0a2ad786492750c51ec8be7941fbe7645fffd2,1,
CN_PENDING_PAGE_MANIFEST_0.1,LTMD-CN5-G1982-VP064,LTMD-CN5-G1982,H1982P5CI389,1982,5,64,259,64,https://historico.conaliteg.gob.mx/c/H1982P5CI389/064.jpg,0,0.247104,Q1,source_jpeg,1,200,image/jpeg,66348,3391c203f5f5768a301a0cde9c4132f425d4c38d30f57748126ffd5c66eb38ab,1,
CN_PENDING_PAGE_MANIFEST_0.1,LTMD-CN5-G1982-VP065,LTMD-CN5-G1982,H1982P5CI389,1982,5,65,259,65,https://historico.conaliteg.gob.mx/c/H1982P5CI389/065.jpg,0,0.250965,Q2,source_jpeg,1,200,image/jpeg,62495,10ab6a8328f789bce16d115b5ad2ce7c5fd965e9805321af21ccfd4ac38cbdb5,1,
CN_PENDING_PAGE_MANIFEST_0.1,LTMD-CN5-G1982-VP066,LTMD-CN5-G1982,H1982P5CI389,1982,5,66,259,66,https://historico.conaliteg.gob.mx/c/H1982P5CI389/066.jpg,0,0.254826,Q2,source_jpeg,1,200,image/jpeg,73825,86b858349c40cbfdd025cf2561d70f54f65727fa586a7ee0af4eb3a08c313973,1,
CN_PENDING_PAGE_MANIFEST_0.1,LTMD-CN5-G1982-VP067,LTMD-CN5-G1982,H1982P5CI389,1982,5,67,259,67,https://historico.conaliteg.gob.mx/c/H1982P5CI389/067.jpg,0,0.258687,Q2,source_jpeg,1,200,image/jpeg,66570,8bd474769b661fe909ec220f111385e2f6053fcd1d1b20cd35ca3f2ef99b512e,1,
CN_PENDING_PAGE_MANIFEST_0.1,LTMD-CN5-G1982-VP068,LTMD-CN5-G1982,H1982P5CI389,1982,5,68,259,68,https://historico.conaliteg.gob.mx/c/H1982P5CI389/068.jpg,0,0.262548,Q2,source_jpeg,1,200,image/jpeg,64369,13799d140d40796547b3e7e1428245545e03cfd5686c651630f2f80eb3359cef,1,
CN_PENDING_PAGE_MANIFEST_0.1,LTMD-CN5-G1982-VP069,LTMD-CN5-G1982,H1982P5CI389,1982,5,69,259,69,https://historico.conaliteg.gob.mx/c/H1982P5CI389/069.jpg,0,0.266409,Q2,source_jpeg,1,200,image/jpeg,53542,c346b32fc5511e29310b78d9fc34a5a95401292f3452bd284a5577c63d2068fa,1,
CN_PENDING_PAGE_MANIFEST_0.1,LTMD-CN5-G1982-VP070,LTMD-CN5-G1982,H1982P5CI389,1982,5,70,259,70,https://historico.conaliteg.gob.mx/c/H1982P5CI389/070.jpg,0,0.270270,Q2,source_jpeg,1,200,image/jpeg,64257,e67a127546ac5805b566a95ef4001f29a2c0de0059b4b193e1d878817b87b6ed,1,
CN_PENDING_PAGE_MANIFEST_0.1,LTMD-CN5-G1982-VP071,LTMD-CN5-G1982,H1982P5CI389,1982,5,71,259,71,https://historico.conaliteg.gob.mx/c/H1982P5CI389/071.jpg,0,0.274131,Q2,source_jpeg,1,200,image/jpeg,69116,3f8e1a1e6f5b41d5ddee42624d2bdbe3cdd928152f73151900ecee0ccab9057e,1,
CN_PENDING_PAGE_MANIFEST_0.1,LTMD-CN5-G1982-VP072,LTMD-CN5-G1982,H1982P5CI389,1982,5,72,259,72,https://historico.conaliteg.gob.mx/c/H1982P5CI389/072.jpg,0,0.277992,Q2,source_jpeg,1,200,image/jpeg,71185,d754e9c10ef12bf1226ca5dd757b7b9f7a7eb03cae42309d47c3d87ebec7c951,1,
CN_PENDING_PAGE_MANIFEST_0.1,LTMD-CN5-G1982-VP073,LTMD-CN5-G1982,H1982P5CI389,1982,5,73,259,73,https://historico.conaliteg.gob.mx/c/H1982P5CI389/073.jpg,0,0.281853,Q2,source_jpeg,1,200,image/jpeg,68063,262786435c4ca2920b0a34f9773bc510e6c5060e98c531ff4ae6780b9eef5cd7,1,
CN_PENDING_PAGE_MANIFEST_0.1,LTMD-CN5-G1982-VP074,LTMD-CN5-G1982,H1982P5CI389,1982,5,74,259,74,https://historico.conaliteg.gob.mx/c/H1982P5CI389/074.jpg,0,0.285714,Q2,source_jpeg,1,200,image/jpeg,57203,087dd56b85f01071352f3e73bbcb1907ed7c2e79ebdd90bbfa8331e7e9178c8f,1,
CN_PENDING_PAGE_MANIFEST_0.1,LTMD-CN5-G1982-VP075,LTMD-CN5-G1982,H1982P5CI389,1982,5,75,259,75,https://historico.conaliteg.gob.mx/c/H1982P5CI389/075.jpg,0,0.289575,Q2,source_jpeg,1,200,image/jpeg,57061,e5d755144554eae02edf4aeeed702f540983d18ccb6832d0c684ca3792da6794,1,
CN_PENDING_PAGE_MANIFEST_0.1,LTMD-CN5-G1982-VP076,LTMD-CN5-G1982,H1982P5CI389,1982,5,76,259,76,https://historico.conaliteg.gob.mx/c/H1982P5CI389/076.jpg,0,0.293436,Q2,source_jpeg,1,200,image/jpeg,96225,6bb45f8d8b7b5203ffb5acddcaf1fc6d3ce96b3915d1584513ee54cf3a5e2f93,1,
CN_PENDING_PAGE_MANIFEST_0.1,LTMD-CN5-G1982-VP077,LTMD-CN5-G1982,H1982P5CI389,1982,5,77,259,77,https://historico.conaliteg.gob.mx/c/H1982P5CI389/077.jpg,0,0.297297,Q2,source_jpeg,1,200,image/jpeg,72999,b0e4b463d92576fa39504eb697ae548b78092f3177a5e467bacb1c66e5a36143,1,
CN_PENDING_PAGE_MANIFEST_0.1,LTMD-CN5-G1982-VP078,LTMD-CN5-G1982,H1982P5CI389,1982,5,78,259,78,https://historico.conaliteg.gob.mx/c/H1982P5CI389/078.jpg,0,0.301158,Q2,source_jpeg,1,200,image/jpeg,44681,f36aca4d61dd41ab044d7c5d152d8ac06dc49adeb82a5c7e8e49d0de93265f9c,1,
CN_PENDING_PAGE_MANIFEST_0.1,LTMD-CN5-G1982-VP079,LTMD-CN5-G1982,H1982P5CI389,1982,5,79,259,79,https://historico.conaliteg.gob.mx/c/H1982P5CI389/079.jpg,0,0.305019,Q2,source_jpeg,1,200,image/jpeg,60064,9c492542f1af8b2c30aa8c607888a716408314b054d65a04c2aebd508a2eca93,1,
CN_PENDING_PAGE_MANIFEST_0.1,LTMD-CN5-G1982-VP080,LTMD-CN5-G1982,H1982P5CI389,1982,5,80,259,80,https://historico.conaliteg.gob.mx/c/H1982P5CI389/080.jpg,0,0.308880,Q2,source_jpeg,1,200,image/jpeg,64016,4a13794fd7879f8fa16d8a4c0b56502a745fbdf140e50ea7ec7c83c6045a5fcf,1,
CN_PENDING_PAGE_MANIFEST_0.1,LTMD-CN5-G1982-VP081,LTMD-CN5-G1982,H1982P5CI389,1982,5,81,259,81,https://historico.conaliteg.gob.mx/c/H1982P5CI389/081.jpg,0,0.312741,Q2,source_jpeg,1,200,image/jpeg,73475,174c7b625a70f6d8eed8bb08cba15a22fe7eec967d576b0e73958c8ed77f47f4,1,
CN_PENDING_PAGE_MANIFEST_0.1,LTMD-CN5-G1982-VP082,LTMD-CN5-G1982,H1982P5CI389,1982,5,82,259,82,https://historico.conaliteg.gob.mx/c/H1982P5CI389/082.jpg,0,0.316602,Q2,source_jpeg,1,200,image/jpeg,75907,52d74a9771b14f15ad41cd8b24389e55eb0dcc2216a35adc89b43140ddaff52c,1,
CN_PENDING_PAGE_MANIFEST_0.1,LTMD-CN5-G1982-VP083,LTMD-CN5-G1982,H1982P5CI389,1982,5,83,259,83,https://historico.conaliteg.gob.mx/c/H1982P5CI389/083.jpg,0,0.320463,Q2,source_jpeg,1,200,image/jpeg,72775,df1724b7b734e4839befc1d3af09ffaef36d1276296ce48b806e53682b75fc19,1,
CN_PENDING_PAGE_MANIFEST_0.1,LTMD-CN5-G1982-VP084,LTMD-CN5-G1982,H1982P5CI389,1982,5,84,259,84,https://historico.conaliteg.gob.mx/c/H1982P5CI389/084.jpg,0,0.324324,Q2,source_jpeg,1,200,image/jpeg,117736,bb74cd91954427061a630438133dc5839d939aeb59ecd79f8f912ec037127b4c,1,
CN_PENDING_PAGE_MANIFEST_0.1,LTMD-CN5-G1982-VP085,LTMD-CN5-G1982,H1982P5CI389,1982,5,85,259,85,https://historico.conaliteg.gob.mx/c/H1982P5CI389/085.jpg,0,0.328185,Q2,source_jpeg,1,200,image/jpeg,61280,4c71701269eb22c1db92a6726b1a18ccad395f9d3ea0ee43bb41fe448ef39545,1,
CN_PENDING_PAGE_MANIFEST_0.1,LTMD-CN5-G1982-VP086,LTMD-CN5-G1982,H1982P5CI389,1982,5,86,259,86,https://historico.conaliteg.gob.mx/c/H1982P5CI389/086.jpg,0,0.332046,Q2,source_jpeg,1,200,image/jpeg,62054,b00bf2adccc2d630cd889be434ae409dc58d3303a3cadc19bed221019f22f360,1,
CN_PENDING_PAGE_MANIFEST_0.1,LTMD-CN5-G1982-VP087,LTMD-CN5-G1982,H1982P5CI389,1982,5,87,259,87,https://historico.conaliteg.gob.mx/c/H1982P5CI389/087.jpg,0,0.335907,Q2,source_jpeg,1,200,image/jpeg,66418,a2c35712ea2f2029884787c56b95dd04503fbd797a76a1aa398811743a98ebe4,1,
CN_PENDING_PAGE_MANIFEST_0.1,LTMD-CN5-G1982-VP088,LTMD-CN5-G1982,H1982P5CI389,1982,5,88,259,88,https://historico.conaliteg.gob.mx/c/H1982P5CI389/088.jpg,0,0.339768,Q2,source_jpeg,1,200,image/jpeg,64142,f85cc45ff6c2c3f247111f08e93efb79a28e4db447e3a0b21f9f9709bede5dcb,1,
CN_PENDING_PAGE_MANIFEST_0.1,LTMD-CN5-G1982-VP089,LTMD-CN5-G1982,H1982P5CI389,1982,5,89,259,89,https://historico.conaliteg.gob.mx/c/H1982P5CI389/089.jpg,0,0.343629,Q2,source_jpeg,1,200,image/jpeg,83590,2f0b2e7ecadf02dc07137b58f3e5d2a5d758695be5d414849814aee795271e08,1,
CN_PENDING_PAGE_MANIFEST_0.1,LTMD-CN5-G1982-VP090,LTMD-CN5-G1982,H1982P5CI389,1982,5,90,259,90,https://historico.conaliteg.gob.mx/c/H1982P5CI389/090.jpg,0,0.347490,Q2,source_jpeg,1,200,image/jpeg,70478,08fbba3a6bbc3c670aa4fda1011d88503dc9c00275a3af5a1d5428fe93f708f3,1,
CN_PENDING_PAGE_MANIFEST_0.1,LTMD-CN5-G1982-VP091,LTMD-CN5-G1982,H1982P5CI389,1982,5,91,259,91,https://historico.conaliteg.gob.mx/c/H1982P5CI389/091.jpg,0,0.351351,Q2,source_jpeg,1,200,image/jpeg,49048,79b5fdd4e57962b381831b8a445d4f696c936c9c6f2283dfe14cd7037f474077,1,
CN_PENDING_PAGE_MANIFEST_0.1,LTMD-CN5-G1982-VP092,LTMD-CN5-G1982,H1982P5CI389,1982,5,92,259,92,https://historico.conaliteg.gob.mx/c/H1982P5CI389/092.jpg,0,0.355212,Q2,source_jpeg,1,200,image/jpeg,72700,5975b70e98713bbfa172c73427aba2b23cbfbd8ae72558c44802c62d62a6ca8a,1,
CN_PENDING_PAGE_MANIFEST_0.1,LTMD-CN5-G1982-VP093,LTMD-CN5-G1982,H1982P5CI389,1982,5,93,259,93,https://historico.conaliteg.gob.mx/c/H1982P5CI389/093.jpg,0,0.359073,Q2,source_jpeg,1,200,image/jpeg,82596,3ea5f9cec1b30a1cbbf744755d0e97825eddf59ace6a8768f1d72d1e715b47d4,1,
CN_PENDING_PAGE_MANIFEST_0.1,LTMD-CN5-G1982-VP094,LTMD-CN5-G1982,H1982P5CI389,1982,5,94,259,94,https://historico.conaliteg.gob.mx/c/H1982P5CI389/094.jpg,0,0.362934,Q2,source_jpeg,1,200,image/jpeg,72662,0d8013990d1292655cd7f53f9eb150309e2d4d9c7f2d2051aa423ad697e21d8e,1,
CN_PENDING_PAGE_MANIFEST_0.1,LTMD-CN5-G1982-VP095,LTMD-CN5-G1982,H1982P5CI389,1982,5,95,259,95,https://historico.conaliteg.gob.mx/c/H1982P5CI389/095.jpg,0,0.366795,Q2,source_jpeg,1,200,image/jpeg,73066,910dd654ec817297132e8c0a98707a2724e6fbb3c3806fc6062ce009f8f70e82,1,
CN_PENDING_PAGE_MANIFEST_0.1,LTMD-CN5-G1982-VP096,LTMD-CN5-G1982,H1982P5CI389,1982,5,96,259,96,https://historico.conaliteg.gob.mx/c/H1982P5CI389/096.jpg,0,0.370656,Q2,source_jpeg,1,200,image/jpeg,61273,382bb2aa0ead216574ecc31111274ed561cc1de4a7f70d844085df83e2c95997,1,
CN_PENDING_PAGE_MANIFEST_0.1,LTMD-CN5-G1982-VP097,LTMD-CN5-G1982,H1982P5CI389,1982,5,97,259,97,https://historico.conaliteg.gob.mx/c/H1982P5CI389/097.jpg,0,0.374517,Q2,source_jpeg,1,200,image/jpeg,73459,f1aa35370381efdd3ec2bda3ca06c9154aa19601417dc34fad2c9f0c8f4053b6,1,
CN_PENDING_PAGE_MANIFEST_0.1,LTMD-CN5-G1982-VP098,LTMD-CN5-G1982,H1982P5CI389,1982,5,98,259,98,https://historico.conaliteg.gob.mx/c/H1982P5CI389/098.jpg,0,0.378378,Q2,source_jpeg,1,200,image/jpeg,66787,de04be45c953cb484c1bb2ce5d7611a03c4cf7f0a72a1d6d9bd26add43942430,1,
CN_PENDING_PAGE_MANIFEST_0.1,LTMD-CN5-G1982-VP099,LTMD-CN5-G1982,H1982P5CI389,1982,5,99,259,99,https://historico.conaliteg.gob.mx/c/H1982P5CI389/099.jpg,0,0.382239,Q2,source_jpeg,1,200,image/jpeg,72529,dee77c3962beefdf99c69cc33a6f96553ee1910f06da1fa193124a6857068d64,1,
CN_PENDING_PAGE_MANIFEST_0.1,LTMD-CN5-G1982-VP100,LTMD-CN5-G1982,H1982P5CI389,1982,5,100,259,100,https://historico.conaliteg.gob.mx/c/H1982P5CI389/100.jpg,0,0.386100,Q2,source_jpeg,1,200,image/jpeg,59335,b2c4dc2130ad2ffe8422be0918f718b1f9a70a7cec6bc423b718ee3ebf001d9e,1,
CN_PENDING_PAGE_MANIFEST_0.1,LTMD-CN5-G1982-VP101,LTMD-CN5-G1982,H1982P5CI389,1982,5,101,259,101,https://historico.conaliteg.gob.mx/c/H1982P5CI389/101.jpg,0,0.389961,Q2,source_jpeg,1,200,image/jpeg,55324,037332cf178ba4fab5262721680f31b92ba527f2b8dd86d6658e7345a4af5661,1,
CN_PENDING_PAGE_MANIFEST_0.1,LTMD-CN5-G1982-VP102,LTMD-CN5-G1982,H1982P5CI389,1982,5,102,259,102,https://historico.conaliteg.gob.mx/c/H1982P5CI389/102.jpg,0,0.393822,Q2,source_jpeg,1,200,image/jpeg,55179,1d3920d39500ba58426f3404fc58b7f4bc8edbfa5ae3e1ce5fe638c116ad702f,1,
CN_PENDING_PAGE_MANIFEST_0.1,LTMD-CN5-G1982-VP103,LTMD-CN5-G1982,H1982P5CI389,1982,5,103,259,103,https://historico.conaliteg.gob.mx/c/H1982P5CI389/103.jpg,0,0.397683,Q2,source_jpeg,1,200,image/jpeg,63496,66f5f8bb9015e06c483caf1eed4588330758898a6d8ddc20aefc0510c50adf17,1,
CN_PENDING_PAGE_MANIFEST_0.1,LTMD-CN5-G1982-VP104,LTMD-CN5-G1982,H1982P5CI389,1982,5,104,259,104,https://historico.conaliteg.gob.mx/c/H1982P5CI389/104.jpg,0,0.401544,Q2,source_jpeg,1,200,image/jpeg,58078,2f2fa0cd3eeb43331eb0c2e96513029eadaf075824650d75a3dcabdfb2725476,1,
CN_PENDING_PAGE_MANIFEST_0.1,LTMD-CN5-G1982-VP105,LTMD-CN5-G1982,H1982P5CI389,1982,5,105,259,105,https://historico.conaliteg.gob.mx/c/H1982P5CI389/105.jpg,0,0.405405,Q2,source_jpeg,1,200,image/jpeg,61540,00f681f6a533dae01a6f8d718fc13c81b48c36bb06576a80bf0fc506b0315871,1,
CN_PENDING_PAGE_MANIFEST_0.1,LTMD-CN5-G1982-VP106,LTMD-CN5-G1982,H1982P5CI389,1982,5,106,259,106,https://historico.conaliteg.gob.mx/c/H1982P5CI389/106.jpg,0,0.409266,Q2,source_jpeg,1,200,image/jpeg,62773,8e3991c4893ab6de82bc5a3d2864fa4ac43b0f3725ee8c70afb728d0ecb96a86,1,
CN_PENDING_PAGE_MANIFEST_0.1,LTMD-CN5-G1982-VP107,LTMD-CN5-G1982,H1982P5CI389,1982,5,107,259,107,https://historico.conaliteg.gob.mx/c/H1982P5CI389/107.jpg,0,0.413127,Q2,source_jpeg,1,200,image/jpeg,71482,d1159f504b7f8ebfa5e2dd3b5e320b2f0779c150f5182ba0fd17d4d9550e836c,1,
CN_PENDING_PAGE_MANIFEST_0.1,LTMD-CN5-G1982-VP108,LTMD-CN5-G1982,H1982P5CI389,1982,5,108,259,108,https://historico.conaliteg.gob.mx/c/H1982P5CI389/108.jpg,0,0.416988,Q2,source_jpeg,1,200,image/jpeg,72581,f7b70ce7e6ff15b568b21d8421eea3b8ac217288981cfc12171d4d53987b3ef0,1,
CN_PENDING_PAGE_MANIFEST_0.1,LTMD-CN5-G1982-VP109,LTMD-CN5-G1982,H1982P5CI389,1982,5,109,259,109,https://historico.conaliteg.gob.mx/c/H1982P5CI389/109.jpg,0,0.420849,Q2,source_jpeg,1,200,image/jpeg,56935,e0527452d728cd0a7637afadf61be35a38b32b8b8e654252430921680c34002f,1,
CN_PENDING_PAGE_MANIFEST_0.1,LTMD-CN5-G1982-VP110,LTMD-CN5-G1982,H1982P5CI389,1982,5,110,259,110,https://historico.conaliteg.gob.mx/c/H1982P5CI389/110.jpg,0,0.424710,Q2,source_jpeg,1,200,image/jpeg,66441,0fe4d10b0f7239b4dfc064d16f713d7dee137d7b5a3c6a0690f94b6f5cd445dd,1,
CN_PENDING_PAGE_MANIFEST_0.1,LTMD-CN5-G1982-VP111,LTMD-CN5-G1982,H1982P5CI389,1982,5,111,259,111,https://historico.conaliteg.gob.mx/c/H1982P5CI389/111.jpg,0,0.428571,Q2,source_jpeg,1,200,image/jpeg,81185,e550c4735de74fa42f2fe01aea656a698b8ca6e3761c62347976206bedebaaa2,1,
CN_PENDING_PAGE_MANIFEST_0.1,LTMD-CN5-G1982-VP112,LTMD-CN5-G1982,H1982P5CI389,1982,5,112,259,112,https://historico.conaliteg.gob.mx/c/H1982P5CI389/112.jpg,0,0.432432,Q2,source_jpeg,1,200,image/jpeg,114504,d626c232accc327a68135bf6df3796ab825bc6909552c8e31a7dbde058dc3177,1,
CN_PENDING_PAGE_MANIFEST_0.1,LTMD-CN5-G1982-VP113,LTMD-CN5-G1982,H1982P5CI389,1982,5,113,259,113,https://historico.conaliteg.gob.mx/c/H1982P5CI389/113.jpg,0,0.436293,Q2,source_jpeg,1,200,image/jpeg,130837,841417ea9f0fb9f3982c34d9ef97a1c556a4f262924a700a70406996b5f00bd4,1,
CN_PENDING_PAGE_MANIFEST_0.1,LTMD-CN5-G1982-VP114,LTMD-CN5-G1982,H1982P5CI389,1982,5,114,259,114,https://historico.conaliteg.gob.mx/c/H1982P5CI389/114.jpg,0,0.440154,Q2,source_jpeg,1,200,image/jpeg,61556,4b33a7b3e5fb4402579b87501e088e4ff8176f932b851456a086712bf1dce3e9,1,
CN_PENDING_PAGE_MANIFEST_0.1,LTMD-CN5-G1982-VP115,LTMD-CN5-G1982,H1982P5CI389,1982,5,115,259,115,https://historico.conaliteg.gob.mx/c/H1982P5CI389/115.jpg,0,0.444015,Q2,source_jpeg,1,200,image/jpeg,59917,aba073d5dd31cfdd2c689c910af03237c6f5f9c2e02d1151431d9e1f7d03005f,1,
CN_PENDING_PAGE_MANIFEST_0.1,LTMD-CN5-G1982-VP116,LTMD-CN5-G1982,H1982P5CI389,1982,5,116,259,116,https://historico.conaliteg.gob.mx/c/H1982P5CI389/116.jpg,0,0.447876,Q2,source_jpeg,1,200,image/jpeg,65563,97eb020923aaac15282b2395f3222b3521b82a5ad36ec575e7ed6a4f37948a39,1,
CN_PENDING_PAGE_MANIFEST_0.1,LTMD-CN5-G1982-VP117,LTMD-CN5-G1982,H1982P5CI389,1982,5,117,259,117,https://historico.conaliteg.gob.mx/c/H1982P5CI389/117.jpg,0,0.451737,Q2,source_jpeg,1,200,image/jpeg,71152,9c4877171884af9dc7870bbb4fa4422648397fba4a3482d721f133bffb195307,1,
CN_PENDING_PAGE_MANIFEST_0.1,LTMD-CN5-G1982-VP118,LTMD-CN5-G1982,H1982P5CI389,1982,5,118,259,118,https://historico.conaliteg.gob.mx/c/H1982P5CI389/118.jpg,0,0.455598,Q2,source_jpeg,1,200,image/jpeg,86531,2ea636b9ecad1446bec92983f2c07c5c286fc4ef4b1da9c57defa8df2f5f97bd,1,
CN_PENDING_PAGE_MANIFEST_0.1,LTMD-CN5-G1982-VP119,LTMD-CN5-G1982,H1982P5CI389,1982,5,119,259,119,https://historico.conaliteg.gob.mx/c/H1982P5CI389/119.jpg,0,0.459459,Q2,source_jpeg,1,200,image/jpeg,72233,a240f485cb5f4f716c9eebdb261f1dd77e03033a131a2556eca4d7cd2e2c0078,1,
CN_PENDING_PAGE_MANIFEST_0.1,LTMD-CN5-G1982-VP120,LTMD-CN5-G1982,H1982P5CI389,1982,5,120,259,120,https://historico.conaliteg.gob.mx/c/H1982P5CI389/120.jpg,0,0.463320,Q2,source_jpeg,1,200,image/jpeg,48912,d4ccb824ee511e5fad15b381cb25202f0d8020b6bf195acf8c2ac0353c026f78,1,
CN_PENDING_PAGE_MANIFEST_0.1,LTMD-CN5-G1982-VP121,LTMD-CN5-G1982,H1982P5CI389,1982,5,121,259,121,https://historico.conaliteg.gob.mx/c/H1982P5CI389/121.jpg,0,0.467181,Q2,source_jpeg,1,200,image/jpeg,52395,2b154d4b84d1277b59bf714e9704ec791e903a5946a61189229327ca5557c294,1,
CN_PENDING_PAGE_MANIFEST_0.1,LTMD-CN5-G1982-VP122,LTMD-CN5-G1982,H1982P5CI389,1982,5,122,259,122,https://historico.conaliteg.gob.mx/c/H1982P5CI389/122.jpg,0,0.471042,Q2,source_jpeg,1,200,image/jpeg,117240,f74c49918785f982b13c5de32dbc16b2ebd145f5bc8bb06f5f9da4ca07603f35,1,
CN_PENDING_PAGE_MANIFEST_0.1,LTMD-CN5-G1982-VP123,LTMD-CN5-G1982,H1982P5CI389,1982,5,123,259,123,https://historico.conaliteg.gob.mx/c/H1982P5CI389/123.jpg,0,0.474903,Q2,source_jpeg,1,200,image/jpeg,101065,82f39ee238d59b44e2609f3edb6a0ab1e07f6a1be06b4537b65378f5e22290d1,1,
CN_PENDING_PAGE_MANIFEST_0.1,LTMD-CN5-G1982-VP124,LTMD-CN5-G1982,H1982P5CI389,1982,5,124,259,124,https://historico.conaliteg.gob.mx/c/H1982P5CI389/124.jpg,0,0.478764,Q2,source_jpeg,1,200,image/jpeg,63991,9d754551e4e2159df069597fb107791a83e73b5a5961d0e9a6a1c49e10f72513,1,
CN_PENDING_PAGE_MANIFEST_0.1,LTMD-CN5-G1982-VP125,LTMD-CN5-G1982,H1982P5CI389,1982,5,125,259,125,https://historico.conaliteg.gob.mx/c/H1982P5CI389/125.jpg,0,0.482625,Q2,source_jpeg,1,200,image/jpeg,72159,c8b37194d1c81db616a2bdb2245d53df981a5c42afcde6637560ed85be453448,1,
CN_PENDING_PAGE_MANIFEST_0.1,LTMD-CN5-G1982-VP126,LTMD-CN5-G1982,H1982P5CI389,1982,5,126,259,126,https://historico.conaliteg.gob.mx/c/H1982P5CI389/126.jpg,0,0.486486,Q2,source_jpeg,1,200,image/jpeg,70409,0aa57f2cb58a0780308d7dda077ee29fd5b196d047cd6801856586605eccda2e,1,
CN_PENDING_PAGE_MANIFEST_0.1,LTMD-CN5-G1982-VP127,LTMD-CN5-G1982,H1982P5CI389,1982,5,127,259,127,https://historico.conaliteg.gob.mx/c/H1982P5CI389/127.jpg,0,0.490347,Q2,source_jpeg,1,200,image/jpeg,77180,16598c3b85c77b9f5b3c058247593e30a8cf3ce4b1c3f08a2350d422b8e71941,1,
CN_PENDING_PAGE_MANIFEST_0.1,LTMD-CN5-G1982-VP128,LTMD-CN5-G1982,H1982P5CI389,1982,5,128,259,128,https://historico.conaliteg.gob.mx/c/H1982P5CI389/128.jpg,0,0.494208,Q2,source_jpeg,1,200,image/jpeg,74924,ad497a2e1684fc394e59ddac6059d9aa4886f2b9485269c64e6c74deab533575,1,
CN_PENDING_PAGE_MANIFEST_0.1,LTMD-CN5-G1982-VP129,LTMD-CN5-G1982,H1982P5CI389,1982,5,129,259,129,https://historico.conaliteg.gob.mx/c/H1982P5CI389/129.jpg,0,0.498069,Q2,source_jpeg,1,200,image/jpeg,76529,047dee6c48f09f3ecd857a4cbb2b7378bb272a4c66c9d593cb6b05eb29ced657,1,
CN_PENDING_PAGE_MANIFEST_0.1,LTMD-CN5-G1982-VP130,LTMD-CN5-G1982,H1982P5CI389,1982,5,130,259,130,https://historico.conaliteg.gob.mx/c/H1982P5CI389/130.jpg,0,0.501931,Q3,source_jpeg,1,200,image/jpeg,114497,0a985699a8707d105344f97766611d81506e8d4017cb1aecb41d66706866572e,1,
CN_PENDING_PAGE_MANIFEST_0.1,LTMD-CN5-G1982-VP131,LTMD-CN5-G1982,H1982P5CI389,1982,5,131,259,131,https://historico.conaliteg.gob.mx/c/H1982P5CI389/131.jpg,0,0.505792,Q3,source_jpeg,1,200,image/jpeg,58330,9646c39af28e20c684a5038da3a245f1c9f4fbf65abca77b701d010246130171,1,
CN_PENDING_PAGE_MANIFEST_0.1,LTMD-CN5-G1982-VP132,LTMD-CN5-G1982,H1982P5CI389,1982,5,132,259,132,https://historico.conaliteg.gob.mx/c/H1982P5CI389/132.jpg,0,0.509653,Q3,source_jpeg,1,200,image/jpeg,68149,560d52234f58f326590a8dc3e548450bef3d2ad5feef921966faf3e2f0f034a2,1,
CN_PENDING_PAGE_MANIFEST_0.1,LTMD-CN5-G1982-VP133,LTMD-CN5-G1982,H1982P5CI389,1982,5,133,259,133,https://historico.conaliteg.gob.mx/c/H1982P5CI389/133.jpg,0,0.513514,Q3,source_jpeg,1,200,image/jpeg,72700,160c529f2df968f5c91a8111e7e29ac54e9a95f03645b0abb54b202a506413c6,1,
CN_PENDING_PAGE_MANIFEST_0.1,LTMD-CN5-G1982-VP134,LTMD-CN5-G1982,H1982P5CI389,1982,5,134,259,134,https://historico.conaliteg.gob.mx/c/H1982P5CI389/134.jpg,0,0.517375,Q3,source_jpeg,1,200,image/jpeg,69802,e6132cdf50b736719ce4b86b3d3dad45fbc750f211343bcc9b384d162f92f4a3,1,
CN_PENDING_PAGE_MANIFEST_0.1,LTMD-CN5-G1982-VP135,LTMD-CN5-G1982,H1982P5CI389,1982,5,135,259,135,https://historico.conaliteg.gob.mx/c/H1982P5CI389/135.jpg,0,0.521236,Q3,source_jpeg,1,200,image/jpeg,87955,879fb8de0e538e09fe95834324bcdf85ecffaf1f9a77ac00ff97ecd0e03a4d5e,1,
CN_PENDING_PAGE_MANIFEST_0.1,LTMD-CN5-G1982-VP136,LTMD-CN5-G1982,H1982P5CI389,1982,5,136,259,136,https://historico.conaliteg.gob.mx/c/H1982P5CI389/136.jpg,0,0.525097,Q3,source_jpeg,1,200,image/jpeg,68754,8f31ca7172b11b7fede0c89e2ac66d1fa3c2cb695a9ce7d3f0262688dcbab63f,1,
CN_PENDING_PAGE_MANIFEST_0.1,LTMD-CN5-G1982-VP137,LTMD-CN5-G1982,H1982P5CI389,1982,5,137,259,137,https://historico.conaliteg.gob.mx/c/H1982P5CI389/137.jpg,0,0.528958,Q3,source_jpeg,1,200,image/jpeg,59433,717072769a7ff00faae64ce2d90c6e2b433df13397dfca97e7a7be5376ddbb24,1,
CN_PENDING_PAGE_MANIFEST_0.1,LTMD-CN5-G1982-VP138,LTMD-CN5-G1982,H1982P5CI389,1982,5,138,259,138,https://historico.conaliteg.gob.mx/c/H1982P5CI389/138.jpg,0,0.532819,Q3,source_jpeg,1,200,image/jpeg,57914,219d3746608c71a5904eb16390e9e42dff363de224ea35706226e58f7e1f8ae5,1,
CN_PENDING_PAGE_MANIFEST_0.1,LTMD-CN5-G1982-VP139,LTMD-CN5-G1982,H1982P5CI389,1982,5,139,259,139,https://historico.conaliteg.gob.mx/c/H1982P5CI389/139.jpg,0,0.536680,Q3,source_jpeg,1,200,image/jpeg,70826,24d3e6688e02ba8346b6c7d3ff7e538eba19e5a3318fb0cde4a6828621049083,1,
CN_PENDING_PAGE_MANIFEST_0.1,LTMD-CN5-G1982-VP140,LTMD-CN5-G1982,H1982P5CI389,1982,5,140,259,140,https://historico.conaliteg.gob.mx/c/H1982P5CI389/140.jpg,0,0.540541,Q3,source_jpeg,1,200,image/jpeg,82654,140de1acb30374ce4e68f78c2a6f042a8ddff0cf96f74e5544e1db5862393b35,1,
CN_PENDING_PAGE_MANIFEST_0.1,LTMD-CN5-G1982-VP141,LTMD-CN5-G1982,H1982P5CI389,1982,5,141,259,141,https://historico.conaliteg.gob.mx/c/H1982P5CI389/141.jpg,0,0.544402,Q3,source_jpeg,1,200,image/jpeg,61381,22e94d265a38ba03b55b1de0d5f62852e4550366e77338da6589100897ef1f65,1,
CN_PENDING_PAGE_MANIFEST_0.1,LTMD-CN5-G1982-VP142,LTMD-CN5-G1982,H1982P5CI389,1982,5,142,259,142,https://historico.conaliteg.gob.mx/c/H1982P5CI389/142.jpg,0,0.548263,Q3,source_jpeg,1,200,image/jpeg,79440,b075fd748a70244f526941ab53566e46443119630942fbdd4919bfe2bf10823e,1,
CN_PENDING_PAGE_MANIFEST_0.1,LTMD-CN5-G1982-VP143,LTMD-CN5-G1982,H1982P5CI389,1982,5,143,259,143,https://historico.conaliteg.gob.mx/c/H1982P5CI389/143.jpg,0,0.552124,Q3,source_jpeg,1,200,image/jpeg,95203,fb0c13acb5d16f445c0b727220eca786e76ba94e7b775c3b2ce4a9243eeeb66a,1,
CN_PENDING_PAGE_MANIFEST_0.1,LTMD-CN5-G1982-VP144,LTMD-CN5-G1982,H1982P5CI389,1982,5,144,259,144,https://historico.conaliteg.gob.mx/c/H1982P5CI389/144.jpg,0,0.555985,Q3,source_jpeg,1,200,image/jpeg,79962,1bfcfb6ff10c6224fdf8ce5826fe3fdbc79e75c5f40c39d5d8a08ee04103aef9,1,
CN_PENDING_PAGE_MANIFEST_0.1,LTMD-CN5-G1982-VP145,LTMD-CN5-G1982,H1982P5CI389,1982,5,145,259,145,https://historico.conaliteg.gob.mx/c/H1982P5CI389/145.jpg,0,0.559846,Q3,source_jpeg,1,200,image/jpeg,64440,0579ce15b663cf6b1d2bfe4f12b4d8cf1841eea491da61cffd06e367ba51f527,1,
CN_PENDING_PAGE_MANIFEST_0.1,LTMD-CN5-G1982-VP146,LTMD-CN5-G1982,H1982P5CI389,1982,5,146,259,146,https://historico.conaliteg.gob.mx/c/H1982P5CI389/146.jpg,0,0.563707,Q3,source_jpeg,1,200,image/jpeg,70815,e3cdc4ba0f44b575fecaee1a0eebf8f67d6d832234b49b6b28085033b6462394,1,
CN_PENDING_PAGE_MANIFEST_0.1,LTMD-CN5-G1982-VP147,LTMD-CN5-G1982,H1982P5CI389,1982,5,147,259,147,https://historico.conaliteg.gob.mx/c/H1982P5CI389/147.jpg,0,0.567568,Q3,source_jpeg,1,200,image/jpeg,83974,612cd2a62eabfd64f0916e4dac3d0d701d06403bb672fc0500636dd4f805f905,1,
CN_PENDING_PAGE_MANIFEST_0.1,LTMD-CN5-G1982-VP148,LTMD-CN5-G1982,H1982P5CI389,1982,5,148,259,148,https://historico.conaliteg.gob.mx/c/H1982P5CI389/148.jpg,0,0.571429,Q3,source_jpeg,1,200,image/jpeg,68660,453384b68eb7e123d66cdfcaa08c60b9c0f01c389b59e179e7e955e80f9e7b21,1,
CN_PENDING_PAGE_MANIFEST_0.1,LTMD-CN5-G1982-VP149,LTMD-CN5-G1982,H1982P5CI389,1982,5,149,259,149,https://historico.conaliteg.gob.mx/c/H1982P5CI389/149.jpg,0,0.575290,Q3,source_jpeg,1,200,image/jpeg,63519,fe08934c99ec8a7860caf17279ee1aca6a113e6aafc8f36230ab88dbfd9f276f,1,
CN_PENDING_PAGE_MANIFEST_0.1,LTMD-CN5-G1982-VP150,LTMD-CN5-G1982,H1982P5CI389,1982,5,150,259,150,https://historico.conaliteg.gob.mx/c/H1982P5CI389/150.jpg,0,0.579151,Q3,source_jpeg,1,200,image/jpeg,69124,29119e13df24114450d22d113be5153c1f194960339e1ddd68cb42abeef756f6,1,
CN_PENDING_PAGE_MANIFEST_0.1,LTMD-CN5-G1982-VP151,LTMD-CN5-G1982,H1982P5CI389,1982,5,151,259,151,https://historico.conaliteg.gob.mx/c/H1982P5CI389/151.jpg,0,0.583012,Q3,source_jpeg,1,200,image/jpeg,62030,57f5a3738814ff28b360e8cfd0832faf4e784ffe75ae942900d6061975d5bbd8,1,
CN_PENDING_PAGE_MANIFEST_0.1,LTMD-CN5-G1982-VP152,LTMD-CN5-G1982,H1982P5CI389,1982,5,152,259,152,https://historico.conaliteg.gob.mx/c/H1982P5CI389/152.jpg,0,0.586873,Q3,source_jpeg,1,200,image/jpeg,71435,436e0407a9d0771b0843193826d86b028ddf75f3b2d8f541cb5e66e57c00be6a,1,
CN_PENDING_PAGE_MANIFEST_0.1,LTMD-CN5-G1982-VP153,LTMD-CN5-G1982,H1982P5CI389,1982,5,153,259,153,https://historico.conaliteg.gob.mx/c/H1982P5CI389/153.jpg,0,0.590734,Q3,source_jpeg,1,200,image/jpeg,58724,9315912dc48dc855636327b25b511fd88d65b07ecef0e3cbdcb62423d11b519c,1,
CN_PENDING_PAGE_MANIFEST_0.1,LTMD-CN5-G1982-VP154,LTMD-CN5-G1982,H1982P5CI389,1982,5,154,259,154,https://historico.conaliteg.gob.mx/c/H1982P5CI389/154.jpg,0,0.594595,Q3,source_jpeg,1,200,image/jpeg,72888,0a321b2e0c059d8530d7c1f5ec504f4b4596dfbcc1b5b9746811bfaddf17b32d,1,
CN_PENDING_PAGE_MANIFEST_0.1,LTMD-CN5-G1982-VP155,LTMD-CN5-G1982,H1982P5CI389,1982,5,155,259,155,https://historico.conaliteg.gob.mx/c/H1982P5CI389/155.jpg,0,0.598456,Q3,source_jpeg,1,200,image/jpeg,66761,32ec43cdba7b9d0a83736c0619be257b3a53252f64df8040298c237d72b99e00,1,
CN_PENDING_PAGE_MANIFEST_0.1,LTMD-CN5-G1982-VP156,LTMD-CN5-G1982,H1982P5CI389,1982,5,156,259,156,https://historico.conaliteg.gob.mx/c/H1982P5CI389/156.jpg,0,0.602317,Q3,source_jpeg,1,200,image/jpeg,59699,a8692191c88578492671145d2b4e6669c05f7a2a4192c7e64d88885c6fcec605,1,
CN_PENDING_PAGE_MANIFEST_0.1,LTMD-CN5-G1982-VP157,LTMD-CN5-G1982,H1982P5CI389,1982,5,157,259,157,https://historico.conaliteg.gob.mx/c/H1982P5CI389/157.jpg,0,0.606178,Q3,source_jpeg,1,200,image/jpeg,57017,63f1226af19b90fbfd81dddb87f500ccaadb9e1bf220c2c1eb88c863ac945fec,1,
CN_PENDING_PAGE_MANIFEST_0.1,LTMD-CN5-G1982-VP158,LTMD-CN5-G1982,H1982P5CI389,1982,5,158,259,158,https://historico.conaliteg.gob.mx/c/H1982P5CI389/158.jpg,0,0.610039,Q3,source_jpeg,1,200,image/jpeg,57626,20d8618acea934326083c505aee76cb89c5064279ef5df1ded4f823840a8632f,1,
CN_PENDING_PAGE_MANIFEST_0.1,LTMD-CN5-G1982-VP159,LTMD-CN5-G1982,H1982P5CI389,1982,5,159,259,159,https://historico.conaliteg.gob.mx/c/H1982P5CI389/159.jpg,0,0.613900,Q3,source_jpeg,1,200,image/jpeg,80180,7617ee1aedfab2bfebd4279e3213daf12b7a11a744be39a40314071509f5e411,1,
CN_PENDING_PAGE_MANIFEST_0.1,LTMD-CN5-G1982-VP160,LTMD-CN5-G1982,H1982P5CI389,1982,5,160,259,160,https://historico.conaliteg.gob.mx/c/H1982P5CI389/160.jpg,0,0.617761,Q3,source_jpeg,1,200,image/jpeg,66063,17480f8a69fd80355e286845bb04704b9d5456b00b089c26b419f004e2996b3f,1,
CN_PENDING_PAGE_MANIFEST_0.1,LTMD-CN5-G1982-VP161,LTMD-CN5-G1982,H1982P5CI389,1982,5,161,259,161,https://historico.conaliteg.gob.mx/c/H1982P5CI389/161.jpg,0,0.621622,Q3,source_jpeg,1,200,image/jpeg,69824,e8570f9483f2c23cf7b95b198ee1fa779821352ee6f5c7332b157c55367b5c09,1,
CN_PENDING_PAGE_MANIFEST_0.1,LTMD-CN5-G1982-VP162,LTMD-CN5-G1982,H1982P5CI389,1982,5,162,259,162,https://historico.conaliteg.gob.mx/c/H1982P5CI389/162.jpg,0,0.625483,Q3,source_jpeg,1,200,image/jpeg,74921,5d8c73b7854707afd2fcc569066f88bcbae2081a7718c1bd9278a89a81fd3891,1,
CN_PENDING_PAGE_MANIFEST_0.1,LTMD-CN5-G1982-VP163,LTMD-CN5-G1982,H1982P5CI389,1982,5,163,259,163,https://historico.conaliteg.gob.mx/c/H1982P5CI389/163.jpg,0,0.629344,Q3,source_jpeg,1,200,image/jpeg,69995,49562354eb6d4b759259ce60dc18f12de44b99b5d95d0085d9ee126a58f4f68a,1,
CN_PENDING_PAGE_MANIFEST_0.1,LTMD-CN5-G1982-VP164,LTMD-CN5-G1982,H1982P5CI389,1982,5,164,259,164,https://historico.conaliteg.gob.mx/c/H1982P5CI389/164.jpg,0,0.633205,Q3,source_jpeg,1,200,image/jpeg,84620,6c97f2c7116d4876cddb4f864a541f0b0ac6805b38eb5385bd27f92cd048b537,1,
CN_PENDING_PAGE_MANIFEST_0.1,LTMD-CN5-G1982-VP165,LTMD-CN5-G1982,H1982P5CI389,1982,5,165,259,165,https://historico.conaliteg.gob.mx/c/H1982P5CI389/165.jpg,0,0.637066,Q3,source_jpeg,1,200,image/jpeg,65475,a008bb8a6d9f1cedfe040298fd08dce378655c93490b5cdcb7d4787d141c4fdf,1,
CN_PENDING_PAGE_MANIFEST_0.1,LTMD-CN5-G1982-VP166,LTMD-CN5-G1982,H1982P5CI389,1982,5,166,259,166,https://historico.conaliteg.gob.mx/c/H1982P5CI389/166.jpg,0,0.640927,Q3,source_jpeg,1,200,image/jpeg,77366,44cf9b53008679897fbc939d5709eb215aa97c9139449c5eb5b9074bed367ab2,1,
CN_PENDING_PAGE_MANIFEST_0.1,LTMD-CN5-G1982-VP167,LTMD-CN5-G1982,H1982P5CI389,1982,5,167,259,167,https://historico.conaliteg.gob.mx/c/H1982P5CI389/167.jpg,0,0.644788,Q3,source_jpeg,1,200,image/jpeg,66784,85715f8026669fc6dafc95b3285e9aa06e74d0a3580dc52e3e3b58b5367a8b2f,1,
CN_PENDING_PAGE_MANIFEST_0.1,LTMD-CN5-G1982-VP168,LTMD-CN5-G1982,H1982P5CI389,1982,5,168,259,168,https://historico.conaliteg.gob.mx/c/H1982P5CI389/168.jpg,0,0.648649,Q3,source_jpeg,1,200,image/jpeg,75490,ea3f1e6036afcc1a1652fc371a42ef1b0b951462ffaa5d0198ec1155ece947e2,1,
CN_PENDING_PAGE_MANIFEST_0.1,LTMD-CN5-G1982-VP169,LTMD-CN5-G1982,H1982P5CI389,1982,5,169,259,169,https://historico.conaliteg.gob.mx/c/H1982P5CI389/169.jpg,0,0.652510,Q3,source_jpeg,1,200,image/jpeg,74231,28a61d01e2766fea005e58d2300037c0bfd7bbaf6759ec42b6502cad8f443a42,1,
CN_PENDING_PAGE_MANIFEST_0.1,LTMD-CN5-G1982-VP170,LTMD-CN5-G1982,H1982P5CI389,1982,5,170,259,170,https://historico.conaliteg.gob.mx/c/H1982P5CI389/170.jpg,0,0.656371,Q3,source_jpeg,1,200,image/jpeg,64572,16231ab2b44418bd4a8cd7c2a3ca697929af3d40ca30d8ffb0a27e48bccb8a5c,1,
CN_PENDING_PAGE_MANIFEST_0.1,LTMD-CN5-G1982-VP171,LTMD-CN5-G1982,H1982P5CI389,1982,5,171,259,171,https://historico.conaliteg.gob.mx/c/H1982P5CI389/171.jpg,0,0.660232,Q3,source_jpeg,1,200,image/jpeg,77895,cf4fb40b307ba5a48f25f87894d15e92e8470b5e8ae1851b0a2fe78577ed27b1,1,
CN_PENDING_PAGE_MANIFEST_0.1,LTMD-CN5-G1982-VP172,LTMD-CN5-G1982,H1982P5CI389,1982,5,172,259,172,https://historico.conaliteg.gob.mx/c/H1982P5CI389/172.jpg,0,0.664093,Q3,source_jpeg,1,200,image/jpeg,89216,e4fe63fd1ce502ddadbaf68a216615d0ce15d9f0e00ae9974b6ceae61c58ea32,1,
CN_PENDING_PAGE_MANIFEST_0.1,LTMD-CN5-G1982-VP173,LTMD-CN5-G1982,H1982P5CI389,1982,5,173,259,173,https://historico.conaliteg.gob.mx/c/H1982P5CI389/173.jpg,0,0.667954,Q3,source_jpeg,1,200,image/jpeg,70306,a7c9b8c9a2c3065dbb497256780f05495c6a42eb81a91680f79d48ea4f3ce9c8,1,
CN_PENDING_PAGE_MANIFEST_0.1,LTMD-CN5-G1982-VP174,LTMD-CN5-G1982,H1982P5CI389,1982,5,174,259,174,https://historico.conaliteg.gob.mx/c/H1982P5CI389/174.jpg,0,0.671815,Q3,source_jpeg,1,200,image/jpeg,75522,323ee8bc91b11e128940e0a56ad5d388760a7a8dfd0db7650ae8bae8aa7993cf,1,
CN_PENDING_PAGE_MANIFEST_0.1,LTMD-CN5-G1982-VP175,LTMD-CN5-G1982,H1982P5CI389,1982,5,175,259,175,https://historico.conaliteg.gob.mx/c/H1982P5CI389/175.jpg,0,0.675676,Q3,source_jpeg,1,200,image/jpeg,72578,460850a4e5718ca18888b292694d9262d717b3e6427b35a4158c93acc420e5b6,1,
CN_PENDING_PAGE_MANIFEST_0.1,LTMD-CN5-G1982-VP176,LTMD-CN5-G1982,H1982P5CI389,1982,5,176,259,176,https://historico.conaliteg.gob.mx/c/H1982P5CI389/176.jpg,0,0.679537,Q3,source_jpeg,1,200,image/jpeg,72655,728ab6b936d4428ebf2400654e683e33b8a441f2a91fde05fbfe9946a659a600,1,
CN_PENDING_PAGE_MANIFEST_0.1,LTMD-CN5-G1982-VP177,LTMD-CN5-G1982,H1982P5CI389,1982,5,177,259,177,https://historico.conaliteg.gob.mx/c/H1982P5CI389/177.jpg,0,0.683398,Q3,source_jpeg,1,200,image/jpeg,67004,541f420fdfd6ad44dc5f125591212e5ca6262d001a9c3e353fc674a14e89689c,1,
CN_PENDING_PAGE_MANIFEST_0.1,LTMD-CN5-G1982-VP178,LTMD-CN5-G1982,H1982P5CI389,1982,5,178,259,178,https://historico.conaliteg.gob.mx/c/H1982P5CI389/178.jpg,0,0.687259,Q3,source_jpeg,1,200,image/jpeg,72219,5a3fa5c29aa10499b2596dbdff3812677fefdc1ee384ea37d479558215913ad2,1,
CN_PENDING_PAGE_MANIFEST_0.1,LTMD-CN5-G1982-VP179,LTMD-CN5-G1982,H1982P5CI389,1982,5,179,259,179,https://historico.conaliteg.gob.mx/c/H1982P5CI389/179.jpg,0,0.691120,Q3,source_jpeg,1,200,image/jpeg,79414,7adff8a0cca78db9c8084c9e0a4dbcce88b7bb5edd098934193369a1e1d0cea5,1,
CN_PENDING_PAGE_MANIFEST_0.1,LTMD-CN5-G1982-VP180,LTMD-CN5-G1982,H1982P5CI389,1982,5,180,259,180,https://historico.conaliteg.gob.mx/c/H1982P5CI389/180.jpg,0,0.694981,Q3,source_jpeg,1,200,image/jpeg,60994,25e86022b9a69fe6b1e00c5652e4ac3d9e6b744565ea8844a97da18e8a95ff32,1,
CN_PENDING_PAGE_MANIFEST_0.1,LTMD-CN5-G1982-VP181,LTMD-CN5-G1982,H1982P5CI389,1982,5,181,259,181,https://historico.conaliteg.gob.mx/c/H1982P5CI389/181.jpg,0,0.698842,Q3,source_jpeg,1,200,image/jpeg,68234,d9f732e42bf9826b3be08f28c7769832267d03ef67c70a4aff609c9e75ade48f,1,
CN_PENDING_PAGE_MANIFEST_0.1,LTMD-CN5-G1982-VP182,LTMD-CN5-G1982,H1982P5CI389,1982,5,182,259,182,https://historico.conaliteg.gob.mx/c/H1982P5CI389/182.jpg,0,0.702703,Q3,source_jpeg,1,200,image/jpeg,58621,743cd0ce01cc4e5647c299bfb9846617fac0fd76bf66efdffc67afc26c08329c,1,
CN_PENDING_PAGE_MANIFEST_0.1,LTMD-CN5-G1982-VP183,LTMD-CN5-G1982,H1982P5CI389,1982,5,183,259,183,https://historico.conaliteg.gob.mx/c/H1982P5CI389/183.jpg,0,0.706564,Q3,source_jpeg,1,200,image/jpeg,81780,bc69c095761e8e57300cb297effebda5ec823fd9cc248a8591763b8c6942dabc,1,
CN_PENDING_PAGE_MANIFEST_0.1,LTMD-CN5-G1982-VP184,LTMD-CN5-G1982,H1982P5CI389,1982,5,184,259,184,https://historico.conaliteg.gob.mx/c/H1982P5CI389/184.jpg,0,0.710425,Q3,source_jpeg,1,200,image/jpeg,73876,1ed6d3b6fd7c479b5ec848d8e2869e7530f25c2ab81aaa81fae3979156e5fda1,1,
CN_PENDING_PAGE_MANIFEST_0.1,LTMD-CN5-G1982-VP185,LTMD-CN5-G1982,H1982P5CI389,1982,5,185,259,185,https://historico.conaliteg.gob.mx/c/H1982P5CI389/185.jpg,0,0.714286,Q3,source_jpeg,1,200,image/jpeg,37742,50159d7ce656a5005de8b40afec601a051864f7d9b05db33b72390ced0035c46,1,
CN_PENDING_PAGE_MANIFEST_0.1,LTMD-CN5-G1982-VP186,LTMD-CN5-G1982,H1982P5CI389,1982,5,186,259,186,https://historico.conaliteg.gob.mx/c/H1982P5CI389/186.jpg,0,0.718147,Q3,source_jpeg,1,200,image/jpeg,51763,4dcc000058fc8a32e91c9127f422893a810b6a2094b36ff2820b1efffaf2f348,1,
CN_PENDING_PAGE_MANIFEST_0.1,LTMD-CN5-G1982-VP187,LTMD-CN5-G1982,H1982P5CI389,1982,5,187,259,187,https://historico.conaliteg.gob.mx/c/H1982P5CI389/187.jpg,0,0.722008,Q3,source_jpeg,1,200,image/jpeg,74686,639283031a20e670bb579b3ed50a5c9cef4074ed204d37b8d6622680d665f036,1,
CN_PENDING_PAGE_MANIFEST_0.1,LTMD-CN5-G1982-VP188,LTMD-CN5-G1982,H1982P5CI389,1982,5,188,259,188,https://historico.conaliteg.gob.mx/c/H1982P5CI389/188.jpg,0,0.725869,Q3,source_jpeg,1,200,image/jpeg,65486,ab6d6a2ec32e091d795f6b1a824e3e0f6fbcbc3c3ecbd7bcbf446c4935645b01,1,
CN_PENDING_PAGE_MANIFEST_0.1,LTMD-CN5-G1982-VP189,LTMD-CN5-G1982,H1982P5CI389,1982,5,189,259,189,https://historico.conaliteg.gob.mx/c/H1982P5CI389/189.jpg,0,0.729730,Q3,source_jpeg,1,200,image/jpeg,55876,0f7969a2cddfe5c906bcd990fca3e06e79f1ae692a849028ed0e9c7722792215,1,
CN_PENDING_PAGE_MANIFEST_0.1,LTMD-CN5-G1982-VP190,LTMD-CN5-G1982,H1982P5CI389,1982,5,190,259,190,https://historico.conaliteg.gob.mx/c/H1982P5CI389/190.jpg,0,0.733591,Q3,source_jpeg,1,200,image/jpeg,101053,469ae4a4f820f1f7098e05e9770072fe57ed02e610d046e32da2a6bbcc285c30,1,
CN_PENDING_PAGE_MANIFEST_0.1,LTMD-CN5-G1982-VP191,LTMD-CN5-G1982,H1982P5CI389,1982,5,191,259,191,https://historico.conaliteg.gob.mx/c/H1982P5CI389/191.jpg,0,0.737452,Q3,source_jpeg,1,200,image/jpeg,65846,ea37b9ac17276d69a27ae9837aa91936dbd076fbb358d1c4792be8d5b3ea8bd0,1,
CN_PENDING_PAGE_MANIFEST_0.1,LTMD-CN5-G1982-VP192,LTMD-CN5-G1982,H1982P5CI389,1982,5,192,259,192,https://historico.conaliteg.gob.mx/c/H1982P5CI389/192.jpg,0,0.741313,Q3,source_jpeg,1,200,image/jpeg,70720,7e1058a91a02dfc2a5138b1dd86ad2440690b27a5bcb04b8a3f41611a5a475e0,1,
CN_PENDING_PAGE_MANIFEST_0.1,LTMD-CN5-G1982-VP193,LTMD-CN5-G1982,H1982P5CI389,1982,5,193,259,193,https://historico.conaliteg.gob.mx/c/H1982P5CI389/193.jpg,0,0.745174,Q3,source_jpeg,1,200,image/jpeg,66219,d739c191291cb74bf67ee335d4a7eb3ff1c1e18e7dadcf04e572e70487dd306d,1,
CN_PENDING_PAGE_MANIFEST_0.1,LTMD-CN5-G1982-VP194,LTMD-CN5-G1982,H1982P5CI389,1982,5,194,259,194,https://historico.conaliteg.gob.mx/c/H1982P5CI389/194.jpg,0,0.749035,Q3,source_jpeg,1,200,image/jpeg,65612,443a88d8c88d35930e0a864ffbde5654fe202287e27dbdc6791546cceb655f73,1,
CN_PENDING_PAGE_MANIFEST_0.1,LTMD-CN5-G1982-VP195,LTMD-CN5-G1982,H1982P5CI389,1982,5,195,259,195,https://historico.conaliteg.gob.mx/c/H1982P5CI389/195.jpg,0,0.752896,Q4,source_jpeg,1,200,image/jpeg,66183,212867dd2e7fc5067b1eaaa6d7c71241239c12485c1992e090cb149926abc555,1,
CN_PENDING_PAGE_MANIFEST_0.1,LTMD-CN5-G1982-VP196,LTMD-CN5-G1982,H1982P5CI389,1982,5,196,259,196,https://historico.conaliteg.gob.mx/c/H1982P5CI389/196.jpg,0,0.756757,Q4,source_jpeg,1,200,image/jpeg,65169,5ed2c0a9d7f3347f30d28eab65930903f6c9bceb4a9bd87fb366933841bc17bb,1,
CN_PENDING_PAGE_MANIFEST_0.1,LTMD-CN5-G1982-VP197,LTMD-CN5-G1982,H1982P5CI389,1982,5,197,259,197,https://historico.conaliteg.gob.mx/c/H1982P5CI389/197.jpg,0,0.760618,Q4,source_jpeg,1,200,image/jpeg,62481,77146b24ef15c7387c72231db022c5aa2d81cd147c6789e9b5b4b801bd9de370,1,
CN_PENDING_PAGE_MANIFEST_0.1,LTMD-CN5-G1982-VP198,LTMD-CN5-G1982,H1982P5CI389,1982,5,198,259,198,https://historico.conaliteg.gob.mx/c/H1982P5CI389/198.jpg,0,0.764479,Q4,source_jpeg,1,200,image/jpeg,75256,e4e9b1e07414dae8aa35a9418dad8678d008ea639ffb8d41283c78c32302bb40,1,
CN_PENDING_PAGE_MANIFEST_0.1,LTMD-CN5-G1982-VP199,LTMD-CN5-G1982,H1982P5CI389,1982,5,199,259,199,https://historico.conaliteg.gob.mx/c/H1982P5CI389/199.jpg,0,0.768340,Q4,source_jpeg,1,200,image/jpeg,82633,125aa79c7e54bc6d5336e1cc87b1b0f3ef92a73d0eef2f70307cc608168858b6,1,
CN_PENDING_PAGE_MANIFEST_0.1,LTMD-CN5-G1982-VP200,LTMD-CN5-G1982,H1982P5CI389,1982,5,200,259,200,https://historico.conaliteg.gob.mx/c/H1982P5CI389/200.jpg,0,0.772201,Q4,source_jpeg,1,200,image/jpeg,45588,6e058b16759a36b3dd00a1ba4f9daddb6f8f4d1f936cce03582425f63a2cbd7a,1,
CN_PENDING_PAGE_MANIFEST_0.1,LTMD-CN5-G1982-VP201,LTMD-CN5-G1982,H1982P5CI389,1982,5,201,259,201,https://historico.conaliteg.gob.mx/c/H1982P5CI389/201.jpg,0,0.776062,Q4,source_jpeg,1,200,image/jpeg,61126,2220a497d685030d357d8cac171edb6e0c572af91e0a664f7c2e2eba7d1692d0,1,
CN_PENDING_PAGE_MANIFEST_0.1,LTMD-CN5-G1982-VP202,LTMD-CN5-G1982,H1982P5CI389,1982,5,202,259,202,https://historico.conaliteg.gob.mx/c/H1982P5CI389/202.jpg,0,0.779923,Q4,source_jpeg,1,200,image/jpeg,49479,014d98a742db190e644741dea2b3b134fffcf809392565b4fe43e7e8ae9193db,1,
CN_PENDING_PAGE_MANIFEST_0.1,LTMD-CN5-G1982-VP203,LTMD-CN5-G1982,H1982P5CI389,1982,5,203,259,203,https://historico.conaliteg.gob.mx/c/H1982P5CI389/203.jpg,0,0.783784,Q4,source_jpeg,1,200,image/jpeg,60900,79bbd328b788a5ccbe837420673d2bd65e4f8afc949c7d622c01461828a60fe5,1,
CN_PENDING_PAGE_MANIFEST_0.1,LTMD-CN5-G1982-VP204,LTMD-CN5-G1982,H1982P5CI389,1982,5,204,259,204,https://historico.conaliteg.gob.mx/c/H1982P5CI389/204.jpg,0,0.787645,Q4,source_jpeg,1,200,image/jpeg,68178,64412707979936a99f7a492cb7a51d9553c2421b6e7f76be6691533adb87c2b6,1,
CN_PENDING_PAGE_MANIFEST_0.1,LTMD-CN5-G1982-VP205,LTMD-CN5-G1982,H1982P5CI389,1982,5,205,259,205,https://historico.conaliteg.gob.mx/c/H1982P5CI389/205.jpg,0,0.791506,Q4,source_jpeg,1,200,image/jpeg,63922,b0814149932d674d054170016aee696f0dfaab517dc83fbf3ec0feb91eb34d44,1,
CN_PENDING_PAGE_MANIFEST_0.1,LTMD-CN5-G1982-VP206,LTMD-CN5-G1982,H1982P5CI389,1982,5,206,259,206,https://historico.conaliteg.gob.mx/c/H1982P5CI389/206.jpg,0,0.795367,Q4,source_jpeg,1,200,image/jpeg,67916,4121d7fe14423af67bda8a1369c5c289bfd8ba0f7b4d3acecb4fbcbc10c542c0,1,
CN_PENDING_PAGE_MANIFEST_0.1,LTMD-CN5-G1982-VP207,LTMD-CN5-G1982,H1982P5CI389,1982,5,207,259,207,https://historico.conaliteg.gob.mx/c/H1982P5CI389/207.jpg,0,0.799228,Q4,source_jpeg,1,200,image/jpeg,70705,a3f377695b274916ca3b2d056ce70817a825ef6058163229960b0bec93c1b71e,1,
CN_PENDING_PAGE_MANIFEST_0.1,LTMD-CN5-G1982-VP208,LTMD-CN5-G1982,H1982P5CI389,1982,5,208,259,208,https://historico.conaliteg.gob.mx/c/H1982P5CI389/208.jpg,0,0.803089,Q4,source_jpeg,1,200,image/jpeg,82982,859c746a4e1484564d4ec5eb5546939da29dd5f678fddf9b30b98cfbc3555119,1,
CN_PENDING_PAGE_MANIFEST_0.1,LTMD-CN5-G1982-VP209,LTMD-CN5-G1982,H1982P5CI389,1982,5,209,259,209,https://historico.conaliteg.gob.mx/c/H1982P5CI389/209.jpg,0,0.806950,Q4,source_jpeg,1,200,image/jpeg,64333,5afa07924d728a6ff177ab713ba74af2d7ab7cde0925424789b8cf82aa45d78d,1,
CN_PENDING_PAGE_MANIFEST_0.1,LTMD-CN5-G1982-VP210,LTMD-CN5-G1982,H1982P5CI389,1982,5,210,259,210,https://historico.conaliteg.gob.mx/c/H1982P5CI389/210.jpg,0,0.810811,Q4,source_jpeg,1,200,image/jpeg,71604,45bb0b800714af76eaeed88df213daede5b839272d3e3c9ba499fc74507d612e,1,
CN_PENDING_PAGE_MANIFEST_0.1,LTMD-CN5-G1982-VP211,LTMD-CN5-G1982,H1982P5CI389,1982,5,211,259,211,https://historico.conaliteg.gob.mx/c/H1982P5CI389/211.jpg,0,0.814672,Q4,source_jpeg,1,200,image/jpeg,74704,866155e94c8d51629e531a2a632cdd3de015c2b70ec3bc4a3465f15da3d1e9a7,1,
CN_PENDING_PAGE_MANIFEST_0.1,LTMD-CN5-G1982-VP212,LTMD-CN5-G1982,H1982P5CI389,1982,5,212,259,212,https://historico.conaliteg.gob.mx/c/H1982P5CI389/212.jpg,0,0.818533,Q4,source_jpeg,1,200,image/jpeg,77796,1c453d4c5e9330466881685a90ca7d97bbecdc8dea70da6b880d9256eb8e6975,1,
CN_PENDING_PAGE_MANIFEST_0.1,LTMD-CN5-G1982-VP213,LTMD-CN5-G1982,H1982P5CI389,1982,5,213,259,213,https://historico.conaliteg.gob.mx/c/H1982P5CI389/213.jpg,0,0.822394,Q4,source_jpeg,1,200,image/jpeg,68370,7abb3c21b75a3f95a22dda8fcc4205044c21cabbd1d53f2f6c4e33322d2ccd57,1,
CN_PENDING_PAGE_MANIFEST_0.1,LTMD-CN5-G1982-VP214,LTMD-CN5-G1982,H1982P5CI389,1982,5,214,259,214,https://historico.conaliteg.gob.mx/c/H1982P5CI389/214.jpg,0,0.826255,Q4,source_jpeg,1,200,image/jpeg,84225,c968ad06ba8c5bef196dc7c88dd006351e9bea620f4e0a4fd1cf3d4cb5d9255e,1,
CN_PENDING_PAGE_MANIFEST_0.1,LTMD-CN5-G1982-VP215,LTMD-CN5-G1982,H1982P5CI389,1982,5,215,259,215,https://historico.conaliteg.gob.mx/c/H1982P5CI389/215.jpg,0,0.830116,Q4,source_jpeg,1,200,image/jpeg,61141,6a9a9d2b55f5d8087bf095ea8826e74b5e97895204bf51c7289f7ff637afb6a1,1,
CN_PENDING_PAGE_MANIFEST_0.1,LTMD-CN5-G1982-VP216,LTMD-CN5-G1982,H1982P5CI389,1982,5,216,259,216,https://historico.conaliteg.gob.mx/c/H1982P5CI389/216.jpg,0,0.833977,Q4,source_jpeg,1,200,image/jpeg,38356,b186cb7dd38b6ab551867822f77cb2fa8870138a0bed030828933c23bf4a9320,1,
CN_PENDING_PAGE_MANIFEST_0.1,LTMD-CN5-G1982-VP217,LTMD-CN5-G1982,H1982P5CI389,1982,5,217,259,217,https://historico.conaliteg.gob.mx/c/H1982P5CI389/217.jpg,0,0.837838,Q4,source_jpeg,1,200,image/jpeg,70922,1a3fdef70ecbe6888ab9c06ee08f26f2569bc135ea2f563701ede1fd1875a9c1,1,
CN_PENDING_PAGE_MANIFEST_0.1,LTMD-CN5-G1982-VP218,LTMD-CN5-G1982,H1982P5CI389,1982,5,218,259,218,https://historico.conaliteg.gob.mx/c/H1982P5CI389/218.jpg,0,0.841699,Q4,source_jpeg,1,200,image/jpeg,91907,8afa7ba7474665527f2f26234faafcb3e43327bfd13d5bb86cc2dfc2f059b592,1,
CN_PENDING_PAGE_MANIFEST_0.1,LTMD-CN5-G1982-VP219,LTMD-CN5-G1982,H1982P5CI389,1982,5,219,259,219,https://historico.conaliteg.gob.mx/c/H1982P5CI389/219.jpg,0,0.845560,Q4,source_jpeg,1,200,image/jpeg,71429,513dcfd3c84ecf31aa6139ce5a86fd416ae5528710ef008910dcb050f0d416d3,1,
CN_PENDING_PAGE_MANIFEST_0.1,LTMD-CN5-G1982-VP220,LTMD-CN5-G1982,H1982P5CI389,1982,5,220,259,220,https://historico.conaliteg.gob.mx/c/H1982P5CI389/220.jpg,0,0.849421,Q4,source_jpeg,1,200,image/jpeg,77491,24f266f30c2d5692733bc2c760bcefaa869445e147c3cc69d9abfe24dc006259,1,
CN_PENDING_PAGE_MANIFEST_0.1,LTMD-CN5-G1982-VP221,LTMD-CN5-G1982,H1982P5CI389,1982,5,221,259,221,https://historico.conaliteg.gob.mx/c/H1982P5CI389/221.jpg,0,0.853282,Q4,source_jpeg,1,200,image/jpeg,84475,6220e5d46d91d7b842013792c1ba6a639c790f58850eb2e6a437c00d667741fb,1,
CN_PENDING_PAGE_MANIFEST_0.1,LTMD-CN5-G1982-VP222,LTMD-CN5-G1982,H1982P5CI389,1982,5,222,259,222,https://historico.conaliteg.gob.mx/c/H1982P5CI389/222.jpg,0,0.857143,Q4,source_jpeg,1,200,image/jpeg,67672,8f73351f445aafe75d634a0204ed84f2181bc4ac0d165fea6421e1d5fe102a40,1,
CN_PENDING_PAGE_MANIFEST_0.1,LTMD-CN5-G1982-VP223,LTMD-CN5-G1982,H1982P5CI389,1982,5,223,259,223,https://historico.conaliteg.gob.mx/c/H1982P5CI389/223.jpg,0,0.861004,Q4,source_jpeg,1,200,image/jpeg,83101,f78260491940cd992161c727eb0178259bee71df98ab011b463881ed9b04de05,1,
CN_PENDING_PAGE_MANIFEST_0.1,LTMD-CN5-G1982-VP224,LTMD-CN5-G1982,H1982P5CI389,1982,5,224,259,224,https://historico.conaliteg.gob.mx/c/H1982P5CI389/224.jpg,0,0.864865,Q4,source_jpeg,1,200,image/jpeg,69320,0a18b20a12a72a3c917c0bfb513b2837a2ec03cfacab82f166babfbfabccc0e0,1,
CN_PENDING_PAGE_MANIFEST_0.1,LTMD-CN5-G1982-VP225,LTMD-CN5-G1982,H1982P5CI389,1982,5,225,259,225,https://historico.conaliteg.gob.mx/c/H1982P5CI389/225.jpg,0,0.868726,Q4,source_jpeg,1,200,image/jpeg,82753,d89b6f8646745235ffd1734328104cdbf82a3b30aeef4feec75c757b82cd598a,1,
CN_PENDING_PAGE_MANIFEST_0.1,LTMD-CN5-G1982-VP226,LTMD-CN5-G1982,H1982P5CI389,1982,5,226,259,226,https://historico.conaliteg.gob.mx/c/H1982P5CI389/226.jpg,0,0.872587,Q4,source_jpeg,1,200,image/jpeg,38141,f114b269d84db2f8322c031fd02c43b652a6d1e24fb35ffb207c2e72637bbed6,1,
CN_PENDING_PAGE_MANIFEST_0.1,LTMD-CN5-G1982-VP227,LTMD-CN5-G1982,H1982P5CI389,1982,5,227,259,227,https://historico.conaliteg.gob.mx/c/H1982P5CI389/227.jpg,0,0.876448,Q4,source_jpeg,1,200,image/jpeg,70696,7add51b411f30606c44ff48dc5099fe32060ab8a973aecc1d936c13bed524fbb,1,
CN_PENDING_PAGE_MANIFEST_0.1,LTMD-CN5-G1982-VP228,LTMD-CN5-G1982,H1982P5CI389,1982,5,228,259,228,https://historico.conaliteg.gob.mx/c/H1982P5CI389/228.jpg,0,0.880309,Q4,source_jpeg,1,200,image/jpeg,66296,3859399eab44a23d97ea207a5ba25bd305bb65d20597b82355af46d459141725,1,
CN_PENDING_PAGE_MANIFEST_0.1,LTMD-CN5-G1982-VP229,LTMD-CN5-G1982,H1982P5CI389,1982,5,229,259,229,https://historico.conaliteg.gob.mx/c/H1982P5CI389/229.jpg,0,0.884170,Q4,source_jpeg,1,200,image/jpeg,52688,26cb776e2ae75e257a796e0975014adf066314c5b0cba0fce90c70a0130945c4,1,
CN_PENDING_PAGE_MANIFEST_0.1,LTMD-CN5-G1982-VP230,LTMD-CN5-G1982,H1982P5CI389,1982,5,230,259,230,https://historico.conaliteg.gob.mx/c/H1982P5CI389/230.jpg,0,0.888031,Q4,source_jpeg,1,200,image/jpeg,42052,4426f461ca91a3f93f3378df3e7074492bd3f7ed0a5b12c63d31b63a243cba0c,1,
CN_PENDING_PAGE_MANIFEST_0.1,LTMD-CN5-G1982-VP231,LTMD-CN5-G1982,H1982P5CI389,1982,5,231,259,231,https://historico.conaliteg.gob.mx/c/H1982P5CI389/231.jpg,0,0.891892,Q4,source_jpeg,1,200,image/jpeg,69803,658900159db2368f26856ab423af5368741996c9e70963918654d9ff0d976f83,1,
CN_PENDING_PAGE_MANIFEST_0.1,LTMD-CN5-G1982-VP232,LTMD-CN5-G1982,H1982P5CI389,1982,5,232,259,232,https://historico.conaliteg.gob.mx/c/H1982P5CI389/232.jpg,0,0.895753,Q4,source_jpeg,1,200,image/jpeg,79262,e073becd239c4f8e7536b35ae8da76a0d7fffa301c24a0f5387aa0e862e8dd54,1,
CN_PENDING_PAGE_MANIFEST_0.1,LTMD-CN5-G1982-VP233,LTMD-CN5-G1982,H1982P5CI389,1982,5,233,259,233,https://historico.conaliteg.gob.mx/c/H1982P5CI389/233.jpg,0,0.899614,Q4,source_jpeg,1,200,image/jpeg,48080,c060aab1280fb9b9686df07df6c1b91125f4029ddb2481bcafe3407d0ab2deea,1,
CN_PENDING_PAGE_MANIFEST_0.1,LTMD-CN5-G1982-VP234,LTMD-CN5-G1982,H1982P5CI389,1982,5,234,259,234,https://historico.conaliteg.gob.mx/c/H1982P5CI389/234.jpg,0,0.903475,Q4,source_jpeg,1,200,image/jpeg,68611,56feca42223ee84872d765ad6ecf9a5e2feb21e87e79a097cb82a75e8d7c6b5d,1,
CN_PENDING_PAGE_MANIFEST_0.1,LTMD-CN5-G1982-VP235,LTMD-CN5-G1982,H1982P5CI389,1982,5,235,259,235,https://historico.conaliteg.gob.mx/c/H1982P5CI389/235.jpg,0,0.907336,Q4,source_jpeg,1,200,image/jpeg,67140,1ed3108c57422f9d7772713aed76988ff214ced919e3a34953ae1886824d3739,1,
CN_PENDING_PAGE_MANIFEST_0.1,LTMD-CN5-G1982-VP236,LTMD-CN5-G1982,H1982P5CI389,1982,5,236,259,236,https://historico.conaliteg.gob.mx/c/H1982P5CI389/236.jpg,0,0.911197,Q4,source_jpeg,1,200,image/jpeg,89979,c2e8fc515443f65b30fdab92c1c8c93a8d2d0cc8430041c67ac42a3d19a458c5,1,
CN_PENDING_PAGE_MANIFEST_0.1,LTMD-CN5-G1982-VP237,LTMD-CN5-G1982,H1982P5CI389,1982,5,237,259,237,https://historico.conaliteg.gob.mx/c/H1982P5CI389/237.jpg,0,0.915058,Q4,source_jpeg,1,200,image/jpeg,50779,784427560af4e8f127a4963e38ba60aa0e5a0ffb9461ff9c9984e4ed1a2c9ad7,1,
CN_PENDING_PAGE_MANIFEST_0.1,LTMD-CN5-G1982-VP238,LTMD-CN5-G1982,H1982P5CI389,1982,5,238,259,238,https://historico.conaliteg.gob.mx/c/H1982P5CI389/238.jpg,0,0.918919,Q4,source_jpeg,1,200,image/jpeg,73161,e9d7c5c4ac16c7acae6b13158cf24f5bcedebd5a9f521fc399f8a4154a9caa44,1,
CN_PENDING_PAGE_MANIFEST_0.1,LTMD-CN5-G1982-VP239,LTMD-CN5-G1982,H1982P5CI389,1982,5,239,259,239,https://historico.conaliteg.gob.mx/c/H1982P5CI389/239.jpg,0,0.922780,Q4,source_jpeg,1,200,image/jpeg,65395,3f8006d666b46e3c96620e7822bd7f6e53c26460de953633f5bf238b9563e696,1,
CN_PENDING_PAGE_MANIFEST_0.1,LTMD-CN5-G1982-VP240,LTMD-CN5-G1982,H1982P5CI389,1982,5,240,259,240,https://historico.conaliteg.gob.mx/c/H1982P5CI389/240.jpg,0,0.926641,Q4,source_jpeg,1,200,image/jpeg,72281,d64c69f13839dfdf21ec16967909931531e46728b8670c78d2129cd626a3cc32,1,
CN_PENDING_PAGE_MANIFEST_0.1,LTMD-CN5-G1982-VP241,LTMD-CN5-G1982,H1982P5CI389,1982,5,241,259,241,https://historico.conaliteg.gob.mx/c/H1982P5CI389/241.jpg,0,0.930502,Q4,source_jpeg,1,200,image/jpeg,66801,e0fa03e2978f9ec906345264a567646024c71d484567b0c0dc414fb53d704839,1,
CN_PENDING_PAGE_MANIFEST_0.1,LTMD-CN5-G1982-VP242,LTMD-CN5-G1982,H1982P5CI389,1982,5,242,259,242,https://historico.conaliteg.gob.mx/c/H1982P5CI389/242.jpg,0,0.934363,Q4,source_jpeg,1,200,image/jpeg,75018,3a6f6fc4d1a8d067ec08e8a9f1be4a5a8353c617686edaeadb812ce3deb3a58d,1,
CN_PENDING_PAGE_MANIFEST_0.1,LTMD-CN5-G1982-VP243,LTMD-CN5-G1982,H1982P5CI389,1982,5,243,259,243,https://historico.conaliteg.gob.mx/c/H1982P5CI389/243.jpg,0,0.938224,Q4,source_jpeg,1,200,image/jpeg,71796,98d4880c939aefde3f63389370d4a972ba8bb88354d8e469f1b08704d45671c9,1,
CN_PENDING_PAGE_MANIFEST_0.1,LTMD-CN5-G1982-VP244,LTMD-CN5-G1982,H1982P5CI389,1982,5,244,259,244,https://historico.conaliteg.gob.mx/c/H1982P5CI389/244.jpg,0,0.942085,Q4,source_jpeg,1,200,image/jpeg,75501,2d682e6393deee94e9e3340f53cdafafffbc07a5fac3e55145161f584fa8926f,1,
CN_PENDING_PAGE_MANIFEST_0.1,LTMD-CN5-G1982-VP245,LTMD-CN5-G1982,H1982P5CI389,1982,5,245,259,245,https://historico.conaliteg.gob.mx/c/H1982P5CI389/245.jpg,0,0.945946,Q4,source_jpeg,1,200,image/jpeg,60276,2ab4785fc20ccb3fe959718326f14ff1e855ddfc28242902304cc5429c60d65e,1,
CN_PENDING_PAGE_MANIFEST_0.1,LTMD-CN5-G1982-VP246,LTMD-CN5-G1982,H1982P5CI389,1982,5,246,259,246,https://historico.conaliteg.gob.mx/c/H1982P5CI389/246.jpg,0,0.949807,Q4,source_jpeg,1,200,image/jpeg,77335,1ddaba9ffd91860c711c8ff454ec58db0068833fee9c7c497f8eb5a6d7585d45,1,
CN_PENDING_PAGE_MANIFEST_0.1,LTMD-CN5-G1982-VP247,LTMD-CN5-G1982,H1982P5CI389,1982,5,247,259,247,https://historico.conaliteg.gob.mx/c/H1982P5CI389/247.jpg,0,0.953668,Q4,source_jpeg,1,200,image/jpeg,52241,0f7b663f71cfb34f8abd9e26ef12d4f57ab965498d0ce8485483f343e9bca386,1,
CN_PENDING_PAGE_MANIFEST_0.1,LTMD-CN5-G1982-VP248,LTMD-CN5-G1982,H1982P5CI389,1982,5,248,259,248,https://historico.conaliteg.gob.mx/c/H1982P5CI389/248.jpg,0,0.957529,Q4,source_jpeg,1,200,image/jpeg,57120,7927cba1c1b4acc903d3a21f96986c8b7c0cc25e11881e89ad2d411a06d70763,1,
CN_PENDING_PAGE_MANIFEST_0.1,LTMD-CN5-G1982-VP249,LTMD-CN5-G1982,H1982P5CI389,1982,5,249,259,249,https://historico.conaliteg.gob.mx/c/H1982P5CI389/249.jpg,0,0.961390,Q4,source_jpeg,1,200,image/jpeg,66410,d8e219d3acdfd134a2a82686992bb0825a239bb25ca37a67d9c74f0ca1dc7d49,1,
CN_PENDING_PAGE_MANIFEST_0.1,LTMD-CN5-G1982-VP250,LTMD-CN5-G1982,H1982P5CI389,1982,5,250,259,250,https://historico.conaliteg.gob.mx/c/H1982P5CI389/250.jpg,0,0.965251,Q4,source_jpeg,1,200,image/jpeg,78912,093072e0e8cd815ea7c1f9893f0c746a9c9c4305f265c77a1ae3f07418fa1cd2,1,
CN_PENDING_PAGE_MANIFEST_0.1,LTMD-CN5-G1982-VP251,LTMD-CN5-G1982,H1982P5CI389,1982,5,251,259,251,https://historico.conaliteg.gob.mx/c/H1982P5CI389/251.jpg,0,0.969112,Q4,source_jpeg,1,200,image/jpeg,49137,9a3c8eb9f1def8bfbd8dd49a6fc8ea40e64e6a891bedf5508348b50d7f4c45c3,1,
CN_PENDING_PAGE_MANIFEST_0.1,LTMD-CN5-G1982-VP252,LTMD-CN5-G1982,H1982P5CI389,1982,5,252,259,252,https://historico.conaliteg.gob.mx/c/H1982P5CI389/252.jpg,0,0.972973,Q4,source_jpeg,1,200,image/jpeg,85498,edb966fd18714b5e6bd76943b17b944f5180792b3a26ef8cef545b14e9323ebf,1,
CN_PENDING_PAGE_MANIFEST_0.1,LTMD-CN5-G1982-VP253,LTMD-CN5-G1982,H1982P5CI389,1982,5,253,259,253,https://historico.conaliteg.gob.mx/c/H1982P5CI389/253.jpg,0,0.976834,Q4,source_jpeg,1,200,image/jpeg,68555,95d968a41ddbdc4f0452e156e6ea0615b53a27e978accc5e6bbbdb7397a0041a,1,
CN_PENDING_PAGE_MANIFEST_0.1,LTMD-CN5-G1982-VP254,LTMD-CN5-G1982,H1982P5CI389,1982,5,254,259,254,https://historico.conaliteg.gob.mx/c/H1982P5CI389/254.jpg,0,0.980695,Q4,source_jpeg,1,200,image/jpeg,81381,a47bce8c87e7637853128eb3da190f726bc49cfd7d70d85a32ba78e1661e85f6,1,
CN_PENDING_PAGE_MANIFEST_0.1,LTMD-CN5-G1982-VP255,LTMD-CN5-G1982,H1982P5CI389,1982,5,255,259,255,https://historico.conaliteg.gob.mx/c/H1982P5CI389/255.jpg,0,0.984556,Q4,source_jpeg,1,200,image/jpeg,72058,50e39755c48fbda6119f42c6292621f12f10b66b428fef95a5a9dbf47dcb3dd3,1,
CN_PENDING_PAGE_MANIFEST_0.1,LTMD-CN5-G1982-VP256,LTMD-CN5-G1982,H1982P5CI389,1982,5,256,259,256,https://historico.conaliteg.gob.mx/c/H1982P5CI389/256.jpg,0,0.988417,Q4,source_jpeg,1,200,image/jpeg,19716,6f5c11ff9f1479dfa7dff470f2d21b9cc775f7fead485a15a9ac43a70b3c286a,1,
CN_PENDING_PAGE_MANIFEST_0.1,LTMD-CN5-G1982-VP257,LTMD-CN5-G1982,H1982P5CI389,1982,5,257,259,257,https://historico.conaliteg.gob.mx/c/H1982P5CI389/257.jpg,0,0.992278,Q4,source_jpeg,1,200,image/jpeg,53066,8d7c4f5c42dfa1b9b2b2b59f5ee8c3e90545b749714e9d5c95a9d2785226ca3b,1,
CN_PENDING_PAGE_MANIFEST_0.1,LTMD-CN5-G1982-VP258,LTMD-CN5-G1982,H1982P5CI389,1982,5,258,259,258,https://historico.conaliteg.gob.mx/c/H1982P5CI389/258.jpg,0,0.996139,Q4,source_jpeg,1,200,image/jpeg,165022,cc9e716c3117910df3ea2cbe10babab5210f29c205d0422dd9b7f94f5ad357fd,1,
CN_PENDING_PAGE_MANIFEST_0.1,LTMD-CN5-G2008-VP001,LTMD-CN5-G2008,H2008P5CI277,2008,5,1,163,0,https://historico.conaliteg.gob.mx/c/H2008P5CI277/000.jpg,0,0.006135,Q1,source_jpeg,1,200,image/jpeg,236340,aa8badc3803a6b0b2ef8ec2f1ef84c12a85c71f3770a9a1623dbdd4880ed04a6,1,
CN_PENDING_PAGE_MANIFEST_0.1,LTMD-CN5-G2008-VP002,LTMD-CN5-G2008,H2008P5CI277,2008,5,2,163,2,https://historico.conaliteg.gob.mx/c/H2008P5CI277/002.jpg,0,0.012270,Q1,source_jpeg,1,200,image/jpeg,221841,b97ae61bb2cdf2dc971af536da97c915854a800f45da2443fd7e4d703a624a3e,1,
CN_PENDING_PAGE_MANIFEST_0.1,LTMD-CN5-G2008-VP003,LTMD-CN5-G2008,H2008P5CI277,2008,5,3,163,3,https://historico.conaliteg.gob.mx/c/H2008P5CI277/003.jpg,0,0.018405,Q1,source_jpeg,1,200,image/jpeg,241634,796805d8a019d39f363ee71edaede643d16a76ac05731ee474a23a2ae617b657,1,
CN_PENDING_PAGE_MANIFEST_0.1,LTMD-CN5-G2008-VP004,LTMD-CN5-G2008,H2008P5CI277,2008,5,4,163,4,https://historico.conaliteg.gob.mx/c/H2008P5CI277/004.jpg,0,0.024540,Q1,source_jpeg,1,200,image/jpeg,213113,4264334500763d285a35d04a0a57c6e1b4e8149b0abdc5dd1dbf37e5fa103c89,1,
CN_PENDING_PAGE_MANIFEST_0.1,LTMD-CN5-G2008-VP005,LTMD-CN5-G2008,H2008P5CI277,2008,5,5,163,5,https://historico.conaliteg.gob.mx/c/H2008P5CI277/005.jpg,0,0.030675,Q1,source_jpeg,1,200,image/jpeg,199728,fd8fb992f97501c7c4d926ae81772b1e8dac1f720e1cb0b31ef61a0072d46c69,1,
CN_PENDING_PAGE_MANIFEST_0.1,LTMD-CN5-G2008-VP006,LTMD-CN5-G2008,H2008P5CI277,2008,5,6,163,6,https://historico.conaliteg.gob.mx/c/H2008P5CI277/006.jpg,0,0.036810,Q1,source_jpeg,1,200,image/jpeg,184600,d0fa26ea0cf19025bfd18e1aa604fd5c1cc919af2bae789a9ab529a8765f9850,1,
CN_PENDING_PAGE_MANIFEST_0.1,LTMD-CN5-G2008-VP007,LTMD-CN5-G2008,H2008P5CI277,2008,5,7,163,7,https://historico.conaliteg.gob.mx/c/H2008P5CI277/007.jpg,0,0.042945,Q1,source_jpeg,1,200,image/jpeg,191726,6fd94934f1a294ace05d94eae8415e676a75ff35ca01e4e03c54c2f31489a4c6,1,
CN_PENDING_PAGE_MANIFEST_0.1,LTMD-CN5-G2008-VP008,LTMD-CN5-G2008,H2008P5CI277,2008,5,8,163,8,https://historico.conaliteg.gob.mx/c/H2008P5CI277/008.jpg,0,0.049080,Q1,source_jpeg,1,200,image/jpeg,181644,27f04a365a6b6b4f2a0eb76f487e548d69322884ec0c99fd01ac69b681f7f8c8,1,
CN_PENDING_PAGE_MANIFEST_0.1,LTMD-CN5-G2008-VP009,LTMD-CN5-G2008,H2008P5CI277,2008,5,9,163,9,https://historico.conaliteg.gob.mx/c/H2008P5CI277/009.jpg,0,0.055215,Q1,source_jpeg,1,200,image/jpeg,159566,c0399bb7c8e955c96ac8b8bba6a290555f528f1ded105ace89df94741b21d12c,1,
CN_PENDING_PAGE_MANIFEST_0.1,LTMD-CN5-G2008-VP010,LTMD-CN5-G2008,H2008P5CI277,2008,5,10,163,10,https://historico.conaliteg.gob.mx/c/H2008P5CI277/010.jpg,0,0.061350,Q1,source_jpeg,1,200,image/jpeg,207171,6608950ef24ee3be552676a9dd2ee9f8c005f16fd5fd8691d544f7ab3cc637d3,1,
CN_PENDING_PAGE_MANIFEST_0.1,LTMD-CN5-G2008-VP011,LTMD-CN5-G2008,H2008P5CI277,2008,5,11,163,11,https://historico.conaliteg.gob.mx/c/H2008P5CI277/011.jpg,0,0.067485,Q1,source_jpeg,1,200,image/jpeg,149608,19a176d83accef7bb18ba6d6f6f36f7225f0831e1fd09ddb6be684db0159082e,1,
CN_PENDING_PAGE_MANIFEST_0.1,LTMD-CN5-G2008-VP012,LTMD-CN5-G2008,H2008P5CI277,2008,5,12,163,12,https://historico.conaliteg.gob.mx/c/H2008P5CI277/012.jpg,0,0.073620,Q1,source_jpeg,1,200,image/jpeg,322519,27edfe44f5d695d039e65ce6b1583b2b621005a750f927a3f74241fcd19a07c3,1,
CN_PENDING_PAGE_MANIFEST_0.1,LTMD-CN5-G2008-VP013,LTMD-CN5-G2008,H2008P5CI277,2008,5,13,163,13,https://historico.conaliteg.gob.mx/c/H2008P5CI277/013.jpg,0,0.079755,Q1,source_jpeg,1,200,image/jpeg,232338,4360ae153e0baa500b4c3a3e51cfa187a67aba4fd40abeb465a1817b522e504a,1,
CN_PENDING_PAGE_MANIFEST_0.1,LTMD-CN5-G2008-VP014,LTMD-CN5-G2008,H2008P5CI277,2008,5,14,163,14,https://historico.conaliteg.gob.mx/c/H2008P5CI277/014.jpg,0,0.085890,Q1,source_jpeg,1,200,image/jpeg,274648,4cbc04d727d76620468d7622d7dc70595925972658084eef7de7c906800de5d3,1,
CN_PENDING_PAGE_MANIFEST_0.1,LTMD-CN5-G2008-VP015,LTMD-CN5-G2008,H2008P5CI277,2008,5,15,163,15,https://historico.conaliteg.gob.mx/c/H2008P5CI277/015.jpg,0,0.092025,Q1,source_jpeg,1,200,image/jpeg,197604,c10084ce609ce0f09c0eca984196c0f595637c8be3e77f5d731b61b9f758255f,1,
CN_PENDING_PAGE_MANIFEST_0.1,LTMD-CN5-G2008-VP016,LTMD-CN5-G2008,H2008P5CI277,2008,5,16,163,16,https://historico.conaliteg.gob.mx/c/H2008P5CI277/016.jpg,0,0.098160,Q1,source_jpeg,1,200,image/jpeg,256448,6050975964c7ea26da53df119a99c4e40297c9d1054b82babd2e883b652ec8cb,1,
CN_PENDING_PAGE_MANIFEST_0.1,LTMD-CN5-G2008-VP017,LTMD-CN5-G2008,H2008P5CI277,2008,5,17,163,17,https://historico.conaliteg.gob.mx/c/H2008P5CI277/017.jpg,0,0.104294,Q1,source_jpeg,1,200,image/jpeg,243492,f1708b7d5f256916ab490c80a91c52d4d0a6f86eef2c964ee7a60d9693421b19,1,
CN_PENDING_PAGE_MANIFEST_0.1,LTMD-CN5-G2008-VP018,LTMD-CN5-G2008,H2008P5CI277,2008,5,18,163,18,https://historico.conaliteg.gob.mx/c/H2008P5CI277/018.jpg,0,0.110429,Q1,source_jpeg,1,200,image/jpeg,300813,7b0a1766b7605445abc47605ef57b9ceec132685772e8c4ed7229a644238b5ee,1,
CN_PENDING_PAGE_MANIFEST_0.1,LTMD-CN5-G2008-VP019,LTMD-CN5-G2008,H2008P5CI277,2008,5,19,163,19,https://historico.conaliteg.gob.mx/c/H2008P5CI277/019.jpg,0,0.116564,Q1,source_jpeg,1,200,image/jpeg,317691,ad2d35a574d08915d35e4334ad93b6de3bf09448c261d9717eee6580b2d25d83,1,
CN_PENDING_PAGE_MANIFEST_0.1,LTMD-CN5-G2008-VP020,LTMD-CN5-G2008,H2008P5CI277,2008,5,20,163,20,https://historico.conaliteg.gob.mx/c/H2008P5CI277/020.jpg,0,0.122699,Q1,source_jpeg,1,200,image/jpeg,290282,91ccb991e95b9cd70a53190724281c59194a93ff314d838c197b89f450279690,1,
CN_PENDING_PAGE_MANIFEST_0.1,LTMD-CN5-G2008-VP021,LTMD-CN5-G2008,H2008P5CI277,2008,5,21,163,21,https://historico.conaliteg.gob.mx/c/H2008P5CI277/021.jpg,0,0.128834,Q1,source_jpeg,1,200,image/jpeg,304011,d727ab3ade99397b4281b285813315721e342c591a0fbb08b59d8ea25af4a8ae,1,
CN_PENDING_PAGE_MANIFEST_0.1,LTMD-CN5-G2008-VP022,LTMD-CN5-G2008,H2008P5CI277,2008,5,22,163,22,https://historico.conaliteg.gob.mx/c/H2008P5CI277/022.jpg,0,0.134969,Q1,source_jpeg,1,200,image/jpeg,248744,5afeaa9c3a9c20fbb89356e87283e138f87ad3c88c3aa99efea905c243f019b7,1,
CN_PENDING_PAGE_MANIFEST_0.1,LTMD-CN5-G2008-VP023,LTMD-CN5-G2008,H2008P5CI277,2008,5,23,163,23,https://historico.conaliteg.gob.mx/c/H2008P5CI277/023.jpg,0,0.141104,Q1,source_jpeg,1,200,image/jpeg,274548,de765aab27bcd2a7fb912479ecabf9af642e771e8d9c7466d9b2d1d38715e6de,1,
CN_PENDING_PAGE_MANIFEST_0.1,LTMD-CN5-G2008-VP024,LTMD-CN5-G2008,H2008P5CI277,2008,5,24,163,24,https://historico.conaliteg.gob.mx/c/H2008P5CI277/024.jpg,0,0.147239,Q1,source_jpeg,1,200,image/jpeg,303595,61eb05fc610e36afda14aa94c7d4498f1331b017bdb3bc248c5996542f48288b,1,
CN_PENDING_PAGE_MANIFEST_0.1,LTMD-CN5-G2008-VP025,LTMD-CN5-G2008,H2008P5CI277,2008,5,25,163,25,https://historico.conaliteg.gob.mx/c/H2008P5CI277/025.jpg,0,0.153374,Q1,source_jpeg,1,200,image/jpeg,258354,35584251c3be313c85ec5ce378bdf8cc7e88d158d7e47a77d8cac911fe7db034,1,
CN_PENDING_PAGE_MANIFEST_0.1,LTMD-CN5-G2008-VP026,LTMD-CN5-G2008,H2008P5CI277,2008,5,26,163,26,https://historico.conaliteg.gob.mx/c/H2008P5CI277/026.jpg,0,0.159509,Q1,source_jpeg,1,200,image/jpeg,249409,56af252ae8787f0a42ca1a75cde4cf711584dcfbffc4c56503482a6710f0ddef,1,
CN_PENDING_PAGE_MANIFEST_0.1,LTMD-CN5-G2008-VP027,LTMD-CN5-G2008,H2008P5CI277,2008,5,27,163,27,https://historico.conaliteg.gob.mx/c/H2008P5CI277/027.jpg,0,0.165644,Q1,source_jpeg,1,200,image/jpeg,235727,c941591c0685662898a6c6e3d8f26dab3b73eb1b25ff705d773ef9a5bde2b518,1,
CN_PENDING_PAGE_MANIFEST_0.1,LTMD-CN5-G2008-VP028,LTMD-CN5-G2008,H2008P5CI277,2008,5,28,163,28,https://historico.conaliteg.gob.mx/c/H2008P5CI277/028.jpg,0,0.171779,Q1,source_jpeg,1,200,image/jpeg,173353,4207575640059029f0f0d06c3181dfd94d5dd9d102144a782d2f7f62ef223a78,1,
CN_PENDING_PAGE_MANIFEST_0.1,LTMD-CN5-G2008-VP029,LTMD-CN5-G2008,H2008P5CI277,2008,5,29,163,29,https://historico.conaliteg.gob.mx/c/H2008P5CI277/029.jpg,0,0.177914,Q1,source_jpeg,1,200,image/jpeg,203008,0b19607047d65ab6f0f50ef5cd7b94ed0c4129628f24d43cf356c2823d4ef505,1,
CN_PENDING_PAGE_MANIFEST_0.1,LTMD-CN5-G2008-VP030,LTMD-CN5-G2008,H2008P5CI277,2008,5,30,163,30,https://historico.conaliteg.gob.mx/c/H2008P5CI277/030.jpg,0,0.184049,Q1,source_jpeg,1,200,image/jpeg,268438,66b36a48065f26c645d7508b28bbdf193f4cdf8eb3b381295d89dcd3dd095fe6,1,
CN_PENDING_PAGE_MANIFEST_0.1,LTMD-CN5-G2008-VP031,LTMD-CN5-G2008,H2008P5CI277,2008,5,31,163,31,https://historico.conaliteg.gob.mx/c/H2008P5CI277/031.jpg,0,0.190184,Q1,source_jpeg,1,200,image/jpeg,241201,566bf12b87258e4e13c9e3ef7a451477f86bc5b9d9b7ef8601415d4fcebac18c,1,
CN_PENDING_PAGE_MANIFEST_0.1,LTMD-CN5-G2008-VP032,LTMD-CN5-G2008,H2008P5CI277,2008,5,32,163,32,https://historico.conaliteg.gob.mx/c/H2008P5CI277/032.jpg,0,0.196319,Q1,source_jpeg,1,200,image/jpeg,281673,8441631607dcbdf3fe44894b0b9953a2d784adcf1f2ef57b597cc8eba1f4c1d8,1,
CN_PENDING_PAGE_MANIFEST_0.1,LTMD-CN5-G2008-VP033,LTMD-CN5-G2008,H2008P5CI277,2008,5,33,163,33,https://historico.conaliteg.gob.mx/c/H2008P5CI277/033.jpg,0,0.202454,Q1,source_jpeg,1,200,image/jpeg,243611,50ac3c4700dbe115400ac78f2f870c3f91bec3e36fe2448fa751a7565da5b1f4,1,
CN_PENDING_PAGE_MANIFEST_0.1,LTMD-CN5-G2008-VP034,LTMD-CN5-G2008,H2008P5CI277,2008,5,34,163,34,https://historico.conaliteg.gob.mx/c/H2008P5CI277/034.jpg,0,0.208589,Q1,source_jpeg,1,200,image/jpeg,250863,466bad79bdde0509e13b964f6687d14d24f0286d01cb697147a5ae638f66eae5,1,
CN_PENDING_PAGE_MANIFEST_0.1,LTMD-CN5-G2008-VP035,LTMD-CN5-G2008,H2008P5CI277,2008,5,35,163,35,https://historico.conaliteg.gob.mx/c/H2008P5CI277/035.jpg,0,0.214724,Q1,source_jpeg,1,200,image/jpeg,367027,4aa09a28ed7a981ccd9842c5d32804d08991250e5fdce173f3ffabbc9b9135f6,1,
CN_PENDING_PAGE_MANIFEST_0.1,LTMD-CN5-G2008-VP036,LTMD-CN5-G2008,H2008P5CI277,2008,5,36,163,36,https://historico.conaliteg.gob.mx/c/H2008P5CI277/036.jpg,0,0.220859,Q1,source_jpeg,1,200,image/jpeg,296197,4667b1c18a6592db68fcce3c0752cfbd02e620dcc429c171ffb62ed192e0d2bb,1,
CN_PENDING_PAGE_MANIFEST_0.1,LTMD-CN5-G2008-VP037,LTMD-CN5-G2008,H2008P5CI277,2008,5,37,163,37,https://historico.conaliteg.gob.mx/c/H2008P5CI277/037.jpg,0,0.226994,Q1,source_jpeg,1,200,image/jpeg,253887,a1cbb0edd0ff2a236cd47f669b8442506fe4de66a17e8ee98a3fc2ec661c3e8d,1,
CN_PENDING_PAGE_MANIFEST_0.1,LTMD-CN5-G2008-VP038,LTMD-CN5-G2008,H2008P5CI277,2008,5,38,163,38,https://historico.conaliteg.gob.mx/c/H2008P5CI277/038.jpg,0,0.233129,Q1,source_jpeg,1,200,image/jpeg,197402,c3ac0b396bcf799147ea17b525c5103f61a1d10ce90324fdf08bb74993c88fec,1,
CN_PENDING_PAGE_MANIFEST_0.1,LTMD-CN5-G2008-VP039,LTMD-CN5-G2008,H2008P5CI277,2008,5,39,163,39,https://historico.conaliteg.gob.mx/c/H2008P5CI277/039.jpg,0,0.239264,Q1,source_jpeg,1,200,image/jpeg,233764,52eff19633c668da4562506d43a6dc7ffff84f293cdcd63a75ae4ee37ba3b98f,1,
CN_PENDING_PAGE_MANIFEST_0.1,LTMD-CN5-G2008-VP040,LTMD-CN5-G2008,H2008P5CI277,2008,5,40,163,40,https://historico.conaliteg.gob.mx/c/H2008P5CI277/040.jpg,0,0.245399,Q1,source_jpeg,1,200,image/jpeg,226575,c17e1f389bcde031dd3a4df904f527c2de8292fcdfa9165c6c2b2d32ad2a2ed2,1,
CN_PENDING_PAGE_MANIFEST_0.1,LTMD-CN5-G2008-VP041,LTMD-CN5-G2008,H2008P5CI277,2008,5,41,163,41,https://historico.conaliteg.gob.mx/c/H2008P5CI277/041.jpg,0,0.251534,Q2,source_jpeg,1,200,image/jpeg,207745,be648d3539245dcc43472fa78671f40c8c6c092acfb5151f4ea16310bbbd30a2,1,
CN_PENDING_PAGE_MANIFEST_0.1,LTMD-CN5-G2008-VP042,LTMD-CN5-G2008,H2008P5CI277,2008,5,42,163,42,https://historico.conaliteg.gob.mx/c/H2008P5CI277/042.jpg,0,0.257669,Q2,source_jpeg,1,200,image/jpeg,245338,bbb4b71153e94ab95c7c280c4de202ba38a3c5fb46bf7cdc059fbcb7c9f7b459,1,
CN_PENDING_PAGE_MANIFEST_0.1,LTMD-CN5-G2008-VP043,LTMD-CN5-G2008,H2008P5CI277,2008,5,43,163,43,https://historico.conaliteg.gob.mx/c/H2008P5CI277/043.jpg,0,0.263804,Q2,source_jpeg,1,200,image/jpeg,255757,c32da56780b861bf665a4078ad425267b075c87f8e8329499f80df86e84f8c4d,1,
CN_PENDING_PAGE_MANIFEST_0.1,LTMD-CN5-G2008-VP044,LTMD-CN5-G2008,H2008P5CI277,2008,5,44,163,44,https://historico.conaliteg.gob.mx/c/H2008P5CI277/044.jpg,0,0.269939,Q2,source_jpeg,1,200,image/jpeg,229547,3c7dbf0cb6f423c740454a35eb787e7b9099454acbb1129117785ad3a9e48750,1,
CN_PENDING_PAGE_MANIFEST_0.1,LTMD-CN5-G2008-VP045,LTMD-CN5-G2008,H2008P5CI277,2008,5,45,163,45,https://historico.conaliteg.gob.mx/c/H2008P5CI277/045.jpg,0,0.276074,Q2,source_jpeg,1,200,image/jpeg,221335,ad998bfe17d49c8a80b36488a0b1f781847bfbf4fb6f735f4b1a82c73de6bdf1,1,
CN_PENDING_PAGE_MANIFEST_0.1,LTMD-CN5-G2008-VP046,LTMD-CN5-G2008,H2008P5CI277,2008,5,46,163,46,https://historico.conaliteg.gob.mx/c/H2008P5CI277/046.jpg,0,0.282209,Q2,source_jpeg,1,200,image/jpeg,210132,02a8ef2ec14fc58d32f1a675aed6f74cdefeeac035fbd088e97cea6e7d87adf6,1,
CN_PENDING_PAGE_MANIFEST_0.1,LTMD-CN5-G2008-VP047,LTMD-CN5-G2008,H2008P5CI277,2008,5,47,163,47,https://historico.conaliteg.gob.mx/c/H2008P5CI277/047.jpg,0,0.288344,Q2,source_jpeg,1,200,image/jpeg,225202,2dc6c91e681930edae29d7b1ff4ee0ff923347f5f916d7cedfb1eab95d1f8a8e,1,
CN_PENDING_PAGE_MANIFEST_0.1,LTMD-CN5-G2008-VP048,LTMD-CN5-G2008,H2008P5CI277,2008,5,48,163,48,https://historico.conaliteg.gob.mx/c/H2008P5CI277/048.jpg,0,0.294479,Q2,source_jpeg,1,200,image/jpeg,161279,24994b139cbba3189b4bf3481eb4f31a87fbc13728773525ec0ab124c9e0d7a3,1,
CN_PENDING_PAGE_MANIFEST_0.1,LTMD-CN5-G2008-VP049,LTMD-CN5-G2008,H2008P5CI277,2008,5,49,163,49,https://historico.conaliteg.gob.mx/c/H2008P5CI277/049.jpg,0,0.300613,Q2,source_jpeg,1,200,image/jpeg,195836,6712db767f46eb54a11952300dd60b05da761b88d9c6f755d96cc04b73d68e1f,1,
CN_PENDING_PAGE_MANIFEST_0.1,LTMD-CN5-G2008-VP050,LTMD-CN5-G2008,H2008P5CI277,2008,5,50,163,50,https://historico.conaliteg.gob.mx/c/H2008P5CI277/050.jpg,0,0.306748,Q2,source_jpeg,1,200,image/jpeg,423165,0e996677e6d147355a0d48b4607874c908111209110e8e78d850ee0ce24ae51c,1,
CN_PENDING_PAGE_MANIFEST_0.1,LTMD-CN5-G2008-VP051,LTMD-CN5-G2008,H2008P5CI277,2008,5,51,163,51,https://historico.conaliteg.gob.mx/c/H2008P5CI277/051.jpg,0,0.312883,Q2,source_jpeg,1,200,image/jpeg,162373,f0f72061371055c7c4154f75f3aebadb1b3c8024650fbf3c838d0962e538f203,1,
CN_PENDING_PAGE_MANIFEST_0.1,LTMD-CN5-G2008-VP052,LTMD-CN5-G2008,H2008P5CI277,2008,5,52,163,52,https://historico.conaliteg.gob.mx/c/H2008P5CI277/052.jpg,0,0.319018,Q2,source_jpeg,1,200,image/jpeg,395240,2b1ee2ce88ff5d7bbf9b9a8d1a078ed128ae3145791f33fffe9bd881e55c0e47,1,
CN_PENDING_PAGE_MANIFEST_0.1,LTMD-CN5-G2008-VP053,LTMD-CN5-G2008,H2008P5CI277,2008,5,53,163,53,https://historico.conaliteg.gob.mx/c/H2008P5CI277/053.jpg,0,0.325153,Q2,source_jpeg,1,200,image/jpeg,236567,686a812ee4309235e2b84d30718bfdf8b63c8bc33919d2150b0edb8da8aa62b2,1,
CN_PENDING_PAGE_MANIFEST_0.1,LTMD-CN5-G2008-VP054,LTMD-CN5-G2008,H2008P5CI277,2008,5,54,163,54,https://historico.conaliteg.gob.mx/c/H2008P5CI277/054.jpg,0,0.331288,Q2,source_jpeg,1,200,image/jpeg,281557,89d1adb7f54ed7b90aa7a2c4698c673a6900bb5a502c5ef32bb3328cfbc58672,1,
CN_PENDING_PAGE_MANIFEST_0.1,LTMD-CN5-G2008-VP055,LTMD-CN5-G2008,H2008P5CI277,2008,5,55,163,55,https://historico.conaliteg.gob.mx/c/H2008P5CI277/055.jpg,0,0.337423,Q2,source_jpeg,1,200,image/jpeg,314097,80c653f25eb79e599d6a3bc3edf3fbf9525b677d994629aff07801648ba32de4,1,
CN_PENDING_PAGE_MANIFEST_0.1,LTMD-CN5-G2008-VP056,LTMD-CN5-G2008,H2008P5CI277,2008,5,56,163,56,https://historico.conaliteg.gob.mx/c/H2008P5CI277/056.jpg,0,0.343558,Q2,source_jpeg,1,200,image/jpeg,266150,80fc416f5a2384d7f27c906718b76f1f7c33a38c75a5e05073cfe14a8a257291,1,
CN_PENDING_PAGE_MANIFEST_0.1,LTMD-CN5-G2008-VP057,LTMD-CN5-G2008,H2008P5CI277,2008,5,57,163,57,https://historico.conaliteg.gob.mx/c/H2008P5CI277/057.jpg,0,0.349693,Q2,source_jpeg,1,200,image/jpeg,229540,20cc0e89974a5868363eb43d672feded3784e91d751092bfcc111f793f448532,1,
CN_PENDING_PAGE_MANIFEST_0.1,LTMD-CN5-G2008-VP058,LTMD-CN5-G2008,H2008P5CI277,2008,5,58,163,58,https://historico.conaliteg.gob.mx/c/H2008P5CI277/058.jpg,0,0.355828,Q2,source_jpeg,1,200,image/jpeg,347694,0efe29a70c39f636d3b886160a7269ec1cf5db07612c28ca0896175a224d1667,1,
CN_PENDING_PAGE_MANIFEST_0.1,LTMD-CN5-G2008-VP059,LTMD-CN5-G2008,H2008P5CI277,2008,5,59,163,59,https://historico.conaliteg.gob.mx/c/H2008P5CI277/059.jpg,0,0.361963,Q2,source_jpeg,1,200,image/jpeg,204936,462ff6cf4b8947221d51a10c04a752d2d7a849ca651e624f310a5f670f3a33a6,1,
CN_PENDING_PAGE_MANIFEST_0.1,LTMD-CN5-G2008-VP060,LTMD-CN5-G2008,H2008P5CI277,2008,5,60,163,60,https://historico.conaliteg.gob.mx/c/H2008P5CI277/060.jpg,0,0.368098,Q2,source_jpeg,1,200,image/jpeg,269510,1f0052e3f1a454872ea87c1bec9170b6f4e5fae65064c7032da8c23de725eab7,1,
CN_PENDING_PAGE_MANIFEST_0.1,LTMD-CN5-G2008-VP061,LTMD-CN5-G2008,H2008P5CI277,2008,5,61,163,61,https://historico.conaliteg.gob.mx/c/H2008P5CI277/061.jpg,0,0.374233,Q2,source_jpeg,1,200,image/jpeg,305711,c39794db6c040b9092268f0d1751338dfeb482df75356202105af8bfd918e8e0,1,
CN_PENDING_PAGE_MANIFEST_0.1,LTMD-CN5-G2008-VP062,LTMD-CN5-G2008,H2008P5CI277,2008,5,62,163,62,https://historico.conaliteg.gob.mx/c/H2008P5CI277/062.jpg,0,0.380368,Q2,source_jpeg,1,200,image/jpeg,303071,c4f430f0d9987a51a34800418af320b02507148e3d6dd913c5e789d6c97dd611,1,
CN_PENDING_PAGE_MANIFEST_0.1,LTMD-CN5-G2008-VP063,LTMD-CN5-G2008,H2008P5CI277,2008,5,63,163,63,https://historico.conaliteg.gob.mx/c/H2008P5CI277/063.jpg,0,0.386503,Q2,source_jpeg,1,200,image/jpeg,367296,46fefcfa86ea28df39e8690e09e61e4ecbb83b9fe1a45e0f19d469bcefc4d147,1,
CN_PENDING_PAGE_MANIFEST_0.1,LTMD-CN5-G2008-VP064,LTMD-CN5-G2008,H2008P5CI277,2008,5,64,163,64,https://historico.conaliteg.gob.mx/c/H2008P5CI277/064.jpg,0,0.392638,Q2,source_jpeg,1,200,image/jpeg,315157,04107ad52aef491dd27b9b9036eee839ceb7cc8db6e00dfb202c7aaf9beb56c9,1,
CN_PENDING_PAGE_MANIFEST_0.1,LTMD-CN5-G2008-VP065,LTMD-CN5-G2008,H2008P5CI277,2008,5,65,163,65,https://historico.conaliteg.gob.mx/c/H2008P5CI277/065.jpg,0,0.398773,Q2,source_jpeg,1,200,image/jpeg,420706,9b485066f1003a308c6f7fe89d2d328896908dd5fe5a72e8890c2511be2bf7fe,1,
CN_PENDING_PAGE_MANIFEST_0.1,LTMD-CN5-G2008-VP066,LTMD-CN5-G2008,H2008P5CI277,2008,5,66,163,66,https://historico.conaliteg.gob.mx/c/H2008P5CI277/066.jpg,0,0.404908,Q2,source_jpeg,1,200,image/jpeg,238896,3ef258b682746f8ccb925187ee97327609f4965639cd8317e48c5e0a2ca15c86,1,
CN_PENDING_PAGE_MANIFEST_0.1,LTMD-CN5-G2008-VP067,LTMD-CN5-G2008,H2008P5CI277,2008,5,67,163,67,https://historico.conaliteg.gob.mx/c/H2008P5CI277/067.jpg,0,0.411043,Q2,source_jpeg,1,200,image/jpeg,249848,f4b0fe4fef1d9c95ad095478df1761b8f80fa4afccc104d10c5531741ff7b1f1,1,
CN_PENDING_PAGE_MANIFEST_0.1,LTMD-CN5-G2008-VP068,LTMD-CN5-G2008,H2008P5CI277,2008,5,68,163,68,https://historico.conaliteg.gob.mx/c/H2008P5CI277/068.jpg,0,0.417178,Q2,source_jpeg,1,200,image/jpeg,271390,34c26c740947a82fb36b0bb8210df5b23d15c8434ea2a0b144b5311ca2d60eae,1,
CN_PENDING_PAGE_MANIFEST_0.1,LTMD-CN5-G2008-VP069,LTMD-CN5-G2008,H2008P5CI277,2008,5,69,163,69,https://historico.conaliteg.gob.mx/c/H2008P5CI277/069.jpg,0,0.423313,Q2,source_jpeg,1,200,image/jpeg,242737,d40eeab393796ecd1aaa7ea8d7783d6ffd83f4000a31f20825398f891443a52c,1,
CN_PENDING_PAGE_MANIFEST_0.1,LTMD-CN5-G2008-VP070,LTMD-CN5-G2008,H2008P5CI277,2008,5,70,163,70,https://historico.conaliteg.gob.mx/c/H2008P5CI277/070.jpg,0,0.429448,Q2,source_jpeg,1,200,image/jpeg,514379,0634decce3298a3c32e5d1d0616bb376c1852e72545e39268b7d8405bf2a467a,1,
CN_PENDING_PAGE_MANIFEST_0.1,LTMD-CN5-G2008-VP071,LTMD-CN5-G2008,H2008P5CI277,2008,5,71,163,71,https://historico.conaliteg.gob.mx/c/H2008P5CI277/071.jpg,0,0.435583,Q2,source_jpeg,1,200,image/jpeg,305984,1bb04ece639ab782a5b2a22a93bc3bfaa18cbd4858c277f06dad7d8ce9e36f09,1,
CN_PENDING_PAGE_MANIFEST_0.1,LTMD-CN5-G2008-VP072,LTMD-CN5-G2008,H2008P5CI277,2008,5,72,163,72,https://historico.conaliteg.gob.mx/c/H2008P5CI277/072.jpg,0,0.441718,Q2,source_jpeg,1,200,image/jpeg,294166,e95c624577bad33e3c34aa03f29dbffad9a52d62a81b10844a374d0ced284d3e,1,
CN_PENDING_PAGE_MANIFEST_0.1,LTMD-CN5-G2008-VP073,LTMD-CN5-G2008,H2008P5CI277,2008,5,73,163,73,https://historico.conaliteg.gob.mx/c/H2008P5CI277/073.jpg,0,0.447853,Q2,source_jpeg,1,200,image/jpeg,284729,61356285d5d2d93a52aa54a50636c7da8453cc5684c9d7f4552e17844c3cd949,1,
CN_PENDING_PAGE_MANIFEST_0.1,LTMD-CN5-G2008-VP074,LTMD-CN5-G2008,H2008P5CI277,2008,5,74,163,74,https://historico.conaliteg.gob.mx/c/H2008P5CI277/074.jpg,0,0.453988,Q2,source_jpeg,1,200,image/jpeg,277687,893b08ececd14c7dc7979a5774a2b1bb7cfabdb2f0109a50d431b060555c608d,1,
CN_PENDING_PAGE_MANIFEST_0.1,LTMD-CN5-G2008-VP075,LTMD-CN5-G2008,H2008P5CI277,2008,5,75,163,75,https://historico.conaliteg.gob.mx/c/H2008P5CI277/075.jpg,0,0.460123,Q2,source_jpeg,1,200,image/jpeg,214268,6bb910338fda5e1c2d8e0713481470fa6818d1baf340ba15ece33422e65d2886,1,
CN_PENDING_PAGE_MANIFEST_0.1,LTMD-CN5-G2008-VP076,LTMD-CN5-G2008,H2008P5CI277,2008,5,76,163,76,https://historico.conaliteg.gob.mx/c/H2008P5CI277/076.jpg,0,0.466258,Q2,source_jpeg,1,200,image/jpeg,172475,93816f61a145bb015f504b9958179c605ff5af7eb5e7c49bab4ecf2a82b4f2e9,1,
CN_PENDING_PAGE_MANIFEST_0.1,LTMD-CN5-G2008-VP077,LTMD-CN5-G2008,H2008P5CI277,2008,5,77,163,77,https://historico.conaliteg.gob.mx/c/H2008P5CI277/077.jpg,0,0.472393,Q2,source_jpeg,1,200,image/jpeg,169714,13720bc11c0c3eaa7a2edf4e0b1b9a5cbb410109ded95c1e6c75ceda31c6dbe8,1,
CN_PENDING_PAGE_MANIFEST_0.1,LTMD-CN5-G2008-VP078,LTMD-CN5-G2008,H2008P5CI277,2008,5,78,163,78,https://historico.conaliteg.gob.mx/c/H2008P5CI277/078.jpg,0,0.478528,Q2,source_jpeg,1,200,image/jpeg,190809,14fb921c6c78f3771e11280757e18b38816b8a02d60eff47aea6620d62be5790,1,
CN_PENDING_PAGE_MANIFEST_0.1,LTMD-CN5-G2008-VP079,LTMD-CN5-G2008,H2008P5CI277,2008,5,79,163,79,https://historico.conaliteg.gob.mx/c/H2008P5CI277/079.jpg,0,0.484663,Q2,source_jpeg,1,200,image/jpeg,167346,cfe96c6a7a0b9395107cc4222e01d93bf9cb8640fb5bd1c027e088cf7d59d644,1,
CN_PENDING_PAGE_MANIFEST_0.1,LTMD-CN5-G2008-VP080,LTMD-CN5-G2008,H2008P5CI277,2008,5,80,163,80,https://historico.conaliteg.gob.mx/c/H2008P5CI277/080.jpg,0,0.490798,Q2,source_jpeg,1,200,image/jpeg,491984,1ccb9acedcc62b78a0b3a33114ddbf10ae2fd75db1c13a639d7e236f30122a68,1,
CN_PENDING_PAGE_MANIFEST_0.1,LTMD-CN5-G2008-VP081,LTMD-CN5-G2008,H2008P5CI277,2008,5,81,163,81,https://historico.conaliteg.gob.mx/c/H2008P5CI277/081.jpg,0,0.496933,Q2,source_jpeg,1,200,image/jpeg,154085,eeb6a73ebacc66a4c2aaf381a5301eb2868b3aec3c1d68d9e81be5c9027ce1e9,1,
CN_PENDING_PAGE_MANIFEST_0.1,LTMD-CN5-G2008-VP082,LTMD-CN5-G2008,H2008P5CI277,2008,5,82,163,82,https://historico.conaliteg.gob.mx/c/H2008P5CI277/082.jpg,0,0.503067,Q3,source_jpeg,1,200,image/jpeg,189624,08a9a7bee25117456a5f3a3d5e72891e300446c8f0ea8b8cef0e36330a11ff6a,1,
CN_PENDING_PAGE_MANIFEST_0.1,LTMD-CN5-G2008-VP083,LTMD-CN5-G2008,H2008P5CI277,2008,5,83,163,83,https://historico.conaliteg.gob.mx/c/H2008P5CI277/083.jpg,0,0.509202,Q3,source_jpeg,1,200,image/jpeg,208070,b65b9ed31be4cc967e892760f8492d51a4d2461d46c5e0c3718efa9e37128509,1,
CN_PENDING_PAGE_MANIFEST_0.1,LTMD-CN5-G2008-VP084,LTMD-CN5-G2008,H2008P5CI277,2008,5,84,163,84,https://historico.conaliteg.gob.mx/c/H2008P5CI277/084.jpg,0,0.515337,Q3,source_jpeg,1,200,image/jpeg,254794,39b46b05025077cf515445cefe821c524cbc204e3b0a8431069954ce260b411c,1,
CN_PENDING_PAGE_MANIFEST_0.1,LTMD-CN5-G2008-VP085,LTMD-CN5-G2008,H2008P5CI277,2008,5,85,163,85,https://historico.conaliteg.gob.mx/c/H2008P5CI277/085.jpg,0,0.521472,Q3,source_jpeg,1,200,image/jpeg,239566,f56eb8c7ca36ffb0baf352ce2663605c473380bfc65c80311431d1ab45df643c,1,
CN_PENDING_PAGE_MANIFEST_0.1,LTMD-CN5-G2008-VP086,LTMD-CN5-G2008,H2008P5CI277,2008,5,86,163,86,https://historico.conaliteg.gob.mx/c/H2008P5CI277/086.jpg,0,0.527607,Q3,source_jpeg,1,200,image/jpeg,256792,4f7c382614a33b6adbdd7ea9470c86d328c2064e64cd39b44f8ed88a434b33a9,1,
CN_PENDING_PAGE_MANIFEST_0.1,LTMD-CN5-G2008-VP087,LTMD-CN5-G2008,H2008P5CI277,2008,5,87,163,87,https://historico.conaliteg.gob.mx/c/H2008P5CI277/087.jpg,0,0.533742,Q3,source_jpeg,1,200,image/jpeg,254321,d26ba9849d76e3f7ceb269cb6c7ccb4b0f3b9634d01f0277ddca87963109c1ae,1,
CN_PENDING_PAGE_MANIFEST_0.1,LTMD-CN5-G2008-VP088,LTMD-CN5-G2008,H2008P5CI277,2008,5,88,163,88,https://historico.conaliteg.gob.mx/c/H2008P5CI277/088.jpg,0,0.539877,Q3,source_jpeg,1,200,image/jpeg,267287,c2cbfe3d1fef77aac32a3c2cbb3c9a3b1043dfbce4f1cef2b66f7abfa64d094b,1,
CN_PENDING_PAGE_MANIFEST_0.1,LTMD-CN5-G2008-VP089,LTMD-CN5-G2008,H2008P5CI277,2008,5,89,163,89,https://historico.conaliteg.gob.mx/c/H2008P5CI277/089.jpg,0,0.546012,Q3,source_jpeg,1,200,image/jpeg,293788,77592001fc469b34ae9ee3ce465c28fde163e14c6142257a755397e8fa3da924,1,
CN_PENDING_PAGE_MANIFEST_0.1,LTMD-CN5-G2008-VP090,LTMD-CN5-G2008,H2008P5CI277,2008,5,90,163,90,https://historico.conaliteg.gob.mx/c/H2008P5CI277/090.jpg,0,0.552147,Q3,source_jpeg,1,200,image/jpeg,289015,7663159c60de1700979a8fe733416073c794b7f9b8ff663043ed26c9e2301c4b,1,
CN_PENDING_PAGE_MANIFEST_0.1,LTMD-CN5-G2008-VP091,LTMD-CN5-G2008,H2008P5CI277,2008,5,91,163,91,https://historico.conaliteg.gob.mx/c/H2008P5CI277/091.jpg,0,0.558282,Q3,source_jpeg,1,200,image/jpeg,221762,cb89a63bad01df7eef4a616b14b49fef18e111b8051c9bbb063f95ac2dfc40c9,1,
CN_PENDING_PAGE_MANIFEST_0.1,LTMD-CN5-G2008-VP092,LTMD-CN5-G2008,H2008P5CI277,2008,5,92,163,92,https://historico.conaliteg.gob.mx/c/H2008P5CI277/092.jpg,0,0.564417,Q3,source_jpeg,1,200,image/jpeg,244841,4278abad0fe2742eeb709a25683d075a5dd732d369d3be275008e6f5b44321f6,1,
CN_PENDING_PAGE_MANIFEST_0.1,LTMD-CN5-G2008-VP093,LTMD-CN5-G2008,H2008P5CI277,2008,5,93,163,93,https://historico.conaliteg.gob.mx/c/H2008P5CI277/093.jpg,0,0.570552,Q3,source_jpeg,1,200,image/jpeg,235774,bf556f0f98843e1c8924c542989d76cdb6a383af4f46bca753d719c26fc408c0,1,
CN_PENDING_PAGE_MANIFEST_0.1,LTMD-CN5-G2008-VP094,LTMD-CN5-G2008,H2008P5CI277,2008,5,94,163,94,https://historico.conaliteg.gob.mx/c/H2008P5CI277/094.jpg,0,0.576687,Q3,source_jpeg,1,200,image/jpeg,298994,542dc8491ba5baefb84c4f94db98265df118db93a034a3fc819f71bcd1bcf870,1,
CN_PENDING_PAGE_MANIFEST_0.1,LTMD-CN5-G2008-VP095,LTMD-CN5-G2008,H2008P5CI277,2008,5,95,163,95,https://historico.conaliteg.gob.mx/c/H2008P5CI277/095.jpg,0,0.582822,Q3,source_jpeg,1,200,image/jpeg,254215,fa959622cbe4a6c68cd40ea991c1dab56d19db7804e5d316a57a1ac15b692888,1,
CN_PENDING_PAGE_MANIFEST_0.1,LTMD-CN5-G2008-VP096,LTMD-CN5-G2008,H2008P5CI277,2008,5,96,163,96,https://historico.conaliteg.gob.mx/c/H2008P5CI277/096.jpg,0,0.588957,Q3,source_jpeg,1,200,image/jpeg,184518,dbf7135f0a4687d580c43111703f5def24228408fc2e7ad60928f8e49f26b246,1,
CN_PENDING_PAGE_MANIFEST_0.1,LTMD-CN5-G2008-VP097,LTMD-CN5-G2008,H2008P5CI277,2008,5,97,163,97,https://historico.conaliteg.gob.mx/c/H2008P5CI277/097.jpg,0,0.595092,Q3,source_jpeg,1,200,image/jpeg,195870,3ef83f4a22c0f437b8cb865b90a6e6f0809ed7caceadc6bb39cda81a6a586144,1,
CN_PENDING_PAGE_MANIFEST_0.1,LTMD-CN5-G2008-VP098,LTMD-CN5-G2008,H2008P5CI277,2008,5,98,163,98,https://historico.conaliteg.gob.mx/c/H2008P5CI277/098.jpg,0,0.601227,Q3,source_jpeg,1,200,image/jpeg,256396,669ba655fd067ce145902be9386d38cc97281e6d76ebdc1b71639578037ee1ae,1,
CN_PENDING_PAGE_MANIFEST_0.1,LTMD-CN5-G2008-VP099,LTMD-CN5-G2008,H2008P5CI277,2008,5,99,163,99,https://historico.conaliteg.gob.mx/c/H2008P5CI277/099.jpg,0,0.607362,Q3,source_jpeg,1,200,image/jpeg,284609,b408065c3c2c28da772278372f7216fe3d24e1bba29dc023469ccdbefe30e6ba,1,
CN_PENDING_PAGE_MANIFEST_0.1,LTMD-CN5-G2008-VP100,LTMD-CN5-G2008,H2008P5CI277,2008,5,100,163,100,https://historico.conaliteg.gob.mx/c/H2008P5CI277/100.jpg,0,0.613497,Q3,source_jpeg,1,200,image/jpeg,180858,4cf816c5dfcf4172de285cdd29f12d4f8824ff7a6d3055a0f0c5d62c50b5c05c,1,
CN_PENDING_PAGE_MANIFEST_0.1,LTMD-CN5-G2008-VP101,LTMD-CN5-G2008,H2008P5CI277,2008,5,101,163,101,https://historico.conaliteg.gob.mx/c/H2008P5CI277/101.jpg,0,0.619632,Q3,source_jpeg,1,200,image/jpeg,203043,a594e9aea933e457a59b10b4739a57467065e2bb963eeb506a91fb9aca88d7a2,1,
CN_PENDING_PAGE_MANIFEST_0.1,LTMD-CN5-G2008-VP102,LTMD-CN5-G2008,H2008P5CI277,2008,5,102,163,102,https://historico.conaliteg.gob.mx/c/H2008P5CI277/102.jpg,0,0.625767,Q3,source_jpeg,1,200,image/jpeg,170887,cb57656496d89a8fb08a8e4b194b953b53144ad389452e4f1c436bd81d89867b,1,
CN_PENDING_PAGE_MANIFEST_0.1,LTMD-CN5-G2008-VP103,LTMD-CN5-G2008,H2008P5CI277,2008,5,103,163,103,https://historico.conaliteg.gob.mx/c/H2008P5CI277/103.jpg,0,0.631902,Q3,source_jpeg,1,200,image/jpeg,173088,e3a3300a7267ed8013300b9cb600596b9b3fe403c9259eafd4da45a99fb8e6e9,1,
CN_PENDING_PAGE_MANIFEST_0.1,LTMD-CN5-G2008-VP104,LTMD-CN5-G2008,H2008P5CI277,2008,5,104,163,104,https://historico.conaliteg.gob.mx/c/H2008P5CI277/104.jpg,0,0.638037,Q3,source_jpeg,1,200,image/jpeg,121125,af1603ca7c52fd74399e2a167ee8a3a68d40a6b411d3984a1a9e82a0657d33dd,1,
CN_PENDING_PAGE_MANIFEST_0.1,LTMD-CN5-G2008-VP105,LTMD-CN5-G2008,H2008P5CI277,2008,5,105,163,105,https://historico.conaliteg.gob.mx/c/H2008P5CI277/105.jpg,0,0.644172,Q3,source_jpeg,1,200,image/jpeg,147749,a00449bd1f514c20faa558f4731cba9ee085627ba28b85af47fad947b35ff97e,1,
CN_PENDING_PAGE_MANIFEST_0.1,LTMD-CN5-G2008-VP106,LTMD-CN5-G2008,H2008P5CI277,2008,5,106,163,106,https://historico.conaliteg.gob.mx/c/H2008P5CI277/106.jpg,0,0.650307,Q3,source_jpeg,1,200,image/jpeg,101150,6c1d6e015f11580b33c70d429ed83cc7c939bea22990eed658955ca3b4384974,1,
CN_PENDING_PAGE_MANIFEST_0.1,LTMD-CN5-G2008-VP107,LTMD-CN5-G2008,H2008P5CI277,2008,5,107,163,107,https://historico.conaliteg.gob.mx/c/H2008P5CI277/107.jpg,0,0.656442,Q3,source_jpeg,1,200,image/jpeg,205304,a7dc4f589549008cd63c26f56d13cd490ab0d742ca73405488febfb111ee24d4,1,
CN_PENDING_PAGE_MANIFEST_0.1,LTMD-CN5-G2008-VP108,LTMD-CN5-G2008,H2008P5CI277,2008,5,108,163,108,https://historico.conaliteg.gob.mx/c/H2008P5CI277/108.jpg,0,0.662577,Q3,source_jpeg,1,200,image/jpeg,225013,9b0deb0a7ac31f5a9553c0c5dde4b692b75881d1ddea2546199b99416f499ed3,1,
CN_PENDING_PAGE_MANIFEST_0.1,LTMD-CN5-G2008-VP109,LTMD-CN5-G2008,H2008P5CI277,2008,5,109,163,109,https://historico.conaliteg.gob.mx/c/H2008P5CI277/109.jpg,0,0.668712,Q3,source_jpeg,1,200,image/jpeg,251937,baf58250480d78d90bf6c5b58f90b433974f9a91dc3bc797c4c18a8877ab75f3,1,
CN_PENDING_PAGE_MANIFEST_0.1,LTMD-CN5-G2008-VP110,LTMD-CN5-G2008,H2008P5CI277,2008,5,110,163,110,https://historico.conaliteg.gob.mx/c/H2008P5CI277/110.jpg,0,0.674847,Q3,source_jpeg,1,200,image/jpeg,272354,2d563d9f00f872efd76c097876baff79cd2f652dc30d780d3adb95c87fcf1620,1,
CN_PENDING_PAGE_MANIFEST_0.1,LTMD-CN5-G2008-VP111,LTMD-CN5-G2008,H2008P5CI277,2008,5,111,163,111,https://historico.conaliteg.gob.mx/c/H2008P5CI277/111.jpg,0,0.680982,Q3,source_jpeg,1,200,image/jpeg,242044,c3031acf5418e2126b0933416ac1c109846ea2e14f7056cc7c37a389bfc7b88a,1,
CN_PENDING_PAGE_MANIFEST_0.1,LTMD-CN5-G2008-VP112,LTMD-CN5-G2008,H2008P5CI277,2008,5,112,163,112,https://historico.conaliteg.gob.mx/c/H2008P5CI277/112.jpg,0,0.687117,Q3,source_jpeg,1,200,image/jpeg,272926,7cd36a5d25e95b868625cf8d3f38b7a346854e90d4e9a7dab5ea9f3734576237,1,
CN_PENDING_PAGE_MANIFEST_0.1,LTMD-CN5-G2008-VP113,LTMD-CN5-G2008,H2008P5CI277,2008,5,113,163,113,https://historico.conaliteg.gob.mx/c/H2008P5CI277/113.jpg,0,0.693252,Q3,source_jpeg,1,200,image/jpeg,279285,2cabce29ed23aec776a26ed382b95da5a289e296ae34654779e5c215566ab7ac,1,
CN_PENDING_PAGE_MANIFEST_0.1,LTMD-CN5-G2008-VP114,LTMD-CN5-G2008,H2008P5CI277,2008,5,114,163,114,https://historico.conaliteg.gob.mx/c/H2008P5CI277/114.jpg,0,0.699387,Q3,source_jpeg,1,200,image/jpeg,192098,d8da32138e0b11409840a1e10df79a6bc7cb88ca2e5ca751ad3be72ab2874a05,1,
CN_PENDING_PAGE_MANIFEST_0.1,LTMD-CN5-G2008-VP115,LTMD-CN5-G2008,H2008P5CI277,2008,5,115,163,115,https://historico.conaliteg.gob.mx/c/H2008P5CI277/115.jpg,0,0.705521,Q3,source_jpeg,1,200,image/jpeg,192879,00b97f1413b0e1cee1eed0ee70267ad634eccc605498ca2f86f1306eac91d121,1,
CN_PENDING_PAGE_MANIFEST_0.1,LTMD-CN5-G2008-VP116,LTMD-CN5-G2008,H2008P5CI277,2008,5,116,163,116,https://historico.conaliteg.gob.mx/c/H2008P5CI277/116.jpg,0,0.711656,Q3,source_jpeg,1,200,image/jpeg,279582,091edf631190ed13ce6a9532913d672fabcf68701055891f16790438aa88d094,1,
CN_PENDING_PAGE_MANIFEST_0.1,LTMD-CN5-G2008-VP117,LTMD-CN5-G2008,H2008P5CI277,2008,5,117,163,117,https://historico.conaliteg.gob.mx/c/H2008P5CI277/117.jpg,0,0.717791,Q3,source_jpeg,1,200,image/jpeg,256520,ef11a61d14a29f807a43c3f5a69c5d4afad14b34e370c319c068bf060a154c11,1,
CN_PENDING_PAGE_MANIFEST_0.1,LTMD-CN5-G2008-VP118,LTMD-CN5-G2008,H2008P5CI277,2008,5,118,163,118,https://historico.conaliteg.gob.mx/c/H2008P5CI277/118.jpg,0,0.723926,Q3,source_jpeg,1,200,image/jpeg,230224,276d84f5f9c21391f981e504ee242bd6d4c03a2374232f29d99a7a21b5ea21a0,1,
CN_PENDING_PAGE_MANIFEST_0.1,LTMD-CN5-G2008-VP119,LTMD-CN5-G2008,H2008P5CI277,2008,5,119,163,119,https://historico.conaliteg.gob.mx/c/H2008P5CI277/119.jpg,0,0.730061,Q3,source_jpeg,1,200,image/jpeg,320962,083b57b3ff47a8ae2e76b892abaf1a7a7289f45f00be7cfd42ec0c4bf777e2be,1,
CN_PENDING_PAGE_MANIFEST_0.1,LTMD-CN5-G2008-VP120,LTMD-CN5-G2008,H2008P5CI277,2008,5,120,163,120,https://historico.conaliteg.gob.mx/c/H2008P5CI277/120.jpg,0,0.736196,Q3,source_jpeg,1,200,image/jpeg,284410,007dca6a9867a8584726ab58e8a141eadc915a9d0a6903a4db5dbdf90be0263b,1,
CN_PENDING_PAGE_MANIFEST_0.1,LTMD-CN5-G2008-VP121,LTMD-CN5-G2008,H2008P5CI277,2008,5,121,163,121,https://historico.conaliteg.gob.mx/c/H2008P5CI277/121.jpg,0,0.742331,Q3,source_jpeg,1,200,image/jpeg,226724,ca2336967b82d6a8e4265ca4a14c90f3f82f81e323a180a2e2c8978ca4087b26,1,
CN_PENDING_PAGE_MANIFEST_0.1,LTMD-CN5-G2008-VP122,LTMD-CN5-G2008,H2008P5CI277,2008,5,122,163,122,https://historico.conaliteg.gob.mx/c/H2008P5CI277/122.jpg,0,0.748466,Q3,source_jpeg,1,200,image/jpeg,243542,666b47a0971b6a9c7024abe314a58db6341790ea618191dbfc110d6e6377e928,1,
CN_PENDING_PAGE_MANIFEST_0.1,LTMD-CN5-G2008-VP123,LTMD-CN5-G2008,H2008P5CI277,2008,5,123,163,123,https://historico.conaliteg.gob.mx/c/H2008P5CI277/123.jpg,0,0.754601,Q4,source_jpeg,1,200,image/jpeg,283630,a3f9c96e5cb7f66cf8ecbef2238bd0e0855ba8afad10b6ccc3e47d9ec3ee22a9,1,
CN_PENDING_PAGE_MANIFEST_0.1,LTMD-CN5-G2008-VP124,LTMD-CN5-G2008,H2008P5CI277,2008,5,124,163,124,https://historico.conaliteg.gob.mx/c/H2008P5CI277/124.jpg,0,0.760736,Q4,source_jpeg,1,200,image/jpeg,260024,2ef3b860224be761091be394c2bfba392fc1b2aa24762539b23e24a7e23b0dc6,1,
CN_PENDING_PAGE_MANIFEST_0.1,LTMD-CN5-G2008-VP125,LTMD-CN5-G2008,H2008P5CI277,2008,5,125,163,125,https://historico.conaliteg.gob.mx/c/H2008P5CI277/125.jpg,0,0.766871,Q4,source_jpeg,1,200,image/jpeg,320272,4694e429435a1ec2cf6abefce56557a61605322cbfca86c29737bc8abebcf7c8,1,
CN_PENDING_PAGE_MANIFEST_0.1,LTMD-CN5-G2008-VP126,LTMD-CN5-G2008,H2008P5CI277,2008,5,126,163,126,https://historico.conaliteg.gob.mx/c/H2008P5CI277/126.jpg,0,0.773006,Q4,source_jpeg,1,200,image/jpeg,217449,7cf85c0583ed7c97224337f0cc0c7dfdf5901004e2cf7bd564eca82ba91a4c9c,1,
CN_PENDING_PAGE_MANIFEST_0.1,LTMD-CN5-G2008-VP127,LTMD-CN5-G2008,H2008P5CI277,2008,5,127,163,127,https://historico.conaliteg.gob.mx/c/H2008P5CI277/127.jpg,0,0.779141,Q4,source_jpeg,1,200,image/jpeg,231121,34d62079a7154ec206a54a4bbc026500f20d91790d8159c1ad47ecdb3560767c,1,
CN_PENDING_PAGE_MANIFEST_0.1,LTMD-CN5-G2008-VP128,LTMD-CN5-G2008,H2008P5CI277,2008,5,128,163,128,https://historico.conaliteg.gob.mx/c/H2008P5CI277/128.jpg,0,0.785276,Q4,source_jpeg,1,200,image/jpeg,185716,a189a459872f04af143143e976bc6ff9733ed198f4ebddb4058f5a325c235876,1,
CN_PENDING_PAGE_MANIFEST_0.1,LTMD-CN5-G2008-VP129,LTMD-CN5-G2008,H2008P5CI277,2008,5,129,163,129,https://historico.conaliteg.gob.mx/c/H2008P5CI277/129.jpg,0,0.791411,Q4,source_jpeg,1,200,image/jpeg,153524,a72c0aec6b340c0fe6d86f3d82fa7e30b2349f31668eba00317110e1d888f045,1,
CN_PENDING_PAGE_MANIFEST_0.1,LTMD-CN5-G2008-VP130,LTMD-CN5-G2008,H2008P5CI277,2008,5,130,163,130,https://historico.conaliteg.gob.mx/c/H2008P5CI277/130.jpg,0,0.797546,Q4,source_jpeg,1,200,image/jpeg,302391,534998e165394a3c7eb0f4b0d7c7403d3dfe1162c589430abaad5fb3961a0220,1,
CN_PENDING_PAGE_MANIFEST_0.1,LTMD-CN5-G2008-VP131,LTMD-CN5-G2008,H2008P5CI277,2008,5,131,163,131,https://historico.conaliteg.gob.mx/c/H2008P5CI277/131.jpg,0,0.803681,Q4,source_jpeg,1,200,image/jpeg,138443,55b7e9ead4457c798704c4a3f13b9979eafdad6a871bdad8d4a5b8ab3a51cf4a,1,
CN_PENDING_PAGE_MANIFEST_0.1,LTMD-CN5-G2008-VP132,LTMD-CN5-G2008,H2008P5CI277,2008,5,132,163,132,https://historico.conaliteg.gob.mx/c/H2008P5CI277/132.jpg,0,0.809816,Q4,source_jpeg,1,200,image/jpeg,135233,9e2b37d48a864e40e63bf763e450fc2078ae9a00792917d2122b41358924fd0b,1,
CN_PENDING_PAGE_MANIFEST_0.1,LTMD-CN5-G2008-VP133,LTMD-CN5-G2008,H2008P5CI277,2008,5,133,163,133,https://historico.conaliteg.gob.mx/c/H2008P5CI277/133.jpg,0,0.815951,Q4,source_jpeg,1,200,image/jpeg,265331,8d9a88178b050fa6fde41ff4b1c1f1b017943526c370d01d704b59f37d9995a5,1,
CN_PENDING_PAGE_MANIFEST_0.1,LTMD-CN5-G2008-VP134,LTMD-CN5-G2008,H2008P5CI277,2008,5,134,163,134,https://historico.conaliteg.gob.mx/c/H2008P5CI277/134.jpg,0,0.822086,Q4,source_jpeg,1,200,image/jpeg,251355,d8f8883fd27a53bd204be8c20cd462e199f3114e29bf49a6e1c62372f7ef71f1,1,
CN_PENDING_PAGE_MANIFEST_0.1,LTMD-CN5-G2008-VP135,LTMD-CN5-G2008,H2008P5CI277,2008,5,135,163,135,https://historico.conaliteg.gob.mx/c/H2008P5CI277/135.jpg,0,0.828221,Q4,source_jpeg,1,200,image/jpeg,275526,cc639a954f296dde5b6ab5bf97d950995da7670e20c5253632ee6f7e295107ba,1,
CN_PENDING_PAGE_MANIFEST_0.1,LTMD-CN5-G2008-VP136,LTMD-CN5-G2008,H2008P5CI277,2008,5,136,163,136,https://historico.conaliteg.gob.mx/c/H2008P5CI277/136.jpg,0,0.834356,Q4,source_jpeg,1,200,image/jpeg,232047,5c41b0c05d3c27f2b4fafcf0817af720640e7daaa22f5d4c708a2cd42fe03cac,1,
CN_PENDING_PAGE_MANIFEST_0.1,LTMD-CN5-G2008-VP137,LTMD-CN5-G2008,H2008P5CI277,2008,5,137,163,137,https://historico.conaliteg.gob.mx/c/H2008P5CI277/137.jpg,0,0.840491,Q4,source_jpeg,1,200,image/jpeg,204847,775c8ad6373bb876b86dfd8fbe9e9e6529ca54b31314cc02f006a906a5f328df,1,
CN_PENDING_PAGE_MANIFEST_0.1,LTMD-CN5-G2008-VP138,LTMD-CN5-G2008,H2008P5CI277,2008,5,138,163,138,https://historico.conaliteg.gob.mx/c/H2008P5CI277/138.jpg,0,0.846626,Q4,source_jpeg,1,200,image/jpeg,300636,0c7d6b2d4e88f33d64b042128d01c1cced1f6a405f0b7febf4429379547fe34f,1,
CN_PENDING_PAGE_MANIFEST_0.1,LTMD-CN5-G2008-VP139,LTMD-CN5-G2008,H2008P5CI277,2008,5,139,163,139,https://historico.conaliteg.gob.mx/c/H2008P5CI277/139.jpg,0,0.852761,Q4,source_jpeg,1,200,image/jpeg,225349,42ded092c0ab448acd4b9f427be19bb426b8ea1f597b01250ef441b956b644fa,1,
CN_PENDING_PAGE_MANIFEST_0.1,LTMD-CN5-G2008-VP140,LTMD-CN5-G2008,H2008P5CI277,2008,5,140,163,140,https://historico.conaliteg.gob.mx/c/H2008P5CI277/140.jpg,0,0.858896,Q4,source_jpeg,1,200,image/jpeg,214099,452633f0336d0f0bf3c6032cd3d962ba4cf8f3bc6133c2d640c5cfc2f80ae48d,1,
CN_PENDING_PAGE_MANIFEST_0.1,LTMD-CN5-G2008-VP141,LTMD-CN5-G2008,H2008P5CI277,2008,5,141,163,141,https://historico.conaliteg.gob.mx/c/H2008P5CI277/141.jpg,0,0.865031,Q4,source_jpeg,1,200,image/jpeg,212402,ea91d6a254095d8db80cf602cb024b0944fc66511499ff38d2b51a853964bd48,1,
CN_PENDING_PAGE_MANIFEST_0.1,LTMD-CN5-G2008-VP142,LTMD-CN5-G2008,H2008P5CI277,2008,5,142,163,142,https://historico.conaliteg.gob.mx/c/H2008P5CI277/142.jpg,0,0.871166,Q4,source_jpeg,1,200,image/jpeg,293361,ae66fbca353946a2b614e8d036df6c22b8b548d62a3d79215de3aea09f44930c,1,
CN_PENDING_PAGE_MANIFEST_0.1,LTMD-CN5-G2008-VP143,LTMD-CN5-G2008,H2008P5CI277,2008,5,143,163,143,https://historico.conaliteg.gob.mx/c/H2008P5CI277/143.jpg,0,0.877301,Q4,source_jpeg,1,200,image/jpeg,360036,51ab8725195bd008d240d8a14b5f4616ae066c2be4ff2bcccf1d55e73257397a,1,
CN_PENDING_PAGE_MANIFEST_0.1,LTMD-CN5-G2008-VP144,LTMD-CN5-G2008,H2008P5CI277,2008,5,144,163,144,https://historico.conaliteg.gob.mx/c/H2008P5CI277/144.jpg,0,0.883436,Q4,source_jpeg,1,200,image/jpeg,246459,5a6d27f97a77955528c4527b0d0f137164c800356ef308defe8b6814fe21dd8a,1,
CN_PENDING_PAGE_MANIFEST_0.1,LTMD-CN5-G2008-VP145,LTMD-CN5-G2008,H2008P5CI277,2008,5,145,163,145,https://historico.conaliteg.gob.mx/c/H2008P5CI277/145.jpg,0,0.889571,Q4,source_jpeg,1,200,image/jpeg,263287,a644ea5e3bb15136736130ebfc482cc366e84376c48dbc16d030bbd31aefdc0d,1,
CN_PENDING_PAGE_MANIFEST_0.1,LTMD-CN5-G2008-VP146,LTMD-CN5-G2008,H2008P5CI277,2008,5,146,163,146,https://historico.conaliteg.gob.mx/c/H2008P5CI277/146.jpg,0,0.895706,Q4,source_jpeg,1,200,image/jpeg,281967,c27b339bf1bebeafafbb2453c855417a1d55d4e3457bf5e43a46e204b0c34757,1,
CN_PENDING_PAGE_MANIFEST_0.1,LTMD-CN5-G2008-VP147,LTMD-CN5-G2008,H2008P5CI277,2008,5,147,163,147,https://historico.conaliteg.gob.mx/c/H2008P5CI277/147.jpg,0,0.901840,Q4,source_jpeg,1,200,image/jpeg,366739,e276f9d5f3084ad5b711d016349f1aed9508a7aa0bbae20b1dbab4ab147368e7,1,
CN_PENDING_PAGE_MANIFEST_0.1,LTMD-CN5-G2008-VP148,LTMD-CN5-G2008,H2008P5CI277,2008,5,148,163,148,https://historico.conaliteg.gob.mx/c/H2008P5CI277/148.jpg,0,0.907975,Q4,source_jpeg,1,200,image/jpeg,230024,9a1b219d40603cb08db30aa73155854fe7b4c9b788e1c99ae63a06d5a72dfcb3,1,
CN_PENDING_PAGE_MANIFEST_0.1,LTMD-CN5-G2008-VP149,LTMD-CN5-G2008,H2008P5CI277,2008,5,149,163,149,https://historico.conaliteg.gob.mx/c/H2008P5CI277/149.jpg,0,0.914110,Q4,source_jpeg,1,200,image/jpeg,210201,ac8e51b325a45ee5e607a64f47270c53fecc7e93841172b3c5a402ecee040219,1,
CN_PENDING_PAGE_MANIFEST_0.1,LTMD-CN5-G2008-VP150,LTMD-CN5-G2008,H2008P5CI277,2008,5,150,163,150,https://historico.conaliteg.gob.mx/c/H2008P5CI277/150.jpg,0,0.920245,Q4,source_jpeg,1,200,image/jpeg,213768,87e8a1e88c24e470c77ebc097c8c537530b8426eb14cb203f60095bc0bbe0a6c,1,
CN_PENDING_PAGE_MANIFEST_0.1,LTMD-CN5-G2008-VP151,LTMD-CN5-G2008,H2008P5CI277,2008,5,151,163,151,https://historico.conaliteg.gob.mx/c/H2008P5CI277/151.jpg,0,0.926380,Q4,source_jpeg,1,200,image/jpeg,193023,625fe3ed3548093b6a08aa8634216fbb9eb1042a949d3b05037dffa85edb4d8d,1,
CN_PENDING_PAGE_MANIFEST_0.1,LTMD-CN5-G2008-VP152,LTMD-CN5-G2008,H2008P5CI277,2008,5,152,163,152,https://historico.conaliteg.gob.mx/c/H2008P5CI277/152.jpg,0,0.932515,Q4,source_jpeg,1,200,image/jpeg,199515,36f711d3128111f6b0cde7d6bf453dc5ca16d6a19ff306dfe93e7203ccb2f96f,1,
CN_PENDING_PAGE_MANIFEST_0.1,LTMD-CN5-G2008-VP153,LTMD-CN5-G2008,H2008P5CI277,2008,5,153,163,153,https://historico.conaliteg.gob.mx/c/H2008P5CI277/153.jpg,0,0.938650,Q4,source_jpeg,1,200,image/jpeg,162993,5549faab674ea6fa2616936287924006ab4766e2adbc8988a72de742fd2edd7b,1,
CN_PENDING_PAGE_MANIFEST_0.1,LTMD-CN5-G2008-VP154,LTMD-CN5-G2008,H2008P5CI277,2008,5,154,163,154,https://historico.conaliteg.gob.mx/c/H2008P5CI277/154.jpg,0,0.944785,Q4,source_jpeg,1,200,image/jpeg,166781,695e190bd48edf9c3706ab65a7ff5d25e27c7456a18e61bfb691cd842ebfd6ef,1,
CN_PENDING_PAGE_MANIFEST_0.1,LTMD-CN5-G2008-VP155,LTMD-CN5-G2008,H2008P5CI277,2008,5,155,163,155,https://historico.conaliteg.gob.mx/c/H2008P5CI277/155.jpg,0,0.950920,Q4,source_jpeg,1,200,image/jpeg,172851,999ec3b50383108bb98eb1bbfeb70e474a8d749176e86ceb208517e086f4965f,1,
CN_PENDING_PAGE_MANIFEST_0.1,LTMD-CN5-G2008-VP156,LTMD-CN5-G2008,H2008P5CI277,2008,5,156,163,156,https://historico.conaliteg.gob.mx/c/H2008P5CI277/156.jpg,0,0.957055,Q4,source_jpeg,1,200,image/jpeg,333039,66bd729810119553006caaa4f86d9bc3e4e9f6a6ce68a16d2b5ba4c0c7b7bcca,1,
CN_PENDING_PAGE_MANIFEST_0.1,LTMD-CN5-G2008-VP157,LTMD-CN5-G2008,H2008P5CI277,2008,5,157,163,157,https://historico.conaliteg.gob.mx/c/H2008P5CI277/157.jpg,0,0.963190,Q4,source_jpeg,1,200,image/jpeg,330687,8aeb0fb0edd39b51089e67d113d7eeecc71985c0eef7f7fa260fe7c2fa900768,1,
CN_PENDING_PAGE_MANIFEST_0.1,LTMD-CN5-G2008-VP158,LTMD-CN5-G2008,H2008P5CI277,2008,5,158,163,158,https://historico.conaliteg.gob.mx/c/H2008P5CI277/158.jpg,0,0.969325,Q4,source_jpeg,1,200,image/jpeg,127476,904ac1a711c03bd5239fb1ec7ba2d56ee1586b2ed792bf4f3d3d8f2f24db169d,1,
CN_PENDING_PAGE_MANIFEST_0.1,LTMD-CN5-G2008-VP159,LTMD-CN5-G2008,H2008P5CI277,2008,5,159,163,159,https://historico.conaliteg.gob.mx/c/H2008P5CI277/159.jpg,0,0.975460,Q4,source_jpeg,1,200,image/jpeg,193507,96f87554485e75e14118b2e6dca0a401f98b6d4c09df827ada7b265792c94431,1,
CN_PENDING_PAGE_MANIFEST_0.1,LTMD-CN5-G2008-VP160,LTMD-CN5-G2008,H2008P5CI277,2008,5,160,163,160,https://historico.conaliteg.gob.mx/c/H2008P5CI277/160.jpg,0,0.981595,Q4,source_jpeg,1,200,image/jpeg,137983,4da9e57750add81bdde354d9b67f73c8c873f9dc5da202f1d5f82550a12ce938,1,
CN_PENDING_PAGE_MANIFEST_0.1,LTMD-CN5-G2008-VP161,LTMD-CN5-G2008,H2008P5CI277,2008,5,161,163,161,https://historico.conaliteg.gob.mx/c/H2008P5CI277/161.jpg,0,0.987730,Q4,source_jpeg,1,200,image/jpeg,185594,6c5222165a6de90815674214397c7f52659642745b9fe7ace60eecc56290d815,1,
CN_PENDING_PAGE_MANIFEST_0.1,LTMD-CN5-G2008-VP162,LTMD-CN5-G2008,H2008P5CI277,2008,5,162,163,162,https://historico.conaliteg.gob.mx/c/H2008P5CI277/162.jpg,0,0.993865,Q4,source_jpeg,1,200,image/jpeg,165079,5b0103e51325a2e9c9766332764de29fb10d6a9faa68b83d6fa8120d83c01804,1,
CN_PENDING_PAGE_MANIFEST_0.1,LTMD-CN5-G2011-VP001,LTMD-CN5-G2011,H2011P5CI325,2011,5,1,162,0,https://historico.conaliteg.gob.mx/c/H2011P5CI325/000.jpg,0,0.006173,Q1,source_jpeg,1,200,image/jpeg,135157,f77611b51ee3cf1b7fbbfd22ddc69476c5d1a0a997846bd874a42f914c73d818,1,
CN_PENDING_PAGE_MANIFEST_0.1,LTMD-CN5-G2011-VP002,LTMD-CN5-G2011,H2011P5CI325,2011,5,2,162,2,https://historico.conaliteg.gob.mx/c/H2011P5CI325/002.jpg,0,0.012346,Q1,source_jpeg,1,200,image/jpeg,244435,1570a39ba53a7bcb5c01310dc7e52d0d3a3d78da4b11ed577835a30d497b3cb0,1,
CN_PENDING_PAGE_MANIFEST_0.1,LTMD-CN5-G2011-VP003,LTMD-CN5-G2011,H2011P5CI325,2011,5,3,162,3,https://historico.conaliteg.gob.mx/c/H2011P5CI325/003.jpg,0,0.018519,Q1,source_jpeg,1,200,image/jpeg,238949,22bc8a32d4e845e51020c7babd9043a7aa5831e9b0d6f81fcbca6b19536a33d1,1,
CN_PENDING_PAGE_MANIFEST_0.1,LTMD-CN5-G2011-VP004,LTMD-CN5-G2011,H2011P5CI325,2011,5,4,162,4,https://historico.conaliteg.gob.mx/c/H2011P5CI325/004.jpg,0,0.024691,Q1,source_jpeg,1,200,image/jpeg,228639,506a364dce2f81dc14edf06b98f1953ee0c49498d9d502bb627e031bd1414859,1,
CN_PENDING_PAGE_MANIFEST_0.1,LTMD-CN5-G2011-VP005,LTMD-CN5-G2011,H2011P5CI325,2011,5,5,162,5,https://historico.conaliteg.gob.mx/c/H2011P5CI325/005.jpg,0,0.030864,Q1,source_jpeg,1,200,image/jpeg,289452,5cee5524a97b3460736b1a8f1c95c45c951710b6b56bdac7de673e6faab250ad,1,
CN_PENDING_PAGE_MANIFEST_0.1,LTMD-CN5-G2011-VP006,LTMD-CN5-G2011,H2011P5CI325,2011,5,6,162,6,https://historico.conaliteg.gob.mx/c/H2011P5CI325/006.jpg,0,0.037037,Q1,source_jpeg,1,200,image/jpeg,162387,aaeb022000b3c3f952b278ed8faa719ff6a4540b4643af46417848ad7ae6e8a5,1,
CN_PENDING_PAGE_MANIFEST_0.1,LTMD-CN5-G2011-VP007,LTMD-CN5-G2011,H2011P5CI325,2011,5,7,162,7,https://historico.conaliteg.gob.mx/c/H2011P5CI325/007.jpg,0,0.043210,Q1,source_jpeg,1,200,image/jpeg,146209,7b04686a7b655a4c88e51ace52667532311b9b366fba83b096ea95c55d0a3ead,1,
CN_PENDING_PAGE_MANIFEST_0.1,LTMD-CN5-G2011-VP008,LTMD-CN5-G2011,H2011P5CI325,2011,5,8,162,8,https://historico.conaliteg.gob.mx/c/H2011P5CI325/008.jpg,0,0.049383,Q1,source_jpeg,1,200,image/jpeg,328013,687bbd26fc1c047129c2357dc39917fd2c5d35c41d72b303a1dcbd2b02033b90,1,
CN_PENDING_PAGE_MANIFEST_0.1,LTMD-CN5-G2011-VP009,LTMD-CN5-G2011,H2011P5CI325,2011,5,9,162,9,https://historico.conaliteg.gob.mx/c/H2011P5CI325/009.jpg,0,0.055556,Q1,source_jpeg,1,200,image/jpeg,79302,1b81c0afb2adc7fdf09050fd57a785e734f1124c558fb1046c00b417a1d2ddee,1,
CN_PENDING_PAGE_MANIFEST_0.1,LTMD-CN5-G2011-VP010,LTMD-CN5-G2011,H2011P5CI325,2011,5,10,162,10,https://historico.conaliteg.gob.mx/c/H2011P5CI325/010.jpg,0,0.061728,Q1,source_jpeg,1,200,image/jpeg,459504,33c1f93dd67b5352bb445946e2be5bedd4ff4ac8921d9bfb7417cc53d394fa2a,1,
CN_PENDING_PAGE_MANIFEST_0.1,LTMD-CN5-G2011-VP011,LTMD-CN5-G2011,H2011P5CI325,2011,5,11,162,11,https://historico.conaliteg.gob.mx/c/H2011P5CI325/011.jpg,0,0.067901,Q1,source_jpeg,1,200,image/jpeg,238519,8198ed6f536b63ccdfda7a2197db5949306346184bf5f42018a9632c474369ed,1,
CN_PENDING_PAGE_MANIFEST_0.1,LTMD-CN5-G2011-VP012,LTMD-CN5-G2011,H2011P5CI325,2011,5,12,162,12,https://historico.conaliteg.gob.mx/c/H2011P5CI325/012.jpg,0,0.074074,Q1,source_jpeg,1,200,image/jpeg,304111,7cdc4f8644e67f821969e26effc9e9ae6186d983a70036e15b5e5b7a48036113,1,
CN_PENDING_PAGE_MANIFEST_0.1,LTMD-CN5-G2011-VP013,LTMD-CN5-G2011,H2011P5CI325,2011,5,13,162,13,https://historico.conaliteg.gob.mx/c/H2011P5CI325/013.jpg,0,0.080247,Q1,source_jpeg,1,200,image/jpeg,273778,b23817f1734b8dcc000a53aafbc800de8fad71ba7fe0e951b347980bf223e730,1,
CN_PENDING_PAGE_MANIFEST_0.1,LTMD-CN5-G2011-VP014,LTMD-CN5-G2011,H2011P5CI325,2011,5,14,162,14,https://historico.conaliteg.gob.mx/c/H2011P5CI325/014.jpg,0,0.086420,Q1,source_jpeg,1,200,image/jpeg,196367,59a920080f6b40708605f2a01f8adb5561d640cad2f0ee82ca3796188ebf024e,1,
CN_PENDING_PAGE_MANIFEST_0.1,LTMD-CN5-G2011-VP015,LTMD-CN5-G2011,H2011P5CI325,2011,5,15,162,15,https://historico.conaliteg.gob.mx/c/H2011P5CI325/015.jpg,0,0.092593,Q1,source_jpeg,1,200,image/jpeg,282674,19452badb85fbba03c52b1107205353aac92e578f62e5a3ac3f82da64ed7fc87,1,
CN_PENDING_PAGE_MANIFEST_0.1,LTMD-CN5-G2011-VP016,LTMD-CN5-G2011,H2011P5CI325,2011,5,16,162,16,https://historico.conaliteg.gob.mx/c/H2011P5CI325/016.jpg,0,0.098765,Q1,source_jpeg,1,200,image/jpeg,359060,de4cf2d40ca5f28cf9bdc50d0b2278252c95931b09c44cb1cfb5513329add4c6,1,
CN_PENDING_PAGE_MANIFEST_0.1,LTMD-CN5-G2011-VP017,LTMD-CN5-G2011,H2011P5CI325,2011,5,17,162,17,https://historico.conaliteg.gob.mx/c/H2011P5CI325/017.jpg,0,0.104938,Q1,source_jpeg,1,200,image/jpeg,378366,4751ad63e48aeb37b86b4e2ac6f1bb6408a1373c83f95c64c52c0b6ec9cf557e,1,
CN_PENDING_PAGE_MANIFEST_0.1,LTMD-CN5-G2011-VP018,LTMD-CN5-G2011,H2011P5CI325,2011,5,18,162,18,https://historico.conaliteg.gob.mx/c/H2011P5CI325/018.jpg,0,0.111111,Q1,source_jpeg,1,200,image/jpeg,317440,9620742e9ca507c1175afc6f6d853beda0db0ea963ee0900c86e7a856f79589e,1,
CN_PENDING_PAGE_MANIFEST_0.1,LTMD-CN5-G2011-VP019,LTMD-CN5-G2011,H2011P5CI325,2011,5,19,162,19,https://historico.conaliteg.gob.mx/c/H2011P5CI325/019.jpg,0,0.117284,Q1,source_jpeg,1,200,image/jpeg,306589,e42d5e1cf744ff0a0f439ad0637a855ffc6b79fe1dcd15e13440dd5c40b8a7df,1,
CN_PENDING_PAGE_MANIFEST_0.1,LTMD-CN5-G2011-VP020,LTMD-CN5-G2011,H2011P5CI325,2011,5,20,162,20,https://historico.conaliteg.gob.mx/c/H2011P5CI325/020.jpg,0,0.123457,Q1,source_jpeg,1,200,image/jpeg,273236,307702d8e84ff59ae312063456c6e7137fcbd3dead00359ec93bea79f246fe4b,1,
CN_PENDING_PAGE_MANIFEST_0.1,LTMD-CN5-G2011-VP021,LTMD-CN5-G2011,H2011P5CI325,2011,5,21,162,21,https://historico.conaliteg.gob.mx/c/H2011P5CI325/021.jpg,0,0.129630,Q1,source_jpeg,1,200,image/jpeg,321010,a30a4bec42f45173800c52274d6ded26d25cf2355478be2a60adc0e2f67e4db5,1,
CN_PENDING_PAGE_MANIFEST_0.1,LTMD-CN5-G2011-VP022,LTMD-CN5-G2011,H2011P5CI325,2011,5,22,162,22,https://historico.conaliteg.gob.mx/c/H2011P5CI325/022.jpg,0,0.135802,Q1,source_jpeg,1,200,image/jpeg,372614,98294093daaa0432465ff5e95d4700fa4860df614a0208ec6ad31afd0c965149,1,
CN_PENDING_PAGE_MANIFEST_0.1,LTMD-CN5-G2011-VP023,LTMD-CN5-G2011,H2011P5CI325,2011,5,23,162,23,https://historico.conaliteg.gob.mx/c/H2011P5CI325/023.jpg,0,0.141975,Q1,source_jpeg,1,200,image/jpeg,330180,504a6ce13eec85a20d06de3770a056bba489c96c55799fdf6565967c76377264,1,
CN_PENDING_PAGE_MANIFEST_0.1,LTMD-CN5-G2011-VP024,LTMD-CN5-G2011,H2011P5CI325,2011,5,24,162,24,https://historico.conaliteg.gob.mx/c/H2011P5CI325/024.jpg,0,0.148148,Q1,source_jpeg,1,200,image/jpeg,318648,f0bc49504511cb3ee5ad6d2b76d2b6522c69a0a603d66d77b512808cbb3073f9,1,
CN_PENDING_PAGE_MANIFEST_0.1,LTMD-CN5-G2011-VP025,LTMD-CN5-G2011,H2011P5CI325,2011,5,25,162,25,https://historico.conaliteg.gob.mx/c/H2011P5CI325/025.jpg,0,0.154321,Q1,source_jpeg,1,200,image/jpeg,243244,bbd0a00206f91477dc33d41e50ce4c5ae155b123e4e18e6248b75ade7ff68882,1,
CN_PENDING_PAGE_MANIFEST_0.1,LTMD-CN5-G2011-VP026,LTMD-CN5-G2011,H2011P5CI325,2011,5,26,162,26,https://historico.conaliteg.gob.mx/c/H2011P5CI325/026.jpg,0,0.160494,Q1,source_jpeg,1,200,image/jpeg,149349,bbbcc77177d22a52043a3b41745a6ca7fa80f2fbafef98dea96f6c9ef252a783,1,
CN_PENDING_PAGE_MANIFEST_0.1,LTMD-CN5-G2011-VP027,LTMD-CN5-G2011,H2011P5CI325,2011,5,27,162,27,https://historico.conaliteg.gob.mx/c/H2011P5CI325/027.jpg,0,0.166667,Q1,source_jpeg,1,200,image/jpeg,216355,87af2b3a2f6d5087e6ab70903ce6ff190fe3acfa8047ea6c8f07173f3b74ca9e,1,
CN_PENDING_PAGE_MANIFEST_0.1,LTMD-CN5-G2011-VP028,LTMD-CN5-G2011,H2011P5CI325,2011,5,28,162,28,https://historico.conaliteg.gob.mx/c/H2011P5CI325/028.jpg,0,0.172840,Q1,source_jpeg,1,200,image/jpeg,340952,f176f2fbcff1e37fd6701c936bd227adeab7f30d9524a7c2077b2a5736b8739d,1,
CN_PENDING_PAGE_MANIFEST_0.1,LTMD-CN5-G2011-VP029,LTMD-CN5-G2011,H2011P5CI325,2011,5,29,162,29,https://historico.conaliteg.gob.mx/c/H2011P5CI325/029.jpg,0,0.179012,Q1,source_jpeg,1,200,image/jpeg,248857,123d0c3c31bfb3c08361a263a7fc7c38d2fa507ef38e9d65b8626439b34b9c11,1,
CN_PENDING_PAGE_MANIFEST_0.1,LTMD-CN5-G2011-VP030,LTMD-CN5-G2011,H2011P5CI325,2011,5,30,162,30,https://historico.conaliteg.gob.mx/c/H2011P5CI325/030.jpg,0,0.185185,Q1,source_jpeg,1,200,image/jpeg,247626,03261edc93adff8a41c17a952fea7e040aece42e519ba1539978bf89e6a151e9,1,
CN_PENDING_PAGE_MANIFEST_0.1,LTMD-CN5-G2011-VP031,LTMD-CN5-G2011,H2011P5CI325,2011,5,31,162,31,https://historico.conaliteg.gob.mx/c/H2011P5CI325/031.jpg,0,0.191358,Q1,source_jpeg,1,200,image/jpeg,262759,d99623837d5a71d402c5c44c7b7110ecbf1011f82b9f9240f1725a18306114ee,1,
CN_PENDING_PAGE_MANIFEST_0.1,LTMD-CN5-G2011-VP032,LTMD-CN5-G2011,H2011P5CI325,2011,5,32,162,32,https://historico.conaliteg.gob.mx/c/H2011P5CI325/032.jpg,0,0.197531,Q1,source_jpeg,1,200,image/jpeg,276745,2b430b1000350e5949845b35094500473bef1f4ff1c7b2a7bb70218330ba23a2,1,
CN_PENDING_PAGE_MANIFEST_0.1,LTMD-CN5-G2011-VP033,LTMD-CN5-G2011,H2011P5CI325,2011,5,33,162,33,https://historico.conaliteg.gob.mx/c/H2011P5CI325/033.jpg,0,0.203704,Q1,source_jpeg,1,200,image/jpeg,447330,3e554eab975bcc7c762fb39aed078fe49b9190a685afc7a828fca18a2c37e1f8,1,
CN_PENDING_PAGE_MANIFEST_0.1,LTMD-CN5-G2011-VP034,LTMD-CN5-G2011,H2011P5CI325,2011,5,34,162,34,https://historico.conaliteg.gob.mx/c/H2011P5CI325/034.jpg,0,0.209877,Q1,source_jpeg,1,200,image/jpeg,359732,5dd29afac8023312cf0a9a4b87d80443fb097f963cbca1bd95223dad5c36ee59,1,
CN_PENDING_PAGE_MANIFEST_0.1,LTMD-CN5-G2011-VP035,LTMD-CN5-G2011,H2011P5CI325,2011,5,35,162,35,https://historico.conaliteg.gob.mx/c/H2011P5CI325/035.jpg,0,0.216049,Q1,source_jpeg,1,200,image/jpeg,263551,84ce06f54b5d822bb4b90a39a2395f8ed7a9a9ad96cb40d04e734cc2441e861f,1,
CN_PENDING_PAGE_MANIFEST_0.1,LTMD-CN5-G2011-VP036,LTMD-CN5-G2011,H2011P5CI325,2011,5,36,162,36,https://historico.conaliteg.gob.mx/c/H2011P5CI325/036.jpg,0,0.222222,Q1,source_jpeg,1,200,image/jpeg,177789,14bf1fb0ef96fc8a003a6dcda404a591a743ff225dd37b08bb8f15e71fd87ba0,1,
CN_PENDING_PAGE_MANIFEST_0.1,LTMD-CN5-G2011-VP037,LTMD-CN5-G2011,H2011P5CI325,2011,5,37,162,37,https://historico.conaliteg.gob.mx/c/H2011P5CI325/037.jpg,0,0.228395,Q1,source_jpeg,1,200,image/jpeg,229859,21e834fb9c3ed29928defcddb8d7f119edf5057b6c4b9221988cb7332ff293cb,1,
CN_PENDING_PAGE_MANIFEST_0.1,LTMD-CN5-G2011-VP038,LTMD-CN5-G2011,H2011P5CI325,2011,5,38,162,38,https://historico.conaliteg.gob.mx/c/H2011P5CI325/038.jpg,0,0.234568,Q1,source_jpeg,1,200,image/jpeg,274556,b894fefd687a0ef18ec741a9d892b8bb500350522eb16f4b687061f2e397b09f,1,
CN_PENDING_PAGE_MANIFEST_0.1,LTMD-CN5-G2011-VP039,LTMD-CN5-G2011,H2011P5CI325,2011,5,39,162,39,https://historico.conaliteg.gob.mx/c/H2011P5CI325/039.jpg,0,0.240741,Q1,source_jpeg,1,200,image/jpeg,258743,f06a93db68b4892a2781e1660b272ec680a9b6851cecbd91905a3dd6a00a48c2,1,
CN_PENDING_PAGE_MANIFEST_0.1,LTMD-CN5-G2011-VP040,LTMD-CN5-G2011,H2011P5CI325,2011,5,40,162,40,https://historico.conaliteg.gob.mx/c/H2011P5CI325/040.jpg,0,0.246914,Q1,source_jpeg,1,200,image/jpeg,281489,3059532bec26b4e4f32ad713f31ab2953d5a2fe1f4f60d3024094af2c71e3751,1,
CN_PENDING_PAGE_MANIFEST_0.1,LTMD-CN5-G2011-VP041,LTMD-CN5-G2011,H2011P5CI325,2011,5,41,162,41,https://historico.conaliteg.gob.mx/c/H2011P5CI325/041.jpg,0,0.253086,Q2,source_jpeg,1,200,image/jpeg,303140,978c0ac6729f7b3391c92fdf9fc8a0e0fa1a34bc5af0211b85736d8e5bf7eebc,1,
CN_PENDING_PAGE_MANIFEST_0.1,LTMD-CN5-G2011-VP042,LTMD-CN5-G2011,H2011P5CI325,2011,5,42,162,42,https://historico.conaliteg.gob.mx/c/H2011P5CI325/042.jpg,0,0.259259,Q2,source_jpeg,1,200,image/jpeg,256858,ff0fa30fa81d17cf03ab7ce2f0b317225be08c0edd8bb6a77aa5b2a879b0a28c,1,
CN_PENDING_PAGE_MANIFEST_0.1,LTMD-CN5-G2011-VP043,LTMD-CN5-G2011,H2011P5CI325,2011,5,43,162,43,https://historico.conaliteg.gob.mx/c/H2011P5CI325/043.jpg,0,0.265432,Q2,source_jpeg,1,200,image/jpeg,271330,4c73b3669505bd1bdd06029d4654a99cbcf58cb416fda4e511fcbf2a0d013350,1,
CN_PENDING_PAGE_MANIFEST_0.1,LTMD-CN5-G2011-VP044,LTMD-CN5-G2011,H2011P5CI325,2011,5,44,162,44,https://historico.conaliteg.gob.mx/c/H2011P5CI325/044.jpg,0,0.271605,Q2,source_jpeg,1,200,image/jpeg,199455,1ec35acb52e2956cd6cad482dfdb083b18b74f925d3405ff5869bb58555ad8ba,1,
CN_PENDING_PAGE_MANIFEST_0.1,LTMD-CN5-G2011-VP045,LTMD-CN5-G2011,H2011P5CI325,2011,5,45,162,45,https://historico.conaliteg.gob.mx/c/H2011P5CI325/045.jpg,0,0.277778,Q2,source_jpeg,1,200,image/jpeg,225844,682ac9af8dc6c3c107c8fcf6a3d6825b4a08500be5f0b68c5020dc88ad37964b,1,
CN_PENDING_PAGE_MANIFEST_0.1,LTMD-CN5-G2011-VP046,LTMD-CN5-G2011,H2011P5CI325,2011,5,46,162,46,https://historico.conaliteg.gob.mx/c/H2011P5CI325/046.jpg,0,0.283951,Q2,source_jpeg,1,200,image/jpeg,143108,42cc4aabac7ed2a3a32755f733d04bde9fb6601f94aba2e1dfdadf18abf2ae96,1,
CN_PENDING_PAGE_MANIFEST_0.1,LTMD-CN5-G2011-VP047,LTMD-CN5-G2011,H2011P5CI325,2011,5,47,162,47,https://historico.conaliteg.gob.mx/c/H2011P5CI325/047.jpg,0,0.290123,Q2,source_jpeg,1,200,image/jpeg,132411,241f4f9c60c5e36e5a43f2fe819a1cd3373d45906470b0c8793dec1be845ae87,1,
CN_PENDING_PAGE_MANIFEST_0.1,LTMD-CN5-G2011-VP048,LTMD-CN5-G2011,H2011P5CI325,2011,5,48,162,48,https://historico.conaliteg.gob.mx/c/H2011P5CI325/048.jpg,0,0.296296,Q2,source_jpeg,1,200,image/jpeg,586509,36d0188e70d7a5303e2a36b3188491b5e8095466113dad9a3cc90b95b5bd286c,1,
CN_PENDING_PAGE_MANIFEST_0.1,LTMD-CN5-G2011-VP049,LTMD-CN5-G2011,H2011P5CI325,2011,5,49,162,49,https://historico.conaliteg.gob.mx/c/H2011P5CI325/049.jpg,0,0.302469,Q2,source_jpeg,1,200,image/jpeg,85845,cc6725a95f7f6b29279f05a856b0dca57cdcc1d9ea9a3ec7df8f9775bb443148,1,
CN_PENDING_PAGE_MANIFEST_0.1,LTMD-CN5-G2011-VP050,LTMD-CN5-G2011,H2011P5CI325,2011,5,50,162,50,https://historico.conaliteg.gob.mx/c/H2011P5CI325/050.jpg,0,0.308642,Q2,source_jpeg,1,200,image/jpeg,492176,94e7fe74bdd8b1dd75864e9b4d218992212cdd215863f6cb314a51aa0557f486,1,
CN_PENDING_PAGE_MANIFEST_0.1,LTMD-CN5-G2011-VP051,LTMD-CN5-G2011,H2011P5CI325,2011,5,51,162,51,https://historico.conaliteg.gob.mx/c/H2011P5CI325/051.jpg,0,0.314815,Q2,source_jpeg,1,200,image/jpeg,247040,0bd3b7c9459ee4a6d898cb33f38d431a7815c146fd2ae3b244ef844e98c0169e,1,
CN_PENDING_PAGE_MANIFEST_0.1,LTMD-CN5-G2011-VP052,LTMD-CN5-G2011,H2011P5CI325,2011,5,52,162,52,https://historico.conaliteg.gob.mx/c/H2011P5CI325/052.jpg,0,0.320988,Q2,source_jpeg,1,200,image/jpeg,369431,a91f4502b0f2a54ac2f0319c3b035f33e7a028a8639a44af570ae2cec2f4e000,1,
CN_PENDING_PAGE_MANIFEST_0.1,LTMD-CN5-G2011-VP053,LTMD-CN5-G2011,H2011P5CI325,2011,5,53,162,53,https://historico.conaliteg.gob.mx/c/H2011P5CI325/053.jpg,0,0.327160,Q2,source_jpeg,1,200,image/jpeg,400047,2669f6bec610cecfaf62ba9ef06536b8f2a7752b9dafd11eafb41d7c1abae83c,1,
CN_PENDING_PAGE_MANIFEST_0.1,LTMD-CN5-G2011-VP054,LTMD-CN5-G2011,H2011P5CI325,2011,5,54,162,54,https://historico.conaliteg.gob.mx/c/H2011P5CI325/054.jpg,0,0.333333,Q2,source_jpeg,1,200,image/jpeg,304908,e358e0858c5ff37bfe01e033abcb6e61adc8b24d18376419d2d9ca05dca460ec,1,
CN_PENDING_PAGE_MANIFEST_0.1,LTMD-CN5-G2011-VP055,LTMD-CN5-G2011,H2011P5CI325,2011,5,55,162,55,https://historico.conaliteg.gob.mx/c/H2011P5CI325/055.jpg,0,0.339506,Q2,source_jpeg,1,200,image/jpeg,252859,e54de2b8a68bb84c434cf84d92f5dc8188ac6656a45d750a33c93b84fd675fd6,1,
CN_PENDING_PAGE_MANIFEST_0.1,LTMD-CN5-G2011-VP056,LTMD-CN5-G2011,H2011P5CI325,2011,5,56,162,56,https://historico.conaliteg.gob.mx/c/H2011P5CI325/056.jpg,0,0.345679,Q2,source_jpeg,1,200,image/jpeg,524946,1dd46e3fa0c3e25e1754345c3b41b0afe211f3ed8d4122f170faa26437dfcfa6,1,
CN_PENDING_PAGE_MANIFEST_0.1,LTMD-CN5-G2011-VP057,LTMD-CN5-G2011,H2011P5CI325,2011,5,57,162,57,https://historico.conaliteg.gob.mx/c/H2011P5CI325/057.jpg,0,0.351852,Q2,source_jpeg,1,200,image/jpeg,227978,ef89ebae22c4a4ceec4149e5a3263482c5cbcf12120eb34171bf846e847f6b94,1,
CN_PENDING_PAGE_MANIFEST_0.1,LTMD-CN5-G2011-VP058,LTMD-CN5-G2011,H2011P5CI325,2011,5,58,162,58,https://historico.conaliteg.gob.mx/c/H2011P5CI325/058.jpg,0,0.358025,Q2,source_jpeg,1,200,image/jpeg,330610,d72c02a283ad3970167ee53ccbb0f8f9644ebca2cb4f86d50656cb7d7f498485,1,
CN_PENDING_PAGE_MANIFEST_0.1,LTMD-CN5-G2011-VP059,LTMD-CN5-G2011,H2011P5CI325,2011,5,59,162,59,https://historico.conaliteg.gob.mx/c/H2011P5CI325/059.jpg,0,0.364198,Q2,source_jpeg,1,200,image/jpeg,389870,7041f1c3b0bc2b27619811d4f75343dbf814897e7c7c19d5ea0a7df197dcf9e5,1,
CN_PENDING_PAGE_MANIFEST_0.1,LTMD-CN5-G2011-VP060,LTMD-CN5-G2011,H2011P5CI325,2011,5,60,162,60,https://historico.conaliteg.gob.mx/c/H2011P5CI325/060.jpg,0,0.370370,Q2,source_jpeg,1,200,image/jpeg,410161,3075bfc787205fe9a750605ee4382b29c0ebd235067f8e7e5ff1ad178b39efb2,1,
CN_PENDING_PAGE_MANIFEST_0.1,LTMD-CN5-G2011-VP061,LTMD-CN5-G2011,H2011P5CI325,2011,5,61,162,61,https://historico.conaliteg.gob.mx/c/H2011P5CI325/061.jpg,0,0.376543,Q2,source_jpeg,1,200,image/jpeg,439004,0352eb50c384338c56688d1df1398b7937035e713a62a1c47e95a9a20eb8a7bc,1,
CN_PENDING_PAGE_MANIFEST_0.1,LTMD-CN5-G2011-VP062,LTMD-CN5-G2011,H2011P5CI325,2011,5,62,162,62,https://historico.conaliteg.gob.mx/c/H2011P5CI325/062.jpg,0,0.382716,Q2,source_jpeg,1,200,image/jpeg,367073,453858b262cedb47b0a7f71bbe42f4de27423800b14dbc5b660b312801a31a9b,1,
CN_PENDING_PAGE_MANIFEST_0.1,LTMD-CN5-G2011-VP063,LTMD-CN5-G2011,H2011P5CI325,2011,5,63,162,63,https://historico.conaliteg.gob.mx/c/H2011P5CI325/063.jpg,0,0.388889,Q2,source_jpeg,1,200,image/jpeg,520877,0c2b8294be5c51c2221c9730785a8b537a90ad174858f94a2ef016967a40c208,1,
CN_PENDING_PAGE_MANIFEST_0.1,LTMD-CN5-G2011-VP064,LTMD-CN5-G2011,H2011P5CI325,2011,5,64,162,64,https://historico.conaliteg.gob.mx/c/H2011P5CI325/064.jpg,0,0.395062,Q2,source_jpeg,1,200,image/jpeg,275948,f4cb62405b09499a55bee4602a1ed17c651504d6949105955e12dcaffad4b2af,1,
CN_PENDING_PAGE_MANIFEST_0.1,LTMD-CN5-G2011-VP065,LTMD-CN5-G2011,H2011P5CI325,2011,5,65,162,65,https://historico.conaliteg.gob.mx/c/H2011P5CI325/065.jpg,0,0.401235,Q2,source_jpeg,1,200,image/jpeg,345145,30bcfae74f96e6c13af3b88191c94b7dd9806150bfb72710bc162e4c03f79cd2,1,
CN_PENDING_PAGE_MANIFEST_0.1,LTMD-CN5-G2011-VP066,LTMD-CN5-G2011,H2011P5CI325,2011,5,66,162,66,https://historico.conaliteg.gob.mx/c/H2011P5CI325/066.jpg,0,0.407407,Q2,source_jpeg,1,200,image/jpeg,349908,86311994772431b3257e5b5960b42a463d1fa1a9735e76a7d0ffb4a92243e238,1,
CN_PENDING_PAGE_MANIFEST_0.1,LTMD-CN5-G2011-VP067,LTMD-CN5-G2011,H2011P5CI325,2011,5,67,162,67,https://historico.conaliteg.gob.mx/c/H2011P5CI325/067.jpg,0,0.413580,Q2,source_jpeg,1,200,image/jpeg,246660,c8c591d628a2bd987c2b80acbd69681d9d80bda57ba5e1da08dd9bf4b8b41916,1,
CN_PENDING_PAGE_MANIFEST_0.1,LTMD-CN5-G2011-VP068,LTMD-CN5-G2011,H2011P5CI325,2011,5,68,162,68,https://historico.conaliteg.gob.mx/c/H2011P5CI325/068.jpg,0,0.419753,Q2,source_jpeg,1,200,image/jpeg,731169,1adaf89a659603f79809209ebb0ca731d77a3e3cf183cedc6c95d6d820630f3f,1,
CN_PENDING_PAGE_MANIFEST_0.1,LTMD-CN5-G2011-VP069,LTMD-CN5-G2011,H2011P5CI325,2011,5,69,162,69,https://historico.conaliteg.gob.mx/c/H2011P5CI325/069.jpg,0,0.425926,Q2,source_jpeg,1,200,image/jpeg,332355,17cd13b3f75c4ac704f0dfa910ad65129c305e9f23a7155b94c8b26a89ad2d7c,1,
CN_PENDING_PAGE_MANIFEST_0.1,LTMD-CN5-G2011-VP070,LTMD-CN5-G2011,H2011P5CI325,2011,5,70,162,70,https://historico.conaliteg.gob.mx/c/H2011P5CI325/070.jpg,0,0.432099,Q2,source_jpeg,1,200,image/jpeg,311963,3b02f4d3444ac9d239b2990501f6cd5718e7eee6078fe817b2000c2325d1d9dd,1,
CN_PENDING_PAGE_MANIFEST_0.1,LTMD-CN5-G2011-VP071,LTMD-CN5-G2011,H2011P5CI325,2011,5,71,162,71,https://historico.conaliteg.gob.mx/c/H2011P5CI325/071.jpg,0,0.438272,Q2,source_jpeg,1,200,image/jpeg,322828,be63f554edc0e5fbbc35c461b2bef0cc967fe667e5368af924e6aecb692aac7e,1,
CN_PENDING_PAGE_MANIFEST_0.1,LTMD-CN5-G2011-VP072,LTMD-CN5-G2011,H2011P5CI325,2011,5,72,162,72,https://historico.conaliteg.gob.mx/c/H2011P5CI325/072.jpg,0,0.444444,Q2,source_jpeg,1,200,image/jpeg,312100,d7378519172e1d710a140ebaee68cf1dfec0aa64fdda70fbedfeb4a8e0926588,1,
CN_PENDING_PAGE_MANIFEST_0.1,LTMD-CN5-G2011-VP073,LTMD-CN5-G2011,H2011P5CI325,2011,5,73,162,73,https://historico.conaliteg.gob.mx/c/H2011P5CI325/073.jpg,0,0.450617,Q2,source_jpeg,1,200,image/jpeg,252546,ebb3c4317c2d37dc34ba25248e7e319ba77f6523d9137f1502991d74ff9a953b,1,
CN_PENDING_PAGE_MANIFEST_0.1,LTMD-CN5-G2011-VP074,LTMD-CN5-G2011,H2011P5CI325,2011,5,74,162,74,https://historico.conaliteg.gob.mx/c/H2011P5CI325/074.jpg,0,0.456790,Q2,source_jpeg,1,200,image/jpeg,181586,2ede55c65e52f1e69e9e063ee0e746eefc7d5d9b2dbb625b2eb95b68260c6124,1,
CN_PENDING_PAGE_MANIFEST_0.1,LTMD-CN5-G2011-VP075,LTMD-CN5-G2011,H2011P5CI325,2011,5,75,162,75,https://historico.conaliteg.gob.mx/c/H2011P5CI325/075.jpg,0,0.462963,Q2,source_jpeg,1,200,image/jpeg,159290,166e0b8acdbe9901ccfb8cf4016a402356c4981fccf3632c8b30f9440f3a3b2e,1,
CN_PENDING_PAGE_MANIFEST_0.1,LTMD-CN5-G2011-VP076,LTMD-CN5-G2011,H2011P5CI325,2011,5,76,162,76,https://historico.conaliteg.gob.mx/c/H2011P5CI325/076.jpg,0,0.469136,Q2,source_jpeg,1,200,image/jpeg,118287,a6d08c711f6ab0b30833ee3df49ddef281ad701d36fcf699a35d42bb7058d94a,1,
CN_PENDING_PAGE_MANIFEST_0.1,LTMD-CN5-G2011-VP077,LTMD-CN5-G2011,H2011P5CI325,2011,5,77,162,77,https://historico.conaliteg.gob.mx/c/H2011P5CI325/077.jpg,0,0.475309,Q2,source_jpeg,1,200,image/jpeg,160555,3273359d3896cc6e592e4eb1985831c3f4b4b4b520edd737aa0b0222be11626e,1,
CN_PENDING_PAGE_MANIFEST_0.1,LTMD-CN5-G2011-VP078,LTMD-CN5-G2011,H2011P5CI325,2011,5,78,162,78,https://historico.conaliteg.gob.mx/c/H2011P5CI325/078.jpg,0,0.481481,Q2,source_jpeg,1,200,image/jpeg,502178,54af3176df2cd875d3923b91a1adffee21e7de6148c64fda479f8a71a4a0f56c,1,
CN_PENDING_PAGE_MANIFEST_0.1,LTMD-CN5-G2011-VP079,LTMD-CN5-G2011,H2011P5CI325,2011,5,79,162,79,https://historico.conaliteg.gob.mx/c/H2011P5CI325/079.jpg,0,0.487654,Q2,source_jpeg,1,200,image/jpeg,85840,84b8bc2e7472551b2dab4b7a1d3fba793f98b36f448f7edcfad4e5fa15f807b2,1,
CN_PENDING_PAGE_MANIFEST_0.1,LTMD-CN5-G2011-VP080,LTMD-CN5-G2011,H2011P5CI325,2011,5,80,162,80,https://historico.conaliteg.gob.mx/c/H2011P5CI325/080.jpg,0,0.493827,Q2,source_jpeg,1,200,image/jpeg,236813,c6b55a775abe1b202406bd9b290806bb443c5d2a139fb5dd0b533faf4468b733,1,
CN_PENDING_PAGE_MANIFEST_0.1,LTMD-CN5-G2011-VP081,LTMD-CN5-G2011,H2011P5CI325,2011,5,81,162,81,https://historico.conaliteg.gob.mx/c/H2011P5CI325/081.jpg,0,0.500000,Q2,source_jpeg,1,200,image/jpeg,197781,11808e1ad76207df828fe260e885c95ac8d36a9b7338e51983dd6129d02dba81,1,
CN_PENDING_PAGE_MANIFEST_0.1,LTMD-CN5-G2011-VP082,LTMD-CN5-G2011,H2011P5CI325,2011,5,82,162,82,https://historico.conaliteg.gob.mx/c/H2011P5CI325/082.jpg,0,0.506173,Q3,source_jpeg,1,200,image/jpeg,294124,435959e03005c66177096c94dc2ff864fd34ccac78e2b65119add606dab668c2,1,
CN_PENDING_PAGE_MANIFEST_0.1,LTMD-CN5-G2011-VP083,LTMD-CN5-G2011,H2011P5CI325,2011,5,83,162,83,https://historico.conaliteg.gob.mx/c/H2011P5CI325/083.jpg,0,0.512346,Q3,source_jpeg,1,200,image/jpeg,272854,7a2c1f348f507fa2b01d9b8a9041a63e117186b3121bc93914995e1e82227557,1,
CN_PENDING_PAGE_MANIFEST_0.1,LTMD-CN5-G2011-VP084,LTMD-CN5-G2011,H2011P5CI325,2011,5,84,162,84,https://historico.conaliteg.gob.mx/c/H2011P5CI325/084.jpg,0,0.518519,Q3,source_jpeg,1,200,image/jpeg,298129,7ff77a078752c6c1cdff23656bb08aa7eff1edc9f4bd7de4d3b5a4506e1758d6,1,
CN_PENDING_PAGE_MANIFEST_0.1,LTMD-CN5-G2011-VP085,LTMD-CN5-G2011,H2011P5CI325,2011,5,85,162,85,https://historico.conaliteg.gob.mx/c/H2011P5CI325/085.jpg,0,0.524691,Q3,source_jpeg,1,200,image/jpeg,286612,ea530b8985242b87344480bd68d3f2a917fc6640cbf08ae5eb7148d279d04b50,1,
CN_PENDING_PAGE_MANIFEST_0.1,LTMD-CN5-G2011-VP086,LTMD-CN5-G2011,H2011P5CI325,2011,5,86,162,86,https://historico.conaliteg.gob.mx/c/H2011P5CI325/086.jpg,0,0.530864,Q3,source_jpeg,1,200,image/jpeg,328896,a1cbe34b9122824268f92043b86d018b9804aca1d88adf31c815e57e09951159,1,
CN_PENDING_PAGE_MANIFEST_0.1,LTMD-CN5-G2011-VP087,LTMD-CN5-G2011,H2011P5CI325,2011,5,87,162,87,https://historico.conaliteg.gob.mx/c/H2011P5CI325/087.jpg,0,0.537037,Q3,source_jpeg,1,200,image/jpeg,399276,6035845fad34147e9a9fb5a8866e45a2de1132c805b6b3c66bba1ad1df970dbe,1,
CN_PENDING_PAGE_MANIFEST_0.1,LTMD-CN5-G2011-VP088,LTMD-CN5-G2011,H2011P5CI325,2011,5,88,162,88,https://historico.conaliteg.gob.mx/c/H2011P5CI325/088.jpg,0,0.543210,Q3,source_jpeg,1,200,image/jpeg,313387,c487a0ce5a43ae9264eb6be138b4dd5cf6752785d97b43ea4f3f3fed0501bebb,1,
CN_PENDING_PAGE_MANIFEST_0.1,LTMD-CN5-G2011-VP089,LTMD-CN5-G2011,H2011P5CI325,2011,5,89,162,89,https://historico.conaliteg.gob.mx/c/H2011P5CI325/089.jpg,0,0.549383,Q3,source_jpeg,1,200,image/jpeg,207098,9cc2497a60486b80c1978819d999703304d04c0bf5e869c731638cc40e627e37,1,
CN_PENDING_PAGE_MANIFEST_0.1,LTMD-CN5-G2011-VP090,LTMD-CN5-G2011,H2011P5CI325,2011,5,90,162,90,https://historico.conaliteg.gob.mx/c/H2011P5CI325/090.jpg,0,0.555556,Q3,source_jpeg,1,200,image/jpeg,255861,3ee4bd40556b7cc8b0bd99ac221a1f7aa5f53c389ef34d281bc1ac5285fb19ae,1,
CN_PENDING_PAGE_MANIFEST_0.1,LTMD-CN5-G2011-VP091,LTMD-CN5-G2011,H2011P5CI325,2011,5,91,162,91,https://historico.conaliteg.gob.mx/c/H2011P5CI325/091.jpg,0,0.561728,Q3,source_jpeg,1,200,image/jpeg,268720,a8596e5e04cd363a0f58c23de3e7484c6cceb586584ab00a02d7ab477e94cc71,1,
CN_PENDING_PAGE_MANIFEST_0.1,LTMD-CN5-G2011-VP092,LTMD-CN5-G2011,H2011P5CI325,2011,5,92,162,92,https://historico.conaliteg.gob.mx/c/H2011P5CI325/092.jpg,0,0.567901,Q3,source_jpeg,1,200,image/jpeg,353777,fa10cd0b1c41f16f85b9c2af169d4fef100806dcb8798f62192af44e8938a942,1,
CN_PENDING_PAGE_MANIFEST_0.1,LTMD-CN5-G2011-VP093,LTMD-CN5-G2011,H2011P5CI325,2011,5,93,162,93,https://historico.conaliteg.gob.mx/c/H2011P5CI325/093.jpg,0,0.574074,Q3,source_jpeg,1,200,image/jpeg,296782,2fed1e495a3e51ee80f5db0eb099f7a3314c10c297390e0c0d7a30b8318b1154,1,
CN_PENDING_PAGE_MANIFEST_0.1,LTMD-CN5-G2011-VP094,LTMD-CN5-G2011,H2011P5CI325,2011,5,94,162,94,https://historico.conaliteg.gob.mx/c/H2011P5CI325/094.jpg,0,0.580247,Q3,source_jpeg,1,200,image/jpeg,281055,5d6a95ce98b9bb894834db0ace90a14bc9e525f2ed72bb667fe5352b8c646717,1,
CN_PENDING_PAGE_MANIFEST_0.1,LTMD-CN5-G2011-VP095,LTMD-CN5-G2011,H2011P5CI325,2011,5,95,162,95,https://historico.conaliteg.gob.mx/c/H2011P5CI325/095.jpg,0,0.586420,Q3,source_jpeg,1,200,image/jpeg,215788,25991bd001ce9198dc5dbcb226888a095acc9abac728fe7af4d672e7326f1532,1,
CN_PENDING_PAGE_MANIFEST_0.1,LTMD-CN5-G2011-VP096,LTMD-CN5-G2011,H2011P5CI325,2011,5,96,162,96,https://historico.conaliteg.gob.mx/c/H2011P5CI325/096.jpg,0,0.592593,Q3,source_jpeg,1,200,image/jpeg,280990,b4897d40e9313fe1f1c57d325386d8fc38ccdc74bba03e8a9ad44ebb1cbcd1d5,1,
CN_PENDING_PAGE_MANIFEST_0.1,LTMD-CN5-G2011-VP097,LTMD-CN5-G2011,H2011P5CI325,2011,5,97,162,97,https://historico.conaliteg.gob.mx/c/H2011P5CI325/097.jpg,0,0.598765,Q3,source_jpeg,1,200,image/jpeg,306352,a0722e5c903f1ac5cf6e09e70fa37d0e940b7cf6c447ab7af84a16c5fa348166,1,
CN_PENDING_PAGE_MANIFEST_0.1,LTMD-CN5-G2011-VP098,LTMD-CN5-G2011,H2011P5CI325,2011,5,98,162,98,https://historico.conaliteg.gob.mx/c/H2011P5CI325/098.jpg,0,0.604938,Q3,source_jpeg,1,200,image/jpeg,166362,5d57bfe0450f08da0948e60d85848ef64de3fb5d9b11cf63d5748260110b5d6f,1,
CN_PENDING_PAGE_MANIFEST_0.1,LTMD-CN5-G2011-VP099,LTMD-CN5-G2011,H2011P5CI325,2011,5,99,162,99,https://historico.conaliteg.gob.mx/c/H2011P5CI325/099.jpg,0,0.611111,Q3,source_jpeg,1,200,image/jpeg,228905,d28c71858349a727bb7ec6bf12f63917ec992df50743d4ff7e0a8841a7468061,1,
CN_PENDING_PAGE_MANIFEST_0.1,LTMD-CN5-G2011-VP100,LTMD-CN5-G2011,H2011P5CI325,2011,5,100,162,100,https://historico.conaliteg.gob.mx/c/H2011P5CI325/100.jpg,0,0.617284,Q3,source_jpeg,1,200,image/jpeg,134470,0ae9235bd35e4422b193cbb553cf770f5bc7d7cfe1bf835e9f52052c1dc31b6b,1,
CN_PENDING_PAGE_MANIFEST_0.1,LTMD-CN5-G2011-VP101,LTMD-CN5-G2011,H2011P5CI325,2011,5,101,162,101,https://historico.conaliteg.gob.mx/c/H2011P5CI325/101.jpg,0,0.623457,Q3,source_jpeg,1,200,image/jpeg,130458,a8a15c2e537d9d2a6f459bd555959cc3172b4a967f80373fe78f3a34595b88c5,1,
CN_PENDING_PAGE_MANIFEST_0.1,LTMD-CN5-G2011-VP102,LTMD-CN5-G2011,H2011P5CI325,2011,5,102,162,102,https://historico.conaliteg.gob.mx/c/H2011P5CI325/102.jpg,0,0.629630,Q3,source_jpeg,1,200,image/jpeg,97235,a14b863cbab237a980814cbd2fad315ddf5e9d82fc427056e00c7d2b5a2da7da,1,
CN_PENDING_PAGE_MANIFEST_0.1,LTMD-CN5-G2011-VP103,LTMD-CN5-G2011,H2011P5CI325,2011,5,103,162,103,https://historico.conaliteg.gob.mx/c/H2011P5CI325/103.jpg,0,0.635802,Q3,source_jpeg,1,200,image/jpeg,93740,c61a269e6668857404a1d0ea3f5fbef08a84ca636945b5f2afffed76385783cd,1,
CN_PENDING_PAGE_MANIFEST_0.1,LTMD-CN5-G2011-VP104,LTMD-CN5-G2011,H2011P5CI325,2011,5,104,162,104,https://historico.conaliteg.gob.mx/c/H2011P5CI325/104.jpg,0,0.641975,Q3,source_jpeg,1,200,image/jpeg,64893,58437bb49ce74a80d0f8db31e34f184166c0ac7be8b891d24189d321620bd920,1,
CN_PENDING_PAGE_MANIFEST_0.1,LTMD-CN5-G2011-VP105,LTMD-CN5-G2011,H2011P5CI325,2011,5,105,162,105,https://historico.conaliteg.gob.mx/c/H2011P5CI325/105.jpg,0,0.648148,Q3,source_jpeg,1,200,image/jpeg,212591,2eae71d8619ef973159a314458a28acab9613986af0f1e6a515f075cf78efb33,1,
CN_PENDING_PAGE_MANIFEST_0.1,LTMD-CN5-G2011-VP106,LTMD-CN5-G2011,H2011P5CI325,2011,5,106,162,106,https://historico.conaliteg.gob.mx/c/H2011P5CI325/106.jpg,0,0.654321,Q3,source_jpeg,1,200,image/jpeg,231723,38cb37bb9573adb6da015c3b8d5423c347399ee9b69acb24cb07cfca89d4375d,1,
CN_PENDING_PAGE_MANIFEST_0.1,LTMD-CN5-G2011-VP107,LTMD-CN5-G2011,H2011P5CI325,2011,5,107,162,107,https://historico.conaliteg.gob.mx/c/H2011P5CI325/107.jpg,0,0.660494,Q3,source_jpeg,1,200,image/jpeg,312610,42aec0b86fde6e0781b63ec22edf741875b9c6cc3f153bc519faebc8732e8efe,1,
CN_PENDING_PAGE_MANIFEST_0.1,LTMD-CN5-G2011-VP108,LTMD-CN5-G2011,H2011P5CI325,2011,5,108,162,108,https://historico.conaliteg.gob.mx/c/H2011P5CI325/108.jpg,0,0.666667,Q3,source_jpeg,1,200,image/jpeg,309802,f3ef9e8862221d175508ed083b286735b7c450b785f20812340ef788539b95b5,1,
CN_PENDING_PAGE_MANIFEST_0.1,LTMD-CN5-G2011-VP109,LTMD-CN5-G2011,H2011P5CI325,2011,5,109,162,109,https://historico.conaliteg.gob.mx/c/H2011P5CI325/109.jpg,0,0.672840,Q3,source_jpeg,1,200,image/jpeg,243742,0835c3677cc011d363df99044d33808d32b5dc50ee0ae179028058df85675b22,1,
CN_PENDING_PAGE_MANIFEST_0.1,LTMD-CN5-G2011-VP110,LTMD-CN5-G2011,H2011P5CI325,2011,5,110,162,110,https://historico.conaliteg.gob.mx/c/H2011P5CI325/110.jpg,0,0.679012,Q3,source_jpeg,1,200,image/jpeg,300141,a94beab61e41986a09ce6bea12e2f3c0da5160587e74521d6dce6ed5e60087b0,1,
CN_PENDING_PAGE_MANIFEST_0.1,LTMD-CN5-G2011-VP111,LTMD-CN5-G2011,H2011P5CI325,2011,5,111,162,111,https://historico.conaliteg.gob.mx/c/H2011P5CI325/111.jpg,0,0.685185,Q3,source_jpeg,1,200,image/jpeg,339908,42d55513a108a3a10b34b5865461cef91651e14580fed95eb1182889e75eb532,1,
CN_PENDING_PAGE_MANIFEST_0.1,LTMD-CN5-G2011-VP112,LTMD-CN5-G2011,H2011P5CI325,2011,5,112,162,112,https://historico.conaliteg.gob.mx/c/H2011P5CI325/112.jpg,0,0.691358,Q3,source_jpeg,1,200,image/jpeg,187515,3e558ef101426dcafaef9820c55dc67fc09430c5a1237da7635882acb035778a,1,
CN_PENDING_PAGE_MANIFEST_0.1,LTMD-CN5-G2011-VP113,LTMD-CN5-G2011,H2011P5CI325,2011,5,113,162,113,https://historico.conaliteg.gob.mx/c/H2011P5CI325/113.jpg,0,0.697531,Q3,source_jpeg,1,200,image/jpeg,174953,a666486e8669a7c499b528e5dfcd96ac96f8747979bafdbf0ac30724ba8ad558,1,
CN_PENDING_PAGE_MANIFEST_0.1,LTMD-CN5-G2011-VP114,LTMD-CN5-G2011,H2011P5CI325,2011,5,114,162,114,https://historico.conaliteg.gob.mx/c/H2011P5CI325/114.jpg,0,0.703704,Q3,source_jpeg,1,200,image/jpeg,265617,f6e93bb14fdfd8bda1a3d259b065a493fa51d63a49098f803f4d1a5d635b9475,1,
CN_PENDING_PAGE_MANIFEST_0.1,LTMD-CN5-G2011-VP115,LTMD-CN5-G2011,H2011P5CI325,2011,5,115,162,115,https://historico.conaliteg.gob.mx/c/H2011P5CI325/115.jpg,0,0.709877,Q3,source_jpeg,1,200,image/jpeg,267143,50c2b9f1daecccb488eaf4e3668afcfd319c348768ee02e3f83e0cbac9b48616,1,
CN_PENDING_PAGE_MANIFEST_0.1,LTMD-CN5-G2011-VP116,LTMD-CN5-G2011,H2011P5CI325,2011,5,116,162,116,https://historico.conaliteg.gob.mx/c/H2011P5CI325/116.jpg,0,0.716049,Q3,source_jpeg,1,200,image/jpeg,226476,64d03c81483bf60fc403d02c93e968a7de2a01290a80fd106e02d3b447483c20,1,
CN_PENDING_PAGE_MANIFEST_0.1,LTMD-CN5-G2011-VP117,LTMD-CN5-G2011,H2011P5CI325,2011,5,117,162,117,https://historico.conaliteg.gob.mx/c/H2011P5CI325/117.jpg,0,0.722222,Q3,source_jpeg,1,200,image/jpeg,398873,081fc5d6913be138f89b2957cc1673fcbe811246b5027564f4bfdbbdaa46b9f5,1,
CN_PENDING_PAGE_MANIFEST_0.1,LTMD-CN5-G2011-VP118,LTMD-CN5-G2011,H2011P5CI325,2011,5,118,162,118,https://historico.conaliteg.gob.mx/c/H2011P5CI325/118.jpg,0,0.728395,Q3,source_jpeg,1,200,image/jpeg,455944,1b256913108ceff5716dc17f8e5eb0ef014d31293814629641413ac76c4fa185,1,
CN_PENDING_PAGE_MANIFEST_0.1,LTMD-CN5-G2011-VP119,LTMD-CN5-G2011,H2011P5CI325,2011,5,119,162,119,https://historico.conaliteg.gob.mx/c/H2011P5CI325/119.jpg,0,0.734568,Q3,source_jpeg,1,200,image/jpeg,204730,d5ccd1ae47f8936e7124c205aa3306e5c22fa86d1eddb82a1e0937d4d779750b,1,
CN_PENDING_PAGE_MANIFEST_0.1,LTMD-CN5-G2011-VP120,LTMD-CN5-G2011,H2011P5CI325,2011,5,120,162,120,https://historico.conaliteg.gob.mx/c/H2011P5CI325/120.jpg,0,0.740741,Q3,source_jpeg,1,200,image/jpeg,252684,1d0fdb04c5bd83b687283bb7cf33eb3eb2be76959a95ed87bef4630a257f7a26,1,
CN_PENDING_PAGE_MANIFEST_0.1,LTMD-CN5-G2011-VP121,LTMD-CN5-G2011,H2011P5CI325,2011,5,121,162,121,https://historico.conaliteg.gob.mx/c/H2011P5CI325/121.jpg,0,0.746914,Q3,source_jpeg,1,200,image/jpeg,320586,82948363dfa3cf630c215022859cd6de72caca74001cf1d16f154ed1661fc259,1,
CN_PENDING_PAGE_MANIFEST_0.1,LTMD-CN5-G2011-VP122,LTMD-CN5-G2011,H2011P5CI325,2011,5,122,162,122,https://historico.conaliteg.gob.mx/c/H2011P5CI325/122.jpg,0,0.753086,Q4,source_jpeg,1,200,image/jpeg,260276,d1e12d15d8ede0080f292a5e9167bc1b6b6c262b786aab3071dbba9ad5ed43da,1,
CN_PENDING_PAGE_MANIFEST_0.1,LTMD-CN5-G2011-VP123,LTMD-CN5-G2011,H2011P5CI325,2011,5,123,162,123,https://historico.conaliteg.gob.mx/c/H2011P5CI325/123.jpg,0,0.759259,Q4,source_jpeg,1,200,image/jpeg,394845,ea66a677fa7e19fe7dd6b4d9889c1f4ce900a1a60c6a31f6af531bbf732db220,1,
CN_PENDING_PAGE_MANIFEST_0.1,LTMD-CN5-G2011-VP124,LTMD-CN5-G2011,H2011P5CI325,2011,5,124,162,124,https://historico.conaliteg.gob.mx/c/H2011P5CI325/124.jpg,0,0.765432,Q4,source_jpeg,1,200,image/jpeg,188034,1c76bfbcf9896b99b669f02c4a76acb98bdd3f95bf17bf6a1d4135a8366b931f,1,
CN_PENDING_PAGE_MANIFEST_0.1,LTMD-CN5-G2011-VP125,LTMD-CN5-G2011,H2011P5CI325,2011,5,125,162,125,https://historico.conaliteg.gob.mx/c/H2011P5CI325/125.jpg,0,0.771605,Q4,source_jpeg,1,200,image/jpeg,237988,d461b69eab20445fdb83702a27a5c2d276c817e202b0ad0b8a0419850a401ddd,1,
CN_PENDING_PAGE_MANIFEST_0.1,LTMD-CN5-G2011-VP126,LTMD-CN5-G2011,H2011P5CI325,2011,5,126,162,126,https://historico.conaliteg.gob.mx/c/H2011P5CI325/126.jpg,0,0.777778,Q4,source_jpeg,1,200,image/jpeg,91029,36b603b439957789f1349dbaadd34a780b73f4290405c2879509337b42b9e248,1,
CN_PENDING_PAGE_MANIFEST_0.1,LTMD-CN5-G2011-VP127,LTMD-CN5-G2011,H2011P5CI325,2011,5,127,162,127,https://historico.conaliteg.gob.mx/c/H2011P5CI325/127.jpg,0,0.783951,Q4,source_jpeg,1,200,image/jpeg,122147,9c7f75248fd27eee3b4323365edee3171fc586a41a737e28722914a4bf9a0ce1,1,
CN_PENDING_PAGE_MANIFEST_0.1,LTMD-CN5-G2011-VP128,LTMD-CN5-G2011,H2011P5CI325,2011,5,128,162,128,https://historico.conaliteg.gob.mx/c/H2011P5CI325/128.jpg,0,0.790123,Q4,source_jpeg,1,200,image/jpeg,410089,a5fa34e8bcb289bb29364551b38f1060fb8a49fd76c21784d75c60f6e0b8d742,1,
CN_PENDING_PAGE_MANIFEST_0.1,LTMD-CN5-G2011-VP129,LTMD-CN5-G2011,H2011P5CI325,2011,5,129,162,129,https://historico.conaliteg.gob.mx/c/H2011P5CI325/129.jpg,0,0.796296,Q4,source_jpeg,1,200,image/jpeg,86467,f9c6ff7b0983d30eb7a41088b57da3bc5be8ae0879406482cd6e22075760a39b,1,
CN_PENDING_PAGE_MANIFEST_0.1,LTMD-CN5-G2011-VP130,LTMD-CN5-G2011,H2011P5CI325,2011,5,130,162,130,https://historico.conaliteg.gob.mx/c/H2011P5CI325/130.jpg,0,0.802469,Q4,source_jpeg,1,200,image/jpeg,133779,7fa23d1f4c70118f9eee160bbd386d7622afe6b0981a46c57aa665e1beb48924,1,
CN_PENDING_PAGE_MANIFEST_0.1,LTMD-CN5-G2011-VP131,LTMD-CN5-G2011,H2011P5CI325,2011,5,131,162,131,https://historico.conaliteg.gob.mx/c/H2011P5CI325/131.jpg,0,0.808642,Q4,source_jpeg,1,200,image/jpeg,287393,40d9e3773be1f91e60f55ad9df4be0a9de307911699922f9e4e00c466908614d,1,
CN_PENDING_PAGE_MANIFEST_0.1,LTMD-CN5-G2011-VP132,LTMD-CN5-G2011,H2011P5CI325,2011,5,132,162,132,https://historico.conaliteg.gob.mx/c/H2011P5CI325/132.jpg,0,0.814815,Q4,source_jpeg,1,200,image/jpeg,346128,34f45e423c717f1bd445c80c6ba0094e11e93a2df39f6b48d7eb54dc894f1e44,1,
CN_PENDING_PAGE_MANIFEST_0.1,LTMD-CN5-G2011-VP133,LTMD-CN5-G2011,H2011P5CI325,2011,5,133,162,133,https://historico.conaliteg.gob.mx/c/H2011P5CI325/133.jpg,0,0.820988,Q4,source_jpeg,1,200,image/jpeg,293499,4b193168ce5198639261b41b1a3f9cc531778f529e1baccd9bbf8ce566df5f66,1,
CN_PENDING_PAGE_MANIFEST_0.1,LTMD-CN5-G2011-VP134,LTMD-CN5-G2011,H2011P5CI325,2011,5,134,162,134,https://historico.conaliteg.gob.mx/c/H2011P5CI325/134.jpg,0,0.827160,Q4,source_jpeg,1,200,image/jpeg,253839,29f570e906f8ddf289fad6e0ca6e323d34038607f60b274c315780d463b5c76d,1,
CN_PENDING_PAGE_MANIFEST_0.1,LTMD-CN5-G2011-VP135,LTMD-CN5-G2011,H2011P5CI325,2011,5,135,162,135,https://historico.conaliteg.gob.mx/c/H2011P5CI325/135.jpg,0,0.833333,Q4,source_jpeg,1,200,image/jpeg,262903,f56daf13b38eddc18e9ede6f9659a808782127fcf2f3944b8d80a595c6c094c1,1,
CN_PENDING_PAGE_MANIFEST_0.1,LTMD-CN5-G2011-VP136,LTMD-CN5-G2011,H2011P5CI325,2011,5,136,162,136,https://historico.conaliteg.gob.mx/c/H2011P5CI325/136.jpg,0,0.839506,Q4,source_jpeg,1,200,image/jpeg,374887,d09da1311627b35f1eb20e8220f9594a54a10661a05699021ce1dc92943ac4cf,1,
CN_PENDING_PAGE_MANIFEST_0.1,LTMD-CN5-G2011-VP137,LTMD-CN5-G2011,H2011P5CI325,2011,5,137,162,137,https://historico.conaliteg.gob.mx/c/H2011P5CI325/137.jpg,0,0.845679,Q4,source_jpeg,1,200,image/jpeg,291969,c42d1a4bae98f0c991417763e08a058eeaae8c0cf4eb805d9c06bc28568fcbb0,1,
CN_PENDING_PAGE_MANIFEST_0.1,LTMD-CN5-G2011-VP138,LTMD-CN5-G2011,H2011P5CI325,2011,5,138,162,138,https://historico.conaliteg.gob.mx/c/H2011P5CI325/138.jpg,0,0.851852,Q4,source_jpeg,1,200,image/jpeg,280543,39701b7b9b15072501680251978baaca0ceff30da2741fb815cba1eb26886c88,1,
CN_PENDING_PAGE_MANIFEST_0.1,LTMD-CN5-G2011-VP139,LTMD-CN5-G2011,H2011P5CI325,2011,5,139,162,139,https://historico.conaliteg.gob.mx/c/H2011P5CI325/139.jpg,0,0.858025,Q4,source_jpeg,1,200,image/jpeg,216719,18b10fb7967f807ee32a4bff167578e10a5f814cae641324222b7f937e3114e7,1,
CN_PENDING_PAGE_MANIFEST_0.1,LTMD-CN5-G2011-VP140,LTMD-CN5-G2011,H2011P5CI325,2011,5,140,162,140,https://historico.conaliteg.gob.mx/c/H2011P5CI325/140.jpg,0,0.864198,Q4,source_jpeg,1,200,image/jpeg,348403,05fe441c3ab3afa1cf890330e21ed2fa16b9d2c126e0cdadef66733a269fde81,1,
CN_PENDING_PAGE_MANIFEST_0.1,LTMD-CN5-G2011-VP141,LTMD-CN5-G2011,H2011P5CI325,2011,5,141,162,141,https://historico.conaliteg.gob.mx/c/H2011P5CI325/141.jpg,0,0.870370,Q4,source_jpeg,1,200,image/jpeg,416327,ac1695aa580ac32f93d1b7cb7471ef2c34fd8e4f592464a6cd9ab664fed7755e,1,
CN_PENDING_PAGE_MANIFEST_0.1,LTMD-CN5-G2011-VP142,LTMD-CN5-G2011,H2011P5CI325,2011,5,142,162,142,https://historico.conaliteg.gob.mx/c/H2011P5CI325/142.jpg,0,0.876543,Q4,source_jpeg,1,200,image/jpeg,277993,07ecb2e02151edc888e08adf8e9fc32926f4f17fcff5dcb925f4c6bf583c78ba,1,
CN_PENDING_PAGE_MANIFEST_0.1,LTMD-CN5-G2011-VP143,LTMD-CN5-G2011,H2011P5CI325,2011,5,143,162,143,https://historico.conaliteg.gob.mx/c/H2011P5CI325/143.jpg,0,0.882716,Q4,source_jpeg,1,200,image/jpeg,320815,324986e4dd0f85fb9b82976a6d72cf1bdc5ea6e5052f09f9361dc0cd15c6984f,1,
CN_PENDING_PAGE_MANIFEST_0.1,LTMD-CN5-G2011-VP144,LTMD-CN5-G2011,H2011P5CI325,2011,5,144,162,144,https://historico.conaliteg.gob.mx/c/H2011P5CI325/144.jpg,0,0.888889,Q4,source_jpeg,1,200,image/jpeg,328146,ac227c397fd53808edd5a4f070aa0954c01707315b27e066dd65e1a6aede42ce,1,
CN_PENDING_PAGE_MANIFEST_0.1,LTMD-CN5-G2011-VP145,LTMD-CN5-G2011,H2011P5CI325,2011,5,145,162,145,https://historico.conaliteg.gob.mx/c/H2011P5CI325/145.jpg,0,0.895062,Q4,source_jpeg,1,200,image/jpeg,422564,fdd2866898754a64bbcdcbba8ba02d957f804649d45a786060c4e9ac2c3dec8b,1,
CN_PENDING_PAGE_MANIFEST_0.1,LTMD-CN5-G2011-VP146,LTMD-CN5-G2011,H2011P5CI325,2011,5,146,162,146,https://historico.conaliteg.gob.mx/c/H2011P5CI325/146.jpg,0,0.901235,Q4,source_jpeg,1,200,image/jpeg,265651,aea7b858e154a184cb34b2a7984a9069a165e450047ef597b5f47f9321a35790,1,
CN_PENDING_PAGE_MANIFEST_0.1,LTMD-CN5-G2011-VP147,LTMD-CN5-G2011,H2011P5CI325,2011,5,147,162,147,https://historico.conaliteg.gob.mx/c/H2011P5CI325/147.jpg,0,0.907407,Q4,source_jpeg,1,200,image/jpeg,236856,d8e09247d11b9ca5480c52af9af73edde8af750d0273918544c89a8b9542562a,1,
CN_PENDING_PAGE_MANIFEST_0.1,LTMD-CN5-G2011-VP148,LTMD-CN5-G2011,H2011P5CI325,2011,5,148,162,148,https://historico.conaliteg.gob.mx/c/H2011P5CI325/148.jpg,0,0.913580,Q4,source_jpeg,1,200,image/jpeg,212125,3957f479d989e28d453db29bda6f2d66a9b7b6d456e29f5a7f57b129cc9a6ace,1,
CN_PENDING_PAGE_MANIFEST_0.1,LTMD-CN5-G2011-VP149,LTMD-CN5-G2011,H2011P5CI325,2011,5,149,162,149,https://historico.conaliteg.gob.mx/c/H2011P5CI325/149.jpg,0,0.919753,Q4,source_jpeg,1,200,image/jpeg,189027,bcad7cabba5c53c701ee2d17bdf310d03bb7558ccb09f1619c52b50b72ba7c6a,1,
CN_PENDING_PAGE_MANIFEST_0.1,LTMD-CN5-G2011-VP150,LTMD-CN5-G2011,H2011P5CI325,2011,5,150,162,150,https://historico.conaliteg.gob.mx/c/H2011P5CI325/150.jpg,0,0.925926,Q4,source_jpeg,1,200,image/jpeg,279367,fe5f9eeb6b6a28c57f133682efa377b438c35563cd568c0728efca92202845f6,1,
CN_PENDING_PAGE_MANIFEST_0.1,LTMD-CN5-G2011-VP151,LTMD-CN5-G2011,H2011P5CI325,2011,5,151,162,151,https://historico.conaliteg.gob.mx/c/H2011P5CI325/151.jpg,0,0.932099,Q4,source_jpeg,1,200,image/jpeg,252076,f62c501453d12cf476a02609e91b8ca755dc5b69bd2cb760ac643ada2ef9eada,1,
CN_PENDING_PAGE_MANIFEST_0.1,LTMD-CN5-G2011-VP152,LTMD-CN5-G2011,H2011P5CI325,2011,5,152,162,152,https://historico.conaliteg.gob.mx/c/H2011P5CI325/152.jpg,0,0.938272,Q4,source_jpeg,1,200,image/jpeg,146847,aa333a2c75b4ec9a537834b93d87993f92c899922b129ea47f9951a56ccca402,1,
CN_PENDING_PAGE_MANIFEST_0.1,LTMD-CN5-G2011-VP153,LTMD-CN5-G2011,H2011P5CI325,2011,5,153,162,153,https://historico.conaliteg.gob.mx/c/H2011P5CI325/153.jpg,0,0.944444,Q4,source_jpeg,1,200,image/jpeg,126400,c7b94acca81415453dc0e4a70b6f853fc1100874928c6c485eb204f6c93a85f1,1,
CN_PENDING_PAGE_MANIFEST_0.1,LTMD-CN5-G2011-VP154,LTMD-CN5-G2011,H2011P5CI325,2011,5,154,162,154,https://historico.conaliteg.gob.mx/c/H2011P5CI325/154.jpg,0,0.950617,Q4,source_jpeg,1,200,image/jpeg,175191,816abc2ed93f98475c1418078cf1c4b929a6372b845f0a9d6f52aa7b3db1b1ea,1,
CN_PENDING_PAGE_MANIFEST_0.1,LTMD-CN5-G2011-VP155,LTMD-CN5-G2011,H2011P5CI325,2011,5,155,162,155,https://historico.conaliteg.gob.mx/c/H2011P5CI325/155.jpg,0,0.956790,Q4,source_jpeg,1,200,image/jpeg,428429,a47835194f3fc45f98b166c4c3d87c9ce6ef7cfe78ead3c3ba0e0fe8eaf46927,1,
CN_PENDING_PAGE_MANIFEST_0.1,LTMD-CN5-G2011-VP156,LTMD-CN5-G2011,H2011P5CI325,2011,5,156,162,156,https://historico.conaliteg.gob.mx/c/H2011P5CI325/156.jpg,0,0.962963,Q4,source_jpeg,1,200,image/jpeg,411004,1cdf4ae744638b2dc4b41878b18cb665079576c47d2bf8b64318d2b78e5ccbe2,1,
CN_PENDING_PAGE_MANIFEST_0.1,LTMD-CN5-G2011-VP157,LTMD-CN5-G2011,H2011P5CI325,2011,5,157,162,157,https://historico.conaliteg.gob.mx/c/H2011P5CI325/157.jpg,0,0.969136,Q4,source_jpeg,1,200,image/jpeg,426601,f32a371736697b9295fc7d8640eee3d6418a79accdbf99eb3302d4fff253fdcd,1,
CN_PENDING_PAGE_MANIFEST_0.1,LTMD-CN5-G2011-VP158,LTMD-CN5-G2011,H2011P5CI325,2011,5,158,162,158,https://historico.conaliteg.gob.mx/c/H2011P5CI325/158.jpg,0,0.975309,Q4,source_jpeg,1,200,image/jpeg,50147,61d5ef83b69ccb7e5bb6e2dd26820b39be5b2dbd1221509a6dbdd97c3eac0882,1,
CN_PENDING_PAGE_MANIFEST_0.1,LTMD-CN5-G2011-VP159,LTMD-CN5-G2011,H2011P5CI325,2011,5,159,162,159,https://historico.conaliteg.gob.mx/c/H2011P5CI325/159.jpg,0,0.981481,Q4,source_jpeg,1,200,image/jpeg,168472,9c34e93bb78cdc368e885cea1241823d1497aaaa41c27dd5f8672adcc3d4a197,1,
CN_PENDING_PAGE_MANIFEST_0.1,LTMD-CN5-G2011-VP160,LTMD-CN5-G2011,H2011P5CI325,2011,5,160,162,160,https://historico.conaliteg.gob.mx/c/H2011P5CI325/160.jpg,0,0.987654,Q4,source_jpeg,1,200,image/jpeg,103457,49a5cef1f4f3b5fc79e375a48f10bd71bb7a229375228f90b7ad6c3c74e38ebb,1,
CN_PENDING_PAGE_MANIFEST_0.1,LTMD-CN5-G2011-VP161,LTMD-CN5-G2011,H2011P5CI325,2011,5,161,162,161,https://historico.conaliteg.gob.mx/c/H2011P5CI325/161.jpg,0,0.993827,Q4,source_jpeg,1,200,image/jpeg,149113,688bc0f7621904fa1ab6232c55558e46f5ec48dd0772f7552bbcda51985c1aab,1,
CN_PENDING_PAGE_MANIFEST_0.1,LTMD-CN5-G2019-VP001,LTMD-CN5-G2019,H2019P5CNA,2019,5,1,162,0,https://historico.conaliteg.gob.mx/c/H2019P5CNA/000.jpg,0,0.006173,Q1,source_jpeg,1,200,image/jpeg,145031,4fc952b8b5e047039d2003cfdac0d67c5f61dd7e402db17059ca977597be07ed,1,
CN_PENDING_PAGE_MANIFEST_0.1,LTMD-CN5-G2019-VP002,LTMD-CN5-G2019,H2019P5CNA,2019,5,2,162,2,https://historico.conaliteg.gob.mx/c/H2019P5CNA/002.jpg,0,0.012346,Q1,source_jpeg,1,200,image/jpeg,97327,bbc212c39950b8a8f031d4ea8a56e3729d5c60c02e2edf3844948fde3dc96650,1,
CN_PENDING_PAGE_MANIFEST_0.1,LTMD-CN5-G2019-VP003,LTMD-CN5-G2019,H2019P5CNA,2019,5,3,162,3,https://historico.conaliteg.gob.mx/c/H2019P5CNA/003.jpg,0,0.018519,Q1,source_jpeg,1,200,image/jpeg,83053,dd74a13499a33a0ff50112a99b111a39bfbc2f4e8e7e7670aa0aed274467e2b6,1,
CN_PENDING_PAGE_MANIFEST_0.1,LTMD-CN5-G2019-VP004,LTMD-CN5-G2019,H2019P5CNA,2019,5,4,162,4,https://historico.conaliteg.gob.mx/c/H2019P5CNA/004.jpg,0,0.024691,Q1,source_jpeg,1,200,image/jpeg,107403,90f1afbbd0b81231ae4faf11442241ecec0434adc7e4b002e67b9e83d2c3cd96,1,
CN_PENDING_PAGE_MANIFEST_0.1,LTMD-CN5-G2019-VP005,LTMD-CN5-G2019,H2019P5CNA,2019,5,5,162,5,https://historico.conaliteg.gob.mx/c/H2019P5CNA/005.jpg,0,0.030864,Q1,source_jpeg,1,200,image/jpeg,144679,950df1bf407bf045a45de8f2d358ad9fd1ea4442cd25d0ac9c4fcd15fe27bd74,1,
CN_PENDING_PAGE_MANIFEST_0.1,LTMD-CN5-G2019-VP006,LTMD-CN5-G2019,H2019P5CNA,2019,5,6,162,6,https://historico.conaliteg.gob.mx/c/H2019P5CNA/006.jpg,0,0.037037,Q1,source_jpeg,1,200,image/jpeg,72226,a9d37de1523a21f10ecd083a47812108c686f608573a109a648525e938e34f2b,1,
CN_PENDING_PAGE_MANIFEST_0.1,LTMD-CN5-G2019-VP007,LTMD-CN5-G2019,H2019P5CNA,2019,5,7,162,7,https://historico.conaliteg.gob.mx/c/H2019P5CNA/007.jpg,0,0.043210,Q1,source_jpeg,1,200,image/jpeg,59150,9728ef5de8b4cbeadb54533f1b62b971b0c21a086fe9330a247c36e08da299aa,1,
CN_PENDING_PAGE_MANIFEST_0.1,LTMD-CN5-G2019-VP008,LTMD-CN5-G2019,H2019P5CNA,2019,5,8,162,8,https://historico.conaliteg.gob.mx/c/H2019P5CNA/008.jpg,0,0.049383,Q1,source_jpeg,1,200,image/jpeg,122913,39b06a31f1101a4886850568a6aea3fc389375d7a78aec041c5ef37fa5468863,1,
CN_PENDING_PAGE_MANIFEST_0.1,LTMD-CN5-G2019-VP009,LTMD-CN5-G2019,H2019P5CNA,2019,5,9,162,9,https://historico.conaliteg.gob.mx/c/H2019P5CNA/009.jpg,0,0.055556,Q1,source_jpeg,1,200,image/jpeg,19962,9761641bf4f550675a549ab67c9f9599029a5ea4eb4824a39a52e806175128fd,1,
CN_PENDING_PAGE_MANIFEST_0.1,LTMD-CN5-G2019-VP010,LTMD-CN5-G2019,H2019P5CNA,2019,5,10,162,10,https://historico.conaliteg.gob.mx/c/H2019P5CNA/010.jpg,0,0.061728,Q1,source_jpeg,1,200,image/jpeg,103168,13503161702c8a342ea7f76f9e16cab0434193757f4e170b3043a2be62f5c52e,1,
CN_PENDING_PAGE_MANIFEST_0.1,LTMD-CN5-G2019-VP011,LTMD-CN5-G2019,H2019P5CNA,2019,5,11,162,11,https://historico.conaliteg.gob.mx/c/H2019P5CNA/011.jpg,0,0.067901,Q1,source_jpeg,1,200,image/jpeg,114328,08b92b28f115fd0d0ee2a90521b31597620594ec431b49c1f0eb224cb8406be1,1,
CN_PENDING_PAGE_MANIFEST_0.1,LTMD-CN5-G2019-VP012,LTMD-CN5-G2019,H2019P5CNA,2019,5,12,162,12,https://historico.conaliteg.gob.mx/c/H2019P5CNA/012.jpg,0,0.074074,Q1,source_jpeg,1,200,image/jpeg,121492,13d919ed286c72f342678d7a890c1c714ba26fbbb4ae7b9e7fc9806ac61021aa,1,
CN_PENDING_PAGE_MANIFEST_0.1,LTMD-CN5-G2019-VP013,LTMD-CN5-G2019,H2019P5CNA,2019,5,13,162,13,https://historico.conaliteg.gob.mx/c/H2019P5CNA/013.jpg,0,0.080247,Q1,source_jpeg,1,200,image/jpeg,122256,c6efb29e306f76f417eb7fa5591c142ed4860f7a2ca8ee190c38a8451f70e74b,1,
CN_PENDING_PAGE_MANIFEST_0.1,LTMD-CN5-G2019-VP014,LTMD-CN5-G2019,H2019P5CNA,2019,5,14,162,14,https://historico.conaliteg.gob.mx/c/H2019P5CNA/014.jpg,0,0.086420,Q1,source_jpeg,1,200,image/jpeg,84989,cf665af62db4ee73c7a24cb0a3f614ec395dde118b7413baf6ef62657f3866db,1,
CN_PENDING_PAGE_MANIFEST_0.1,LTMD-CN5-G2019-VP015,LTMD-CN5-G2019,H2019P5CNA,2019,5,15,162,15,https://historico.conaliteg.gob.mx/c/H2019P5CNA/015.jpg,0,0.092593,Q1,source_jpeg,1,200,image/jpeg,135347,6d253f9918ddd93502e1f62ea9e626b422c63f57e77e72a15ba12f2bb8ca0526,1,
CN_PENDING_PAGE_MANIFEST_0.1,LTMD-CN5-G2019-VP016,LTMD-CN5-G2019,H2019P5CNA,2019,5,16,162,16,https://historico.conaliteg.gob.mx/c/H2019P5CNA/016.jpg,0,0.098765,Q1,source_jpeg,1,200,image/jpeg,172182,bd7fca882bb902cf58fee911fe2c53f48026cfec57060531a78c5c2417bf2453,1,
CN_PENDING_PAGE_MANIFEST_0.1,LTMD-CN5-G2019-VP017,LTMD-CN5-G2019,H2019P5CNA,2019,5,17,162,17,https://historico.conaliteg.gob.mx/c/H2019P5CNA/017.jpg,0,0.104938,Q1,source_jpeg,1,200,image/jpeg,104873,1772316bdaf8ac94b6c92bea811704479ec91a4d8cffc86c22e11c568baf1209,1,
CN_PENDING_PAGE_MANIFEST_0.1,LTMD-CN5-G2019-VP018,LTMD-CN5-G2019,H2019P5CNA,2019,5,18,162,18,https://historico.conaliteg.gob.mx/c/H2019P5CNA/018.jpg,0,0.111111,Q1,source_jpeg,1,200,image/jpeg,136835,5ed06255671a1ee55a1aeccd15a02fc87a8b3b515573545f396bfc7a80f03e8c,1,
CN_PENDING_PAGE_MANIFEST_0.1,LTMD-CN5-G2019-VP019,LTMD-CN5-G2019,H2019P5CNA,2019,5,19,162,19,https://historico.conaliteg.gob.mx/c/H2019P5CNA/019.jpg,0,0.117284,Q1,source_jpeg,1,200,image/jpeg,143821,f00f153b027c4382a2dc5623b204c639dc8fa8554019a2b41eb120ac57eff6fe,1,
CN_PENDING_PAGE_MANIFEST_0.1,LTMD-CN5-G2019-VP020,LTMD-CN5-G2019,H2019P5CNA,2019,5,20,162,20,https://historico.conaliteg.gob.mx/c/H2019P5CNA/020.jpg,0,0.123457,Q1,source_jpeg,1,200,image/jpeg,121898,2e9d758279bf5353d809d993cb1a098c4d71463a234c62eee7cdb940e01ca544,1,
CN_PENDING_PAGE_MANIFEST_0.1,LTMD-CN5-G2019-VP021,LTMD-CN5-G2019,H2019P5CNA,2019,5,21,162,21,https://historico.conaliteg.gob.mx/c/H2019P5CNA/021.jpg,0,0.129630,Q1,source_jpeg,1,200,image/jpeg,134638,035597254226cdbcf0d6884f769bd8ce2cde693e693f92d51eb0c8f7e25fdadf,1,
CN_PENDING_PAGE_MANIFEST_0.1,LTMD-CN5-G2019-VP022,LTMD-CN5-G2019,H2019P5CNA,2019,5,22,162,22,https://historico.conaliteg.gob.mx/c/H2019P5CNA/022.jpg,0,0.135802,Q1,source_jpeg,1,200,image/jpeg,199627,a4d5ba191516a3da7a97178ede97af84e563e0de505b7da9ca24ae622d1273d1,1,
CN_PENDING_PAGE_MANIFEST_0.1,LTMD-CN5-G2019-VP023,LTMD-CN5-G2019,H2019P5CNA,2019,5,23,162,23,https://historico.conaliteg.gob.mx/c/H2019P5CNA/023.jpg,0,0.141975,Q1,source_jpeg,1,200,image/jpeg,143849,c81006ce4a67c69f4c38dc64ac7ca0c6752312a4cafac11a09983a1f84670e5e,1,
CN_PENDING_PAGE_MANIFEST_0.1,LTMD-CN5-G2019-VP024,LTMD-CN5-G2019,H2019P5CNA,2019,5,24,162,24,https://historico.conaliteg.gob.mx/c/H2019P5CNA/024.jpg,0,0.148148,Q1,source_jpeg,1,200,image/jpeg,123618,14aa40e00ad18b62ec4e2df534b70e7b787f043faf0d0ae7b2e00493c7825ec2,1,
CN_PENDING_PAGE_MANIFEST_0.1,LTMD-CN5-G2019-VP025,LTMD-CN5-G2019,H2019P5CNA,2019,5,25,162,25,https://historico.conaliteg.gob.mx/c/H2019P5CNA/025.jpg,0,0.154321,Q1,source_jpeg,1,200,image/jpeg,108337,b783387bee25387de45aad7ef8eb771234e828ba5b108f08d8d85d5538afb5b9,1,
CN_PENDING_PAGE_MANIFEST_0.1,LTMD-CN5-G2019-VP026,LTMD-CN5-G2019,H2019P5CNA,2019,5,26,162,26,https://historico.conaliteg.gob.mx/c/H2019P5CNA/026.jpg,0,0.160494,Q1,source_jpeg,1,200,image/jpeg,44443,3bcb54afabc61f075814f3682f4f6d8ba2eeffbebc8324df8e1d577d555ebb7a,1,
CN_PENDING_PAGE_MANIFEST_0.1,LTMD-CN5-G2019-VP027,LTMD-CN5-G2019,H2019P5CNA,2019,5,27,162,27,https://historico.conaliteg.gob.mx/c/H2019P5CNA/027.jpg,0,0.166667,Q1,source_jpeg,1,200,image/jpeg,101349,ef0c5f26183d5f9c8db6e6590fb06fe416189ac6200202105cda9ca66af075bf,1,
CN_PENDING_PAGE_MANIFEST_0.1,LTMD-CN5-G2019-VP028,LTMD-CN5-G2019,H2019P5CNA,2019,5,28,162,28,https://historico.conaliteg.gob.mx/c/H2019P5CNA/028.jpg,0,0.172840,Q1,source_jpeg,1,200,image/jpeg,162378,2e7ae325e3ab849692c6896164d121a7e931fa5776144b6792164a672f2fad32,1,
CN_PENDING_PAGE_MANIFEST_0.1,LTMD-CN5-G2019-VP029,LTMD-CN5-G2019,H2019P5CNA,2019,5,29,162,29,https://historico.conaliteg.gob.mx/c/H2019P5CNA/029.jpg,0,0.179012,Q1,source_jpeg,1,200,image/jpeg,113132,782aed6eed5cacb9c4d5c71031c6aa1483765146a65d584f4c64caf4d1492192,1,
CN_PENDING_PAGE_MANIFEST_0.1,LTMD-CN5-G2019-VP030,LTMD-CN5-G2019,H2019P5CNA,2019,5,30,162,30,https://historico.conaliteg.gob.mx/c/H2019P5CNA/030.jpg,0,0.185185,Q1,source_jpeg,1,200,image/jpeg,104149,d3e8d323275ae5829f97558d8a2195c9b490257de81197e5e224d2f6bc11141e,1,
CN_PENDING_PAGE_MANIFEST_0.1,LTMD-CN5-G2019-VP031,LTMD-CN5-G2019,H2019P5CNA,2019,5,31,162,31,https://historico.conaliteg.gob.mx/c/H2019P5CNA/031.jpg,0,0.191358,Q1,source_jpeg,1,200,image/jpeg,112782,5372b763c2942660b83710d138fce630bb3d94562d588ea936a56133ba7acd8e,1,
CN_PENDING_PAGE_MANIFEST_0.1,LTMD-CN5-G2019-VP032,LTMD-CN5-G2019,H2019P5CNA,2019,5,32,162,32,https://historico.conaliteg.gob.mx/c/H2019P5CNA/032.jpg,0,0.197531,Q1,source_jpeg,1,200,image/jpeg,118500,a4b6461d448b819c2a48afe7105ac48bffeb5884a8087a0c12e60da4f9821257,1,
CN_PENDING_PAGE_MANIFEST_0.1,LTMD-CN5-G2019-VP033,LTMD-CN5-G2019,H2019P5CNA,2019,5,33,162,33,https://historico.conaliteg.gob.mx/c/H2019P5CNA/033.jpg,0,0.203704,Q1,source_jpeg,1,200,image/jpeg,237691,83b91147131dee047b971ef2d06c773b406115a564d1661c408c4859190e09a7,1,
CN_PENDING_PAGE_MANIFEST_0.1,LTMD-CN5-G2019-VP034,LTMD-CN5-G2019,H2019P5CNA,2019,5,34,162,34,https://historico.conaliteg.gob.mx/c/H2019P5CNA/034.jpg,0,0.209877,Q1,source_jpeg,1,200,image/jpeg,176603,bac52c967da0eb81ebbb36f39d80a33d1087ddd66dcdb2fbe6fa1cc0ed7516b2,1,
CN_PENDING_PAGE_MANIFEST_0.1,LTMD-CN5-G2019-VP035,LTMD-CN5-G2019,H2019P5CNA,2019,5,35,162,35,https://historico.conaliteg.gob.mx/c/H2019P5CNA/035.jpg,0,0.216049,Q1,source_jpeg,1,200,image/jpeg,101070,867f94aa9f1afd857a1bc43e14ed164612046cd942e3a5f91330bcde2f3829d5,1,
CN_PENDING_PAGE_MANIFEST_0.1,LTMD-CN5-G2019-VP036,LTMD-CN5-G2019,H2019P5CNA,2019,5,36,162,36,https://historico.conaliteg.gob.mx/c/H2019P5CNA/036.jpg,0,0.222222,Q1,source_jpeg,1,200,image/jpeg,74634,1aad24cee19b18be66369083b0eec3145cda4a93fa10d6269bfa03a568296207,1,
CN_PENDING_PAGE_MANIFEST_0.1,LTMD-CN5-G2019-VP037,LTMD-CN5-G2019,H2019P5CNA,2019,5,37,162,37,https://historico.conaliteg.gob.mx/c/H2019P5CNA/037.jpg,0,0.228395,Q1,source_jpeg,1,200,image/jpeg,102288,f5e89f1a8b00634ffd53ccf07fa4e4aa0ba2fcbaef373a9cae84080ff787fe29,1,
CN_PENDING_PAGE_MANIFEST_0.1,LTMD-CN5-G2019-VP038,LTMD-CN5-G2019,H2019P5CNA,2019,5,38,162,38,https://historico.conaliteg.gob.mx/c/H2019P5CNA/038.jpg,0,0.234568,Q1,source_jpeg,1,200,image/jpeg,103513,bea452581a3caf4469fc519cdbaa875ca4be014f62e14d9b93de6fd4b2637330,1,
CN_PENDING_PAGE_MANIFEST_0.1,LTMD-CN5-G2019-VP039,LTMD-CN5-G2019,H2019P5CNA,2019,5,39,162,39,https://historico.conaliteg.gob.mx/c/H2019P5CNA/039.jpg,0,0.240741,Q1,source_jpeg,1,200,image/jpeg,111688,0343ff4e8218b01002048f4a44b7ed43b124f160610e2088a36dfd86129db910,1,
CN_PENDING_PAGE_MANIFEST_0.1,LTMD-CN5-G2019-VP040,LTMD-CN5-G2019,H2019P5CNA,2019,5,40,162,40,https://historico.conaliteg.gob.mx/c/H2019P5CNA/040.jpg,0,0.246914,Q1,source_jpeg,1,200,image/jpeg,122309,aea645d3028b55d3263c8e44451b36f6ca3304f54c4ed8824593400224950e6c,1,
CN_PENDING_PAGE_MANIFEST_0.1,LTMD-CN5-G2019-VP041,LTMD-CN5-G2019,H2019P5CNA,2019,5,41,162,41,https://historico.conaliteg.gob.mx/c/H2019P5CNA/041.jpg,0,0.253086,Q2,source_jpeg,1,200,image/jpeg,133061,aaddbd4cbd1eef4db1738160ab20a390b01e47df107704faaa99bf7808d118e5,1,
CN_PENDING_PAGE_MANIFEST_0.1,LTMD-CN5-G2019-VP042,LTMD-CN5-G2019,H2019P5CNA,2019,5,42,162,42,https://historico.conaliteg.gob.mx/c/H2019P5CNA/042.jpg,0,0.259259,Q2,source_jpeg,1,200,image/jpeg,116785,56eb910b2514440b4bab5b39463a801807a8b9787b80eb4425c09300b810a67a,1,
CN_PENDING_PAGE_MANIFEST_0.1,LTMD-CN5-G2019-VP043,LTMD-CN5-G2019,H2019P5CNA,2019,5,43,162,43,https://historico.conaliteg.gob.mx/c/H2019P5CNA/043.jpg,0,0.265432,Q2,source_jpeg,1,200,image/jpeg,134120,f73b102378cdfc0830535d44485db1a9863c85cd71a9857e95042ae5e608c9ae,1,
CN_PENDING_PAGE_MANIFEST_0.1,LTMD-CN5-G2019-VP044,LTMD-CN5-G2019,H2019P5CNA,2019,5,44,162,44,https://historico.conaliteg.gob.mx/c/H2019P5CNA/044.jpg,0,0.271605,Q2,source_jpeg,1,200,image/jpeg,89211,7aee7cb0f07cf42f07f44b89f63b0619d4d0450e3df648ad7ec8bba48528fd5f,1,
CN_PENDING_PAGE_MANIFEST_0.1,LTMD-CN5-G2019-VP045,LTMD-CN5-G2019,H2019P5CNA,2019,5,45,162,45,https://historico.conaliteg.gob.mx/c/H2019P5CNA/045.jpg,0,0.277778,Q2,source_jpeg,1,200,image/jpeg,106168,5ae36036fabdf57439b2c42aa0bff35b9796f927f808b34c2d6d4e434e51d2ec,1,
CN_PENDING_PAGE_MANIFEST_0.1,LTMD-CN5-G2019-VP046,LTMD-CN5-G2019,H2019P5CNA,2019,5,46,162,46,https://historico.conaliteg.gob.mx/c/H2019P5CNA/046.jpg,0,0.283951,Q2,source_jpeg,1,200,image/jpeg,57481,181964281ccf39a2f59caff6ff0f4b321005ce98aca71784b469019c9dbdb940,1,
CN_PENDING_PAGE_MANIFEST_0.1,LTMD-CN5-G2019-VP047,LTMD-CN5-G2019,H2019P5CNA,2019,5,47,162,47,https://historico.conaliteg.gob.mx/c/H2019P5CNA/047.jpg,0,0.290123,Q2,source_jpeg,1,200,image/jpeg,60678,32ed166062bf6626bf0eb32fa8fbea3c3bb226d259fcd81c8cf82fed2e00d287,1,
CN_PENDING_PAGE_MANIFEST_0.1,LTMD-CN5-G2019-VP048,LTMD-CN5-G2019,H2019P5CNA,2019,5,48,162,48,https://historico.conaliteg.gob.mx/c/H2019P5CNA/048.jpg,0,0.296296,Q2,source_jpeg,1,200,image/jpeg,275692,919602d6c9d25aa4eb2ef0c761666682de1d825ee060cce0e0a9520ee64c1dae,1,
CN_PENDING_PAGE_MANIFEST_0.1,LTMD-CN5-G2019-VP049,LTMD-CN5-G2019,H2019P5CNA,2019,5,49,162,49,https://historico.conaliteg.gob.mx/c/H2019P5CNA/049.jpg,0,0.302469,Q2,source_jpeg,1,200,image/jpeg,22231,fac6fc4b7a8f4d0304f438bc3a72f2895393bdf1e734a71a0f00f653f239b280,1,
CN_PENDING_PAGE_MANIFEST_0.1,LTMD-CN5-G2019-VP050,LTMD-CN5-G2019,H2019P5CNA,2019,5,50,162,50,https://historico.conaliteg.gob.mx/c/H2019P5CNA/050.jpg,0,0.308642,Q2,source_jpeg,1,200,image/jpeg,230531,85e8bbd5116fdec0f464f7f5eb3e25e239163045c5072ba5069ef61544c091b6,1,
CN_PENDING_PAGE_MANIFEST_0.1,LTMD-CN5-G2019-VP051,LTMD-CN5-G2019,H2019P5CNA,2019,5,51,162,51,https://historico.conaliteg.gob.mx/c/H2019P5CNA/051.jpg,0,0.314815,Q2,source_jpeg,1,200,image/jpeg,120160,0a9047519270c19b829d9eb2f8be2df4ef883f3b17abe2d6a657b48979676472,1,
CN_PENDING_PAGE_MANIFEST_0.1,LTMD-CN5-G2019-VP052,LTMD-CN5-G2019,H2019P5CNA,2019,5,52,162,52,https://historico.conaliteg.gob.mx/c/H2019P5CNA/052.jpg,0,0.320988,Q2,source_jpeg,1,200,image/jpeg,178768,b9bb187e20ea7581131bb6a023c04034256d6ed2fdaabb93e61820bdf139349b,1,
CN_PENDING_PAGE_MANIFEST_0.1,LTMD-CN5-G2019-VP053,LTMD-CN5-G2019,H2019P5CNA,2019,5,53,162,53,https://historico.conaliteg.gob.mx/c/H2019P5CNA/053.jpg,0,0.327160,Q2,source_jpeg,1,200,image/jpeg,160439,0d16e0db58724a4f6b32726eca1e4709538a2a29f76cf480553f461f8278a9b7,1,
CN_PENDING_PAGE_MANIFEST_0.1,LTMD-CN5-G2019-VP054,LTMD-CN5-G2019,H2019P5CNA,2019,5,54,162,54,https://historico.conaliteg.gob.mx/c/H2019P5CNA/054.jpg,0,0.333333,Q2,source_jpeg,1,200,image/jpeg,144398,5e2738403087baac4aaa86f8db926f71e8b397d79d97842b57e8480cc69a97b7,1,
CN_PENDING_PAGE_MANIFEST_0.1,LTMD-CN5-G2019-VP055,LTMD-CN5-G2019,H2019P5CNA,2019,5,55,162,55,https://historico.conaliteg.gob.mx/c/H2019P5CNA/055.jpg,0,0.339506,Q2,source_jpeg,1,200,image/jpeg,103676,c286d94e633f28b62858ec78007cf1a60920409d6228428f09a706a5c8f336c1,1,
CN_PENDING_PAGE_MANIFEST_0.1,LTMD-CN5-G2019-VP056,LTMD-CN5-G2019,H2019P5CNA,2019,5,56,162,56,https://historico.conaliteg.gob.mx/c/H2019P5CNA/056.jpg,0,0.345679,Q2,source_jpeg,1,200,image/jpeg,270115,acaa401beaacbb62f0df4acd28201ae49b305997b018ff26e278e1f5fd0f821e,1,
CN_PENDING_PAGE_MANIFEST_0.1,LTMD-CN5-G2019-VP057,LTMD-CN5-G2019,H2019P5CNA,2019,5,57,162,57,https://historico.conaliteg.gob.mx/c/H2019P5CNA/057.jpg,0,0.351852,Q2,source_jpeg,1,200,image/jpeg,108014,716c436ff3eb47a12e437df4a2f8fdb01abbf7a59474f5da08bbce6c7c324dbc,1,
CN_PENDING_PAGE_MANIFEST_0.1,LTMD-CN5-G2019-VP058,LTMD-CN5-G2019,H2019P5CNA,2019,5,58,162,58,https://historico.conaliteg.gob.mx/c/H2019P5CNA/058.jpg,0,0.358025,Q2,source_jpeg,1,200,image/jpeg,155763,2cc12ccb787ea46178de175b642861fbe1cc2f410d290f32a59d42e99ad54583,1,
CN_PENDING_PAGE_MANIFEST_0.1,LTMD-CN5-G2019-VP059,LTMD-CN5-G2019,H2019P5CNA,2019,5,59,162,59,https://historico.conaliteg.gob.mx/c/H2019P5CNA/059.jpg,0,0.364198,Q2,source_jpeg,1,200,image/jpeg,183612,f4b522fd0c383c6aae20d7470a2e29126a90a2e2d292538d8b11017681b3bff0,1,
CN_PENDING_PAGE_MANIFEST_0.1,LTMD-CN5-G2019-VP060,LTMD-CN5-G2019,H2019P5CNA,2019,5,60,162,60,https://historico.conaliteg.gob.mx/c/H2019P5CNA/060.jpg,0,0.370370,Q2,source_jpeg,1,200,image/jpeg,195488,088a8ece28e6e6a373e17674efb45f67ca77a590e01eb76582a791b2312c28ed,1,
CN_PENDING_PAGE_MANIFEST_0.1,LTMD-CN5-G2019-VP061,LTMD-CN5-G2019,H2019P5CNA,2019,5,61,162,61,https://historico.conaliteg.gob.mx/c/H2019P5CNA/061.jpg,0,0.376543,Q2,source_jpeg,1,200,image/jpeg,226953,f1dd9a3e51d617a9d2a3eeb64dd33174348d0a154e3cc4e33f23e688758abd0e,1,
CN_PENDING_PAGE_MANIFEST_0.1,LTMD-CN5-G2019-VP062,LTMD-CN5-G2019,H2019P5CNA,2019,5,62,162,62,https://historico.conaliteg.gob.mx/c/H2019P5CNA/062.jpg,0,0.382716,Q2,source_jpeg,1,200,image/jpeg,191096,bd66ab26845c0fc93f362cd281717ba14a2d4b788e5187639c70d85a09de005d,1,
CN_PENDING_PAGE_MANIFEST_0.1,LTMD-CN5-G2019-VP063,LTMD-CN5-G2019,H2019P5CNA,2019,5,63,162,63,https://historico.conaliteg.gob.mx/c/H2019P5CNA/063.jpg,0,0.388889,Q2,source_jpeg,1,200,image/jpeg,266850,0f0737b1a510419ce0fc1edfebf18ff8077aa65646098bc2a91ac12baf220427,1,
CN_PENDING_PAGE_MANIFEST_0.1,LTMD-CN5-G2019-VP064,LTMD-CN5-G2019,H2019P5CNA,2019,5,64,162,64,https://historico.conaliteg.gob.mx/c/H2019P5CNA/064.jpg,0,0.395062,Q2,source_jpeg,1,200,image/jpeg,167343,1d83bdd53ae0b6d92c345db6e469869db20907af018f3d0e8eed2f467974a00c,1,
CN_PENDING_PAGE_MANIFEST_0.1,LTMD-CN5-G2019-VP065,LTMD-CN5-G2019,H2019P5CNA,2019,5,65,162,65,https://historico.conaliteg.gob.mx/c/H2019P5CNA/065.jpg,0,0.401235,Q2,source_jpeg,1,200,image/jpeg,143051,d3e75b0f5d16036554f667880417aa266283fa9c12a481ac8a24138b22a79937,1,
CN_PENDING_PAGE_MANIFEST_0.1,LTMD-CN5-G2019-VP066,LTMD-CN5-G2019,H2019P5CNA,2019,5,66,162,66,https://historico.conaliteg.gob.mx/c/H2019P5CNA/066.jpg,0,0.407407,Q2,source_jpeg,1,200,image/jpeg,176247,e299050f5c30e2e706d799bb24f85502f42b2a925b878b684e82b546b8d27817,1,
CN_PENDING_PAGE_MANIFEST_0.1,LTMD-CN5-G2019-VP067,LTMD-CN5-G2019,H2019P5CNA,2019,5,67,162,67,https://historico.conaliteg.gob.mx/c/H2019P5CNA/067.jpg,0,0.413580,Q2,source_jpeg,1,200,image/jpeg,109113,bcebda6ccbf36d02d9a14a31bd8a57317455dca170f817429bb3bdac90f5c31d,1,
CN_PENDING_PAGE_MANIFEST_0.1,LTMD-CN5-G2019-VP068,LTMD-CN5-G2019,H2019P5CNA,2019,5,68,162,68,https://historico.conaliteg.gob.mx/c/H2019P5CNA/068.jpg,0,0.419753,Q2,source_jpeg,1,200,image/jpeg,274507,c58c387877325b0d30ed208d288ac2f17554ad9643549c2679a3b88ce57e978d,1,
CN_PENDING_PAGE_MANIFEST_0.1,LTMD-CN5-G2019-VP069,LTMD-CN5-G2019,H2019P5CNA,2019,5,69,162,69,https://historico.conaliteg.gob.mx/c/H2019P5CNA/069.jpg,0,0.425926,Q2,source_jpeg,1,200,image/jpeg,164784,4ca60a78b9b2f1addbbe5c89bfca7baba97a4c5ac32e63499ea2912db0d3d88c,1,
CN_PENDING_PAGE_MANIFEST_0.1,LTMD-CN5-G2019-VP070,LTMD-CN5-G2019,H2019P5CNA,2019,5,70,162,70,https://historico.conaliteg.gob.mx/c/H2019P5CNA/070.jpg,0,0.432099,Q2,source_jpeg,1,200,image/jpeg,151581,070a08a7cbffa1ea1dd7860c361f62f482da9e58c6e43b5605581b42bdd84c72,1,
CN_PENDING_PAGE_MANIFEST_0.1,LTMD-CN5-G2019-VP071,LTMD-CN5-G2019,H2019P5CNA,2019,5,71,162,71,https://historico.conaliteg.gob.mx/c/H2019P5CNA/071.jpg,0,0.438272,Q2,source_jpeg,1,200,image/jpeg,158593,a22932da747e57777a0868963fc17dc37d3b08e9a6cc72e0255a3e32e3c8344c,1,
CN_PENDING_PAGE_MANIFEST_0.1,LTMD-CN5-G2019-VP072,LTMD-CN5-G2019,H2019P5CNA,2019,5,72,162,72,https://historico.conaliteg.gob.mx/c/H2019P5CNA/072.jpg,0,0.444444,Q2,source_jpeg,1,200,image/jpeg,157990,96cf6932962c18d862a9ac5bf23db16a4f20fc6cf519d23c682587e7f4ff9dcb,1,
CN_PENDING_PAGE_MANIFEST_0.1,LTMD-CN5-G2019-VP073,LTMD-CN5-G2019,H2019P5CNA,2019,5,73,162,73,https://historico.conaliteg.gob.mx/c/H2019P5CNA/073.jpg,0,0.450617,Q2,source_jpeg,1,200,image/jpeg,106325,4c2edcefa5a1c30ffa7ede0a2c70de1a47c12bbdfa80e971db0db3ce7256dcdc,1,
CN_PENDING_PAGE_MANIFEST_0.1,LTMD-CN5-G2019-VP074,LTMD-CN5-G2019,H2019P5CNA,2019,5,74,162,74,https://historico.conaliteg.gob.mx/c/H2019P5CNA/074.jpg,0,0.456790,Q2,source_jpeg,1,200,image/jpeg,77784,2c55288aa2fdd7344c3143c29c0b35cf10ad4dcc172bbc18bdf00c6256895b55,1,
CN_PENDING_PAGE_MANIFEST_0.1,LTMD-CN5-G2019-VP075,LTMD-CN5-G2019,H2019P5CNA,2019,5,75,162,75,https://historico.conaliteg.gob.mx/c/H2019P5CNA/075.jpg,0,0.462963,Q2,source_jpeg,1,200,image/jpeg,68449,19e16923e5a27e3ecdac2163be92a9f48b255c5d2c66e5b28bd2d1cdc6290b00,1,
CN_PENDING_PAGE_MANIFEST_0.1,LTMD-CN5-G2019-VP076,LTMD-CN5-G2019,H2019P5CNA,2019,5,76,162,76,https://historico.conaliteg.gob.mx/c/H2019P5CNA/076.jpg,0,0.469136,Q2,source_jpeg,1,200,image/jpeg,53680,8f5b421747e93f4e633c3dc12f68c7ce77f7e8a3e9acf4795a96abaa7515b71b,1,
CN_PENDING_PAGE_MANIFEST_0.1,LTMD-CN5-G2019-VP077,LTMD-CN5-G2019,H2019P5CNA,2019,5,77,162,77,https://historico.conaliteg.gob.mx/c/H2019P5CNA/077.jpg,0,0.475309,Q2,source_jpeg,1,200,image/jpeg,80532,90402bbda2c289e41546b24d5f519ae7d0127d2a2119dc0bf1d49a74425c4857,1,
CN_PENDING_PAGE_MANIFEST_0.1,LTMD-CN5-G2019-VP078,LTMD-CN5-G2019,H2019P5CNA,2019,5,78,162,78,https://historico.conaliteg.gob.mx/c/H2019P5CNA/078.jpg,0,0.481481,Q2,source_jpeg,1,200,image/jpeg,242487,2a21ef0a26cfff4c78e6a1c83482e06fee043c4ed1f1a252f8c66e805c5285ee,1,
CN_PENDING_PAGE_MANIFEST_0.1,LTMD-CN5-G2019-VP079,LTMD-CN5-G2019,H2019P5CNA,2019,5,79,162,79,https://historico.conaliteg.gob.mx/c/H2019P5CNA/079.jpg,0,0.487654,Q2,source_jpeg,1,200,image/jpeg,22833,aa7aee5b0d90f6dc6744daa27f85578661f2ddb24f2d87d5c682a25eb813af02,1,
CN_PENDING_PAGE_MANIFEST_0.1,LTMD-CN5-G2019-VP080,LTMD-CN5-G2019,H2019P5CNA,2019,5,80,162,80,https://historico.conaliteg.gob.mx/c/H2019P5CNA/080.jpg,0,0.493827,Q2,source_jpeg,1,200,image/jpeg,84414,8c8a9fa38f8b1c1dfed3a5e69483801abacfa1d8a33e2f98a086d31c7356d8c5,1,
CN_PENDING_PAGE_MANIFEST_0.1,LTMD-CN5-G2019-VP081,LTMD-CN5-G2019,H2019P5CNA,2019,5,81,162,81,https://historico.conaliteg.gob.mx/c/H2019P5CNA/081.jpg,0,0.500000,Q2,source_jpeg,1,200,image/jpeg,87017,38e52d2678c0134ba129b3204899ca193b7491c1404d3a3e4dd1cfa07cf8df38,1,
CN_PENDING_PAGE_MANIFEST_0.1,LTMD-CN5-G2019-VP082,LTMD-CN5-G2019,H2019P5CNA,2019,5,82,162,82,https://historico.conaliteg.gob.mx/c/H2019P5CNA/082.jpg,0,0.506173,Q3,source_jpeg,1,200,image/jpeg,137712,c3fcaaa761c16a1123b004e48e77c71d02157679cd0ae70215bd63eb26432296,1,
CN_PENDING_PAGE_MANIFEST_0.1,LTMD-CN5-G2019-VP083,LTMD-CN5-G2019,H2019P5CNA,2019,5,83,162,83,https://historico.conaliteg.gob.mx/c/H2019P5CNA/083.jpg,0,0.512346,Q3,source_jpeg,1,200,image/jpeg,114374,1387e49e3861a262c8598d9c4779a7f62cc5f3f54afe92219b4f759c228ce07f,1,
CN_PENDING_PAGE_MANIFEST_0.1,LTMD-CN5-G2019-VP084,LTMD-CN5-G2019,H2019P5CNA,2019,5,84,162,84,https://historico.conaliteg.gob.mx/c/H2019P5CNA/084.jpg,0,0.518519,Q3,source_jpeg,1,200,image/jpeg,137767,a09d4ca57917dc500f8d4dabc8ffaeb5b73d4ba3228c77abfc91a3d0bfce64a4,1,
CN_PENDING_PAGE_MANIFEST_0.1,LTMD-CN5-G2019-VP085,LTMD-CN5-G2019,H2019P5CNA,2019,5,85,162,85,https://historico.conaliteg.gob.mx/c/H2019P5CNA/085.jpg,0,0.524691,Q3,source_jpeg,1,200,image/jpeg,136423,2b1a9e4298c22552c63fe0e4c1c5b1dfc853e548a8baa2c61bad32b8c5a74ff8,1,
CN_PENDING_PAGE_MANIFEST_0.1,LTMD-CN5-G2019-VP086,LTMD-CN5-G2019,H2019P5CNA,2019,5,86,162,86,https://historico.conaliteg.gob.mx/c/H2019P5CNA/086.jpg,0,0.530864,Q3,source_jpeg,1,200,image/jpeg,147383,a276242053e0377f4a4a32aedd116699422405afae216f9646a8869082184f93,1,
CN_PENDING_PAGE_MANIFEST_0.1,LTMD-CN5-G2019-VP087,LTMD-CN5-G2019,H2019P5CNA,2019,5,87,162,87,https://historico.conaliteg.gob.mx/c/H2019P5CNA/087.jpg,0,0.537037,Q3,source_jpeg,1,200,image/jpeg,201995,76ef9a11e1c157ab1f10f4b03b7cf1a9322c5219dc848851b4032ecead76c0ed,1,
CN_PENDING_PAGE_MANIFEST_0.1,LTMD-CN5-G2019-VP088,LTMD-CN5-G2019,H2019P5CNA,2019,5,88,162,88,https://historico.conaliteg.gob.mx/c/H2019P5CNA/088.jpg,0,0.543210,Q3,source_jpeg,1,200,image/jpeg,160155,8043f36c7522ff0ff3a30f729fdfcaa338a0066be450fc7db0ba34b3949baf16,1,
CN_PENDING_PAGE_MANIFEST_0.1,LTMD-CN5-G2019-VP089,LTMD-CN5-G2019,H2019P5CNA,2019,5,89,162,89,https://historico.conaliteg.gob.mx/c/H2019P5CNA/089.jpg,0,0.549383,Q3,source_jpeg,1,200,image/jpeg,79432,50f448165510d4c7446dd6ee0388b96934140e3ebee8b0ce8263c6af902d063e,1,
CN_PENDING_PAGE_MANIFEST_0.1,LTMD-CN5-G2019-VP090,LTMD-CN5-G2019,H2019P5CNA,2019,5,90,162,90,https://historico.conaliteg.gob.mx/c/H2019P5CNA/090.jpg,0,0.555556,Q3,source_jpeg,1,200,image/jpeg,119040,9dde46f592074bd62ef0c887e9d92b8e86ac9e069bab0b2705d2f19c061d214f,1,
CN_PENDING_PAGE_MANIFEST_0.1,LTMD-CN5-G2019-VP091,LTMD-CN5-G2019,H2019P5CNA,2019,5,91,162,91,https://historico.conaliteg.gob.mx/c/H2019P5CNA/091.jpg,0,0.561728,Q3,source_jpeg,1,200,image/jpeg,123916,b7e2a81108c0d6cdbb1a263825b1d664e274cd81e20f6761fd0d7a2ca08152d0,1,
CN_PENDING_PAGE_MANIFEST_0.1,LTMD-CN5-G2019-VP092,LTMD-CN5-G2019,H2019P5CNA,2019,5,92,162,92,https://historico.conaliteg.gob.mx/c/H2019P5CNA/092.jpg,0,0.567901,Q3,source_jpeg,1,200,image/jpeg,168618,b6192a8462991ff14242691f9519b9297d74f71d4ca3bbed7f3e277d818c9c58,1,
CN_PENDING_PAGE_MANIFEST_0.1,LTMD-CN5-G2019-VP093,LTMD-CN5-G2019,H2019P5CNA,2019,5,93,162,93,https://historico.conaliteg.gob.mx/c/H2019P5CNA/093.jpg,0,0.574074,Q3,source_jpeg,1,200,image/jpeg,135929,06817efd6e7148464dbe2a67dd28c2877870b25cf35ea86a4e8488aa04f19cca,1,
CN_PENDING_PAGE_MANIFEST_0.1,LTMD-CN5-G2019-VP094,LTMD-CN5-G2019,H2019P5CNA,2019,5,94,162,94,https://historico.conaliteg.gob.mx/c/H2019P5CNA/094.jpg,0,0.580247,Q3,source_jpeg,1,200,image/jpeg,60661,542b6e03f2ea467e5b1068e9962c687c19939bcbc844d73e34b9d9bd7051bd41,1,
CN_PENDING_PAGE_MANIFEST_0.1,LTMD-CN5-G2019-VP095,LTMD-CN5-G2019,H2019P5CNA,2019,5,95,162,95,https://historico.conaliteg.gob.mx/c/H2019P5CNA/095.jpg,0,0.586420,Q3,source_jpeg,1,200,image/jpeg,93919,bb90f3b8b8a5cbab6437425c8781fcfea90d8c03b7cd938735bdd6df4a4fddad,1,
CN_PENDING_PAGE_MANIFEST_0.1,LTMD-CN5-G2019-VP096,LTMD-CN5-G2019,H2019P5CNA,2019,5,96,162,96,https://historico.conaliteg.gob.mx/c/H2019P5CNA/096.jpg,0,0.592593,Q3,source_jpeg,1,200,image/jpeg,109934,109f5f3c242e2a2ec5a94fb201b443425ef50e43b28cfbcb98e72ece70557b0d,1,
CN_PENDING_PAGE_MANIFEST_0.1,LTMD-CN5-G2019-VP097,LTMD-CN5-G2019,H2019P5CNA,2019,5,97,162,97,https://historico.conaliteg.gob.mx/c/H2019P5CNA/097.jpg,0,0.598765,Q3,source_jpeg,1,200,image/jpeg,127625,05b19658d376d3891654f0acdcb406d523c9ad969b571871158262505062645f,1,
CN_PENDING_PAGE_MANIFEST_0.1,LTMD-CN5-G2019-VP098,LTMD-CN5-G2019,H2019P5CNA,2019,5,98,162,98,https://historico.conaliteg.gob.mx/c/H2019P5CNA/098.jpg,0,0.604938,Q3,source_jpeg,1,200,image/jpeg,76622,51500b8bd566cff2099d546aceaa14065470d80719ec9dee97abe4b42b7fc76d,1,
CN_PENDING_PAGE_MANIFEST_0.1,LTMD-CN5-G2019-VP099,LTMD-CN5-G2019,H2019P5CNA,2019,5,99,162,99,https://historico.conaliteg.gob.mx/c/H2019P5CNA/099.jpg,0,0.611111,Q3,source_jpeg,1,200,image/jpeg,108081,3ba66670bbc374fc3360dd6e712311de72e43bdbdede1649cd7c36ee9b5df760,1,
CN_PENDING_PAGE_MANIFEST_0.1,LTMD-CN5-G2019-VP100,LTMD-CN5-G2019,H2019P5CNA,2019,5,100,162,100,https://historico.conaliteg.gob.mx/c/H2019P5CNA/100.jpg,0,0.617284,Q3,source_jpeg,1,200,image/jpeg,61273,f5bece6d6e04979606c5ce90b5bca1d4c746135ea992b8326224a96f24bf3c98,1,
CN_PENDING_PAGE_MANIFEST_0.1,LTMD-CN5-G2019-VP101,LTMD-CN5-G2019,H2019P5CNA,2019,5,101,162,101,https://historico.conaliteg.gob.mx/c/H2019P5CNA/101.jpg,0,0.623457,Q3,source_jpeg,1,200,image/jpeg,56391,8fc751422c9e7e8e88991629fffb5084a1e7f0b0b70615c63a53f91a0e43e6c7,1,
CN_PENDING_PAGE_MANIFEST_0.1,LTMD-CN5-G2019-VP102,LTMD-CN5-G2019,H2019P5CNA,2019,5,102,162,102,https://historico.conaliteg.gob.mx/c/H2019P5CNA/102.jpg,0,0.629630,Q3,source_jpeg,1,200,image/jpeg,27767,48d282b574fa9c02ac1331eea79a1337a44924e51a56688fb7b1e9251ec44ebd,1,
CN_PENDING_PAGE_MANIFEST_0.1,LTMD-CN5-G2019-VP103,LTMD-CN5-G2019,H2019P5CNA,2019,5,103,162,103,https://historico.conaliteg.gob.mx/c/H2019P5CNA/103.jpg,0,0.635802,Q3,source_jpeg,1,200,image/jpeg,23631,627bd461ea6fd93c7b5d5f8be78d1c9f388f63b107fc8304e767001a01252027,1,
CN_PENDING_PAGE_MANIFEST_0.1,LTMD-CN5-G2019-VP104,LTMD-CN5-G2019,H2019P5CNA,2019,5,104,162,104,https://historico.conaliteg.gob.mx/c/H2019P5CNA/104.jpg,0,0.641975,Q3,source_jpeg,1,200,image/jpeg,14388,a4a971abefe66bf2798f184c06324d5e9a9833707906c5f85e9e4ec06c56aa78,1,
CN_PENDING_PAGE_MANIFEST_0.1,LTMD-CN5-G2019-VP105,LTMD-CN5-G2019,H2019P5CNA,2019,5,105,162,105,https://historico.conaliteg.gob.mx/c/H2019P5CNA/105.jpg,0,0.648148,Q3,source_jpeg,1,200,image/jpeg,91520,185ca5b4b89fb9157e57c9e6cf1a2d126d7f259d21f6552550e681034c396e13,1,
CN_PENDING_PAGE_MANIFEST_0.1,LTMD-CN5-G2019-VP106,LTMD-CN5-G2019,H2019P5CNA,2019,5,106,162,106,https://historico.conaliteg.gob.mx/c/H2019P5CNA/106.jpg,0,0.654321,Q3,source_jpeg,1,200,image/jpeg,93853,ab0d1045e3c70bc3daae92c548c1dc29d50068c1dfd9dd00c6818107b0cb65e2,1,
CN_PENDING_PAGE_MANIFEST_0.1,LTMD-CN5-G2019-VP107,LTMD-CN5-G2019,H2019P5CNA,2019,5,107,162,107,https://historico.conaliteg.gob.mx/c/H2019P5CNA/107.jpg,0,0.660494,Q3,source_jpeg,1,200,image/jpeg,142262,04f194dbb93f25fe1fc91c08831827246986e8c62f12c5fe10f3d3463cb01320,1,
CN_PENDING_PAGE_MANIFEST_0.1,LTMD-CN5-G2019-VP108,LTMD-CN5-G2019,H2019P5CNA,2019,5,108,162,108,https://historico.conaliteg.gob.mx/c/H2019P5CNA/108.jpg,0,0.666667,Q3,source_jpeg,1,200,image/jpeg,143667,e615b048aeeceedfd7e0c04b82a4374b1aa40d7b9d20f6a9ec9e277b82697bc0,1,
CN_PENDING_PAGE_MANIFEST_0.1,LTMD-CN5-G2019-VP109,LTMD-CN5-G2019,H2019P5CNA,2019,5,109,162,109,https://historico.conaliteg.gob.mx/c/H2019P5CNA/109.jpg,0,0.672840,Q3,source_jpeg,1,200,image/jpeg,89914,89626569a4c5955aae0ad58c7ed805ce918677903f1c3b957b9218208822ba6c,1,
CN_PENDING_PAGE_MANIFEST_0.1,LTMD-CN5-G2019-VP110,LTMD-CN5-G2019,H2019P5CNA,2019,5,110,162,110,https://historico.conaliteg.gob.mx/c/H2019P5CNA/110.jpg,0,0.679012,Q3,source_jpeg,1,200,image/jpeg,133528,89f12f1e2e98b28d982f0c30fb2c546b891e841d5716b384c32377cd34a14b62,1,
CN_PENDING_PAGE_MANIFEST_0.1,LTMD-CN5-G2019-VP111,LTMD-CN5-G2019,H2019P5CNA,2019,5,111,162,111,https://historico.conaliteg.gob.mx/c/H2019P5CNA/111.jpg,0,0.685185,Q3,source_jpeg,1,200,image/jpeg,174806,c45dc3c9ecdc4957cb91db1c8a788ea9ff212437c14feef4de238b70c5c9505e,1,
CN_PENDING_PAGE_MANIFEST_0.1,LTMD-CN5-G2019-VP112,LTMD-CN5-G2019,H2019P5CNA,2019,5,112,162,112,https://historico.conaliteg.gob.mx/c/H2019P5CNA/112.jpg,0,0.691358,Q3,source_jpeg,1,200,image/jpeg,71638,8f8878152ce619c20efae172a339d88472675b496377bb335294583b74a29da0,1,
CN_PENDING_PAGE_MANIFEST_0.1,LTMD-CN5-G2019-VP113,LTMD-CN5-G2019,H2019P5CNA,2019,5,113,162,113,https://historico.conaliteg.gob.mx/c/H2019P5CNA/113.jpg,0,0.697531,Q3,source_jpeg,1,200,image/jpeg,73517,8384e9566ed45253502b29c3dff6d748f9d845074fd88209a61f2cf7c1bb35c7,1,
CN_PENDING_PAGE_MANIFEST_0.1,LTMD-CN5-G2019-VP114,LTMD-CN5-G2019,H2019P5CNA,2019,5,114,162,114,https://historico.conaliteg.gob.mx/c/H2019P5CNA/114.jpg,0,0.703704,Q3,source_jpeg,1,200,image/jpeg,119492,6c957e87347a2cd32aa229cd85fb21df32b461ac9f4bb28aca2ca9c8e915dce5,1,
CN_PENDING_PAGE_MANIFEST_0.1,LTMD-CN5-G2019-VP115,LTMD-CN5-G2019,H2019P5CNA,2019,5,115,162,115,https://historico.conaliteg.gob.mx/c/H2019P5CNA/115.jpg,0,0.709877,Q3,source_jpeg,1,200,image/jpeg,110924,647c00939af0ca65a35c20c1b5bd2e6a642ca0870a26b136761da4d82047338f,1,
CN_PENDING_PAGE_MANIFEST_0.1,LTMD-CN5-G2019-VP116,LTMD-CN5-G2019,H2019P5CNA,2019,5,116,162,116,https://historico.conaliteg.gob.mx/c/H2019P5CNA/116.jpg,0,0.716049,Q3,source_jpeg,1,200,image/jpeg,109707,555b6ce5617bc42305f81ae6b7482de19696fd4efb293e91bed00c71e3349c0d,1,
CN_PENDING_PAGE_MANIFEST_0.1,LTMD-CN5-G2019-VP117,LTMD-CN5-G2019,H2019P5CNA,2019,5,117,162,117,https://historico.conaliteg.gob.mx/c/H2019P5CNA/117.jpg,0,0.722222,Q3,source_jpeg,1,200,image/jpeg,183354,e73b607084089042710c0845fd45e772b27fc6a0c8fa3556bbea570d6f873aa0,1,
CN_PENDING_PAGE_MANIFEST_0.1,LTMD-CN5-G2019-VP118,LTMD-CN5-G2019,H2019P5CNA,2019,5,118,162,118,https://historico.conaliteg.gob.mx/c/H2019P5CNA/118.jpg,0,0.728395,Q3,source_jpeg,1,200,image/jpeg,177517,703606e97faea9774cfba7652ccb53a2c0142b95f306394dfcb5a34c78ce7625,1,
CN_PENDING_PAGE_MANIFEST_0.1,LTMD-CN5-G2019-VP119,LTMD-CN5-G2019,H2019P5CNA,2019,5,119,162,119,https://historico.conaliteg.gob.mx/c/H2019P5CNA/119.jpg,0,0.734568,Q3,source_jpeg,1,200,image/jpeg,86279,4c3c98edd8532ed458e42f6039d0a5669e182ebc13212766eda24348654c38b7,1,
CN_PENDING_PAGE_MANIFEST_0.1,LTMD-CN5-G2019-VP120,LTMD-CN5-G2019,H2019P5CNA,2019,5,120,162,120,https://historico.conaliteg.gob.mx/c/H2019P5CNA/120.jpg,0,0.740741,Q3,source_jpeg,1,200,image/jpeg,117271,2956eca9476385df21837130ae0e421cb5fd8953113cb9dc6769309e01e19297,1,
CN_PENDING_PAGE_MANIFEST_0.1,LTMD-CN5-G2019-VP121,LTMD-CN5-G2019,H2019P5CNA,2019,5,121,162,121,https://historico.conaliteg.gob.mx/c/H2019P5CNA/121.jpg,0,0.746914,Q3,source_jpeg,1,200,image/jpeg,124738,a02e36d1337e39d31da8d602f457ea9502a2e619b25b0a1c922594aa0dcec7c0,1,
CN_PENDING_PAGE_MANIFEST_0.1,LTMD-CN5-G2019-VP122,LTMD-CN5-G2019,H2019P5CNA,2019,5,122,162,122,https://historico.conaliteg.gob.mx/c/H2019P5CNA/122.jpg,0,0.753086,Q4,source_jpeg,1,200,image/jpeg,115446,ad1af601a25ab5862739fb5d466489d22c1853599be57d51d77aed0a3114a58f,1,
CN_PENDING_PAGE_MANIFEST_0.1,LTMD-CN5-G2019-VP123,LTMD-CN5-G2019,H2019P5CNA,2019,5,123,162,123,https://historico.conaliteg.gob.mx/c/H2019P5CNA/123.jpg,0,0.759259,Q4,source_jpeg,1,200,image/jpeg,152807,27ba59c8adc01627031a800e49b57ebae5dfc292367193e4bbb1e8b9853c9cff,1,
CN_PENDING_PAGE_MANIFEST_0.1,LTMD-CN5-G2019-VP124,LTMD-CN5-G2019,H2019P5CNA,2019,5,124,162,124,https://historico.conaliteg.gob.mx/c/H2019P5CNA/124.jpg,0,0.765432,Q4,source_jpeg,1,200,image/jpeg,85183,3bcf5ec1f3914baec6737a2e0c67679bd0d59a9097744cf3f6261231873103e3,1,
CN_PENDING_PAGE_MANIFEST_0.1,LTMD-CN5-G2019-VP125,LTMD-CN5-G2019,H2019P5CNA,2019,5,125,162,125,https://historico.conaliteg.gob.mx/c/H2019P5CNA/125.jpg,0,0.771605,Q4,source_jpeg,1,200,image/jpeg,116136,63ba84330167661123053412bce1df7a4bc0836ddcaa04a68f6503aeecb018a1,1,
CN_PENDING_PAGE_MANIFEST_0.1,LTMD-CN5-G2019-VP126,LTMD-CN5-G2019,H2019P5CNA,2019,5,126,162,126,https://historico.conaliteg.gob.mx/c/H2019P5CNA/126.jpg,0,0.777778,Q4,source_jpeg,1,200,image/jpeg,35213,8f880fdff3ddc9ad27f1cec2b5284713dc3c80d1094446f655dd974a2a8510a5,1,
CN_PENDING_PAGE_MANIFEST_0.1,LTMD-CN5-G2019-VP127,LTMD-CN5-G2019,H2019P5CNA,2019,5,127,162,127,https://historico.conaliteg.gob.mx/c/H2019P5CNA/127.jpg,0,0.783951,Q4,source_jpeg,1,200,image/jpeg,56125,a972f8b3de41b2b6905323b3e927fa63455fba1cfb7c53ee2c998b93e92a3d1e,1,
CN_PENDING_PAGE_MANIFEST_0.1,LTMD-CN5-G2019-VP128,LTMD-CN5-G2019,H2019P5CNA,2019,5,128,162,128,https://historico.conaliteg.gob.mx/c/H2019P5CNA/128.jpg,0,0.790123,Q4,source_jpeg,1,200,image/jpeg,160590,f427e8802318614dc07981903ab042e029645d03fe2de21ea6203f20a75350b7,1,
CN_PENDING_PAGE_MANIFEST_0.1,LTMD-CN5-G2019-VP129,LTMD-CN5-G2019,H2019P5CNA,2019,5,129,162,129,https://historico.conaliteg.gob.mx/c/H2019P5CNA/129.jpg,0,0.796296,Q4,source_jpeg,1,200,image/jpeg,27020,d263f4253a3071a2b813721eea87bb332744d3bf69a853368e914cda74c020c7,1,
CN_PENDING_PAGE_MANIFEST_0.1,LTMD-CN5-G2019-VP130,LTMD-CN5-G2019,H2019P5CNA,2019,5,130,162,130,https://historico.conaliteg.gob.mx/c/H2019P5CNA/130.jpg,0,0.802469,Q4,source_jpeg,1,200,image/jpeg,43352,9d15a5e8f0949f59cff86f9c648bcb6723947bc1f3544984748ebb73e2a93999,1,
CN_PENDING_PAGE_MANIFEST_0.1,LTMD-CN5-G2019-VP131,LTMD-CN5-G2019,H2019P5CNA,2019,5,131,162,131,https://historico.conaliteg.gob.mx/c/H2019P5CNA/131.jpg,0,0.808642,Q4,source_jpeg,1,200,image/jpeg,138377,006d007a70ac0d8c10050ab9fbfbc01b8114cc1ee390d383a4fc761dfdebcbe1,1,
CN_PENDING_PAGE_MANIFEST_0.1,LTMD-CN5-G2019-VP132,LTMD-CN5-G2019,H2019P5CNA,2019,5,132,162,132,https://historico.conaliteg.gob.mx/c/H2019P5CNA/132.jpg,0,0.814815,Q4,source_jpeg,1,200,image/jpeg,158829,e5b34fc8a8aac3740ebae92ece59e7140406689b1206a6aebe938dd6cd49c301,1,
CN_PENDING_PAGE_MANIFEST_0.1,LTMD-CN5-G2019-VP133,LTMD-CN5-G2019,H2019P5CNA,2019,5,133,162,133,https://historico.conaliteg.gob.mx/c/H2019P5CNA/133.jpg,0,0.820988,Q4,source_jpeg,1,200,image/jpeg,141657,f89d9b433566f5a37269e55c2f3109aebf61f66bfa2fbbec453ada474c3cfdd9,1,
CN_PENDING_PAGE_MANIFEST_0.1,LTMD-CN5-G2019-VP134,LTMD-CN5-G2019,H2019P5CNA,2019,5,134,162,134,https://historico.conaliteg.gob.mx/c/H2019P5CNA/134.jpg,0,0.827160,Q4,source_jpeg,1,200,image/jpeg,119710,a3e7f3644e3fe3a8f31230dc2c80d0810990ebe461bc70fd21e4250abb243f95,1,
CN_PENDING_PAGE_MANIFEST_0.1,LTMD-CN5-G2019-VP135,LTMD-CN5-G2019,H2019P5CNA,2019,5,135,162,135,https://historico.conaliteg.gob.mx/c/H2019P5CNA/135.jpg,0,0.833333,Q4,source_jpeg,1,200,image/jpeg,117308,d15a1ec99ad9f49e6861c0852a417d41146b597823e6b3983b73015a24dded03,1,
CN_PENDING_PAGE_MANIFEST_0.1,LTMD-CN5-G2019-VP136,LTMD-CN5-G2019,H2019P5CNA,2019,5,136,162,136,https://historico.conaliteg.gob.mx/c/H2019P5CNA/136.jpg,0,0.839506,Q4,source_jpeg,1,200,image/jpeg,176102,06663768da265f132b968f8782168db93b5b0fd2d92095f7d867dc1041e7ccb9,1,
CN_PENDING_PAGE_MANIFEST_0.1,LTMD-CN5-G2019-VP137,LTMD-CN5-G2019,H2019P5CNA,2019,5,137,162,137,https://historico.conaliteg.gob.mx/c/H2019P5CNA/137.jpg,0,0.845679,Q4,source_jpeg,1,200,image/jpeg,124581,119be155e7b7a4a3eb2eeb25e9fd3ae63b1f5226fc9f35af7e1c734e1e35eac8,1,
CN_PENDING_PAGE_MANIFEST_0.1,LTMD-CN5-G2019-VP138,LTMD-CN5-G2019,H2019P5CNA,2019,5,138,162,138,https://historico.conaliteg.gob.mx/c/H2019P5CNA/138.jpg,0,0.851852,Q4,source_jpeg,1,200,image/jpeg,112451,4cd7f5177b862999ca3fd89481605de3e43bb282dba9cf096b42eb613bf1c35a,1,
CN_PENDING_PAGE_MANIFEST_0.1,LTMD-CN5-G2019-VP139,LTMD-CN5-G2019,H2019P5CNA,2019,5,139,162,139,https://historico.conaliteg.gob.mx/c/H2019P5CNA/139.jpg,0,0.858025,Q4,source_jpeg,1,200,image/jpeg,88663,5dac5bc73ccba524e1321800fd6e9cd73db631967e5af6829ff55b3d6aee97a8,1,
CN_PENDING_PAGE_MANIFEST_0.1,LTMD-CN5-G2019-VP140,LTMD-CN5-G2019,H2019P5CNA,2019,5,140,162,140,https://historico.conaliteg.gob.mx/c/H2019P5CNA/140.jpg,0,0.864198,Q4,source_jpeg,1,200,image/jpeg,166064,add11c0b8b4f6b9e4a718dba05ecca984f9cf273b12713afe65d73bfcd5d2ce9,1,
CN_PENDING_PAGE_MANIFEST_0.1,LTMD-CN5-G2019-VP141,LTMD-CN5-G2019,H2019P5CNA,2019,5,141,162,141,https://historico.conaliteg.gob.mx/c/H2019P5CNA/141.jpg,0,0.870370,Q4,source_jpeg,1,200,image/jpeg,188712,9db78b1fb99c4443258c2bd3e417d7e6bed02335a323165db4d2621d895a88e3,1,
CN_PENDING_PAGE_MANIFEST_0.1,LTMD-CN5-G2019-VP142,LTMD-CN5-G2019,H2019P5CNA,2019,5,142,162,142,https://historico.conaliteg.gob.mx/c/H2019P5CNA/142.jpg,0,0.876543,Q4,source_jpeg,1,200,image/jpeg,108393,0a109b191b701f3fe7021412bd1d30f81679553d0c428f6c8ff17eccdc97d674,1,
CN_PENDING_PAGE_MANIFEST_0.1,LTMD-CN5-G2019-VP143,LTMD-CN5-G2019,H2019P5CNA,2019,5,143,162,143,https://historico.conaliteg.gob.mx/c/H2019P5CNA/143.jpg,0,0.882716,Q4,source_jpeg,1,200,image/jpeg,151432,4b53d2f6889ef2ff894889550797bcf46e7a72a9e356bb0ab86abcb42647e92a,1,
CN_PENDING_PAGE_MANIFEST_0.1,LTMD-CN5-G2019-VP144,LTMD-CN5-G2019,H2019P5CNA,2019,5,144,162,144,https://historico.conaliteg.gob.mx/c/H2019P5CNA/144.jpg,0,0.888889,Q4,source_jpeg,1,200,image/jpeg,152478,c288f7acda822ca12f793e5d4bb9a924f1de57005871fe03c055009e7d02a965,1,
CN_PENDING_PAGE_MANIFEST_0.1,LTMD-CN5-G2019-VP145,LTMD-CN5-G2019,H2019P5CNA,2019,5,145,162,145,https://historico.conaliteg.gob.mx/c/H2019P5CNA/145.jpg,0,0.895062,Q4,source_jpeg,1,200,image/jpeg,213049,56cfd424de6ed263d56e2f2d2f2052c097624ac2dafc776d6422ba22a9c3f5c3,1,
CN_PENDING_PAGE_MANIFEST_0.1,LTMD-CN5-G2019-VP146,LTMD-CN5-G2019,H2019P5CNA,2019,5,146,162,146,https://historico.conaliteg.gob.mx/c/H2019P5CNA/146.jpg,0,0.901235,Q4,source_jpeg,1,200,image/jpeg,111452,e1300baa764b2c253b36421c52f87cb57dfa50c0cd08d7ceb4620cf0ccf43041,1,
CN_PENDING_PAGE_MANIFEST_0.1,LTMD-CN5-G2019-VP147,LTMD-CN5-G2019,H2019P5CNA,2019,5,147,162,147,https://historico.conaliteg.gob.mx/c/H2019P5CNA/147.jpg,0,0.907407,Q4,source_jpeg,1,200,image/jpeg,103396,0df5031787b033f2b6c2e3cb641d46cb99673571ad0b3cfcfa82084edd3fd58c,1,
CN_PENDING_PAGE_MANIFEST_0.1,LTMD-CN5-G2019-VP148,LTMD-CN5-G2019,H2019P5CNA,2019,5,148,162,148,https://historico.conaliteg.gob.mx/c/H2019P5CNA/148.jpg,0,0.913580,Q4,source_jpeg,1,200,image/jpeg,101560,0d69121068d4a93cde3e91ecac3f59b6b91839fce0019123051288b8794fcf94,1,
CN_PENDING_PAGE_MANIFEST_0.1,LTMD-CN5-G2019-VP149,LTMD-CN5-G2019,H2019P5CNA,2019,5,149,162,149,https://historico.conaliteg.gob.mx/c/H2019P5CNA/149.jpg,0,0.919753,Q4,source_jpeg,1,200,image/jpeg,85192,85fec5c067b6f1da4f8761f5d5d137a9252402f1d4fb3da669120c18f9633979,1,
CN_PENDING_PAGE_MANIFEST_0.1,LTMD-CN5-G2019-VP150,LTMD-CN5-G2019,H2019P5CNA,2019,5,150,162,150,https://historico.conaliteg.gob.mx/c/H2019P5CNA/150.jpg,0,0.925926,Q4,source_jpeg,1,200,image/jpeg,137480,831a86211ddeb5fa0a2538c0d4c4bd1ad2490cc2e38cd85b0f1f5a0a8fd06acc,1,
CN_PENDING_PAGE_MANIFEST_0.1,LTMD-CN5-G2019-VP151,LTMD-CN5-G2019,H2019P5CNA,2019,5,151,162,151,https://historico.conaliteg.gob.mx/c/H2019P5CNA/151.jpg,0,0.932099,Q4,source_jpeg,1,200,image/jpeg,114916,e134c50bb8416acae379d05bc3044bcbbff52a3e1ab7b4d5364bddccd3be836d,1,
CN_PENDING_PAGE_MANIFEST_0.1,LTMD-CN5-G2019-VP152,LTMD-CN5-G2019,H2019P5CNA,2019,5,152,162,152,https://historico.conaliteg.gob.mx/c/H2019P5CNA/152.jpg,0,0.938272,Q4,source_jpeg,1,200,image/jpeg,60903,db6ca484345fd60c58c7c3318f736f05497e313f47514467700cf33ae3d11bb9,1,
CN_PENDING_PAGE_MANIFEST_0.1,LTMD-CN5-G2019-VP153,LTMD-CN5-G2019,H2019P5CNA,2019,5,153,162,153,https://historico.conaliteg.gob.mx/c/H2019P5CNA/153.jpg,0,0.944444,Q4,source_jpeg,1,200,image/jpeg,54628,f4252ec7514fbc1450225258596e13ab79b17046d81899604df7cb4f591c96fc,1,
CN_PENDING_PAGE_MANIFEST_0.1,LTMD-CN5-G2019-VP154,LTMD-CN5-G2019,H2019P5CNA,2019,5,154,162,154,https://historico.conaliteg.gob.mx/c/H2019P5CNA/154.jpg,0,0.950617,Q4,source_jpeg,1,200,image/jpeg,83913,f4d17585804c30fff96f4bf209bd3ef70d0807f8da9b616fef98ee6e76df5708,1,
CN_PENDING_PAGE_MANIFEST_0.1,LTMD-CN5-G2019-VP155,LTMD-CN5-G2019,H2019P5CNA,2019,5,155,162,155,https://historico.conaliteg.gob.mx/c/H2019P5CNA/155.jpg,0,0.956790,Q4,source_jpeg,1,200,image/jpeg,228489,f5275389f11185f7ed3291d8affb4287a2e90af930efda8b731fa28f741a1672,1,
CN_PENDING_PAGE_MANIFEST_0.1,LTMD-CN5-G2019-VP156,LTMD-CN5-G2019,H2019P5CNA,2019,5,156,162,156,https://historico.conaliteg.gob.mx/c/H2019P5CNA/156.jpg,0,0.962963,Q4,source_jpeg,1,200,image/jpeg,228365,d782b09a612b4bd2413f3cddc3fdcb698ce987c56a73fb0c76259dab152860da,1,
CN_PENDING_PAGE_MANIFEST_0.1,LTMD-CN5-G2019-VP157,LTMD-CN5-G2019,H2019P5CNA,2019,5,157,162,157,https://historico.conaliteg.gob.mx/c/H2019P5CNA/157.jpg,0,0.969136,Q4,source_jpeg,1,200,image/jpeg,8543,0074802f636e2821b6321585eb53267a52080993d6b9c4d76091db0fe08bb636,1,
CN_PENDING_PAGE_MANIFEST_0.1,LTMD-CN5-G2019-VP158,LTMD-CN5-G2019,H2019P5CNA,2019,5,158,162,158,https://historico.conaliteg.gob.mx/c/H2019P5CNA/158.jpg,0,0.975309,Q4,source_jpeg,1,200,image/jpeg,16741,ae9ccfb34df6018dd5db010a349fee8dfdb5841281730c9a4818f7419a8a4f6d,1,
CN_PENDING_PAGE_MANIFEST_0.1,LTMD-CN5-G2019-VP159,LTMD-CN5-G2019,H2019P5CNA,2019,5,159,162,159,https://historico.conaliteg.gob.mx/c/H2019P5CNA/159.jpg,0,0.981481,Q4,source_jpeg,1,200,image/jpeg,90563,1d89cbb726b35c1dd33d7b4d91e92e55ba6596b71acd86486d96db086eef9b85,1,
CN_PENDING_PAGE_MANIFEST_0.1,LTMD-CN5-G2019-VP160,LTMD-CN5-G2019,H2019P5CNA,2019,5,160,162,160,https://historico.conaliteg.gob.mx/c/H2019P5CNA/160.jpg,0,0.987654,Q4,source_jpeg,1,200,image/jpeg,52415,ecaeb08b15f6c6f949c1b59991d4f8cfb433883addf6a6c26f0ad64721c89a96,1,
CN_PENDING_PAGE_MANIFEST_0.1,LTMD-CN5-G2019-VP161,LTMD-CN5-G2019,H2019P5CNA,2019,5,161,162,161,https://historico.conaliteg.gob.mx/c/H2019P5CNA/161.jpg,0,0.993827,Q4,source_jpeg,1,200,image/jpeg,75211,60373307666c88176683d945a8f3294234af4bc7890823b6ba7ef567acfbd282,1,
CN_PENDING_PAGE_MANIFEST_0.1,LTMD-CN6-G1982-VP001,LTMD-CN6-G1982,H1982P6CI395,1982,6,1,211,0,https://historico.conaliteg.gob.mx/c/H1982P6CI395/000.jpg,0,0.004739,Q1,source_jpeg,1,200,image/jpeg,286999,9c5dab9d59315a86d32f8467fccd71bdd8a47ac917053b13e6f8e78a7f143b35,1,
CN_PENDING_PAGE_MANIFEST_0.1,LTMD-CN6-G1982-VP002,LTMD-CN6-G1982,H1982P6CI395,1982,6,2,211,2,https://historico.conaliteg.gob.mx/c/H1982P6CI395/002.jpg,0,0.009479,Q1,source_jpeg,1,200,image/jpeg,18097,b859c74868beb87c2cf24358eb9ef1b34a7362d7edf80ee6c437503a3bda0c5c,1,
CN_PENDING_PAGE_MANIFEST_0.1,LTMD-CN6-G1982-VP003,LTMD-CN6-G1982,H1982P6CI395,1982,6,3,211,3,https://historico.conaliteg.gob.mx/c/H1982P6CI395/003.jpg,0,0.014218,Q1,source_jpeg,1,200,image/jpeg,24950,4dcb974767fc4d171e249c42f32e334c0b13d6daa03f4f25b6e4822bb3fa4b24,1,
CN_PENDING_PAGE_MANIFEST_0.1,LTMD-CN6-G1982-VP004,LTMD-CN6-G1982,H1982P6CI395,1982,6,4,211,4,https://historico.conaliteg.gob.mx/c/H1982P6CI395/004.jpg,0,0.018957,Q1,source_jpeg,1,200,image/jpeg,48189,86fa8b6c97da00ad90b31e2531e5287e65a4fc26896871b9f8d1e091846aa44a,1,
CN_PENDING_PAGE_MANIFEST_0.1,LTMD-CN6-G1982-VP005,LTMD-CN6-G1982,H1982P6CI395,1982,6,5,211,5,https://historico.conaliteg.gob.mx/c/H1982P6CI395/005.jpg,0,0.023697,Q1,source_jpeg,1,200,image/jpeg,36151,f731fd5fab091e97e1c4c24a25b64d6c8369376fbfa8f1c68bb5bb37bf283b6d,1,
CN_PENDING_PAGE_MANIFEST_0.1,LTMD-CN6-G1982-VP006,LTMD-CN6-G1982,H1982P6CI395,1982,6,6,211,6,https://historico.conaliteg.gob.mx/c/H1982P6CI395/006.jpg,0,0.028436,Q1,source_jpeg,1,200,image/jpeg,65760,0bcacee63c776a5fb352fcfaf177ade0d5d44dc6463dd000d1395234b1bd3a8d,1,
CN_PENDING_PAGE_MANIFEST_0.1,LTMD-CN6-G1982-VP007,LTMD-CN6-G1982,H1982P6CI395,1982,6,7,211,7,https://historico.conaliteg.gob.mx/c/H1982P6CI395/007.jpg,0,0.033175,Q1,source_jpeg,1,200,image/jpeg,42193,41a23964708ac0f0c839441e3309d59636dfda6f10c765b61a7d903d6bdbcc3d,1,
CN_PENDING_PAGE_MANIFEST_0.1,LTMD-CN6-G1982-VP008,LTMD-CN6-G1982,H1982P6CI395,1982,6,8,211,8,https://historico.conaliteg.gob.mx/c/H1982P6CI395/008.jpg,0,0.037915,Q1,source_jpeg,1,200,image/jpeg,51640,4b0d44d83208617ac036610f52f1757d958c922f8f30b2cc4c1d315790fff550,1,
CN_PENDING_PAGE_MANIFEST_0.1,LTMD-CN6-G1982-VP009,LTMD-CN6-G1982,H1982P6CI395,1982,6,9,211,9,https://historico.conaliteg.gob.mx/c/H1982P6CI395/009.jpg,0,0.042654,Q1,source_jpeg,1,200,image/jpeg,38976,5833880e319d9ae649dcd324c6904ae17595e1a855a8f58754bf20dba24f08cd,1,
CN_PENDING_PAGE_MANIFEST_0.1,LTMD-CN6-G1982-VP010,LTMD-CN6-G1982,H1982P6CI395,1982,6,10,211,10,https://historico.conaliteg.gob.mx/c/H1982P6CI395/010.jpg,0,0.047393,Q1,source_jpeg,1,200,image/jpeg,60341,21cb3bf96eb3eb7b7086e868a6d63189af106b0de8f2c61f1b99981893c280e5,1,
CN_PENDING_PAGE_MANIFEST_0.1,LTMD-CN6-G1982-VP011,LTMD-CN6-G1982,H1982P6CI395,1982,6,11,211,11,https://historico.conaliteg.gob.mx/c/H1982P6CI395/011.jpg,0,0.052133,Q1,source_jpeg,1,200,image/jpeg,62389,6b94a9a0fbd50307b19b425b56ad7ba71dd96bccb4d0019fc4d8421e36244875,1,
CN_PENDING_PAGE_MANIFEST_0.1,LTMD-CN6-G1982-VP012,LTMD-CN6-G1982,H1982P6CI395,1982,6,12,211,12,https://historico.conaliteg.gob.mx/c/H1982P6CI395/012.jpg,0,0.056872,Q1,source_jpeg,1,200,image/jpeg,63235,f7eedb072b66e2ccd1071c1e481366e65cb262d16f104f7647d46f5f21e5ab7f,1,
CN_PENDING_PAGE_MANIFEST_0.1,LTMD-CN6-G1982-VP013,LTMD-CN6-G1982,H1982P6CI395,1982,6,13,211,13,https://historico.conaliteg.gob.mx/c/H1982P6CI395/013.jpg,0,0.061611,Q1,source_jpeg,1,200,image/jpeg,60979,fe2c09acee0824e796a1b7dbd2e8eadd1b037720b551b8899ffcc877b0893c45,1,
CN_PENDING_PAGE_MANIFEST_0.1,LTMD-CN6-G1982-VP014,LTMD-CN6-G1982,H1982P6CI395,1982,6,14,211,14,https://historico.conaliteg.gob.mx/c/H1982P6CI395/014.jpg,0,0.066351,Q1,source_jpeg,1,200,image/jpeg,56045,4a24c220a1a1d4f0d8019869845d7eb9071a9cf55490fe9dcd64d62608c96258,1,
CN_PENDING_PAGE_MANIFEST_0.1,LTMD-CN6-G1982-VP015,LTMD-CN6-G1982,H1982P6CI395,1982,6,15,211,15,https://historico.conaliteg.gob.mx/c/H1982P6CI395/015.jpg,0,0.071090,Q1,source_jpeg,1,200,image/jpeg,76173,feb753a2d3e34c2d3840fa6c643cf0b10405cc3949f064727f95adcc7032e7d1,1,
CN_PENDING_PAGE_MANIFEST_0.1,LTMD-CN6-G1982-VP016,LTMD-CN6-G1982,H1982P6CI395,1982,6,16,211,16,https://historico.conaliteg.gob.mx/c/H1982P6CI395/016.jpg,0,0.075829,Q1,source_jpeg,1,200,image/jpeg,61410,1e43e092828870472d0f58cc633467ecc1e68c099eb21706e6d7d2857e81abdd,1,
CN_PENDING_PAGE_MANIFEST_0.1,LTMD-CN6-G1982-VP017,LTMD-CN6-G1982,H1982P6CI395,1982,6,17,211,17,https://historico.conaliteg.gob.mx/c/H1982P6CI395/017.jpg,0,0.080569,Q1,source_jpeg,1,200,image/jpeg,60313,97171a6df7ba9ed20a871d2909e221c57f920eefbd3689e1bc63c6097e25ea00,1,
CN_PENDING_PAGE_MANIFEST_0.1,LTMD-CN6-G1982-VP018,LTMD-CN6-G1982,H1982P6CI395,1982,6,18,211,18,https://historico.conaliteg.gob.mx/c/H1982P6CI395/018.jpg,0,0.085308,Q1,source_jpeg,1,200,image/jpeg,41319,a9fdc0a3aed6540344e1180d654f80343b96daceda0ead823ce757fdaaab27fd,1,
CN_PENDING_PAGE_MANIFEST_0.1,LTMD-CN6-G1982-VP019,LTMD-CN6-G1982,H1982P6CI395,1982,6,19,211,19,https://historico.conaliteg.gob.mx/c/H1982P6CI395/019.jpg,0,0.090047,Q1,source_jpeg,1,200,image/jpeg,24115,bcc0125146c7ea8ce1dcfdfc71a8be1854f3a6120d3f222d8960713dbf5452a5,1,
CN_PENDING_PAGE_MANIFEST_0.1,LTMD-CN6-G1982-VP020,LTMD-CN6-G1982,H1982P6CI395,1982,6,20,211,20,https://historico.conaliteg.gob.mx/c/H1982P6CI395/020.jpg,0,0.094787,Q1,source_jpeg,1,200,image/jpeg,52664,ab9fdff265d2642e07b3479cdd33f2a5e6ac062ace1903696deedbf2f5136013,1,
CN_PENDING_PAGE_MANIFEST_0.1,LTMD-CN6-G1982-VP021,LTMD-CN6-G1982,H1982P6CI395,1982,6,21,211,21,https://historico.conaliteg.gob.mx/c/H1982P6CI395/021.jpg,0,0.099526,Q1,source_jpeg,1,200,image/jpeg,52438,1d164d9f8ce2edbd88ebec03faba0be5768df3cad1b09e14abe3f50877f88938,1,
CN_PENDING_PAGE_MANIFEST_0.1,LTMD-CN6-G1982-VP022,LTMD-CN6-G1982,H1982P6CI395,1982,6,22,211,22,https://historico.conaliteg.gob.mx/c/H1982P6CI395/022.jpg,0,0.104265,Q1,source_jpeg,1,200,image/jpeg,60328,b1ab435f181f089fd5e6420fb36abc51aecba21983ce7dd4f6655069cc2fbc9a,1,
CN_PENDING_PAGE_MANIFEST_0.1,LTMD-CN6-G1982-VP023,LTMD-CN6-G1982,H1982P6CI395,1982,6,23,211,23,https://historico.conaliteg.gob.mx/c/H1982P6CI395/023.jpg,0,0.109005,Q1,source_jpeg,1,200,image/jpeg,56679,a025f2720fc91e8f06390a22772d4420130a7b918a09abc84f96d8a14d2ccd07,1,
CN_PENDING_PAGE_MANIFEST_0.1,LTMD-CN6-G1982-VP024,LTMD-CN6-G1982,H1982P6CI395,1982,6,24,211,24,https://historico.conaliteg.gob.mx/c/H1982P6CI395/024.jpg,0,0.113744,Q1,source_jpeg,1,200,image/jpeg,57369,23f3b67eb026ac06c6946cf05180f2fb9f0467d44a68e6b276e8340c19769155,1,
CN_PENDING_PAGE_MANIFEST_0.1,LTMD-CN6-G1982-VP025,LTMD-CN6-G1982,H1982P6CI395,1982,6,25,211,25,https://historico.conaliteg.gob.mx/c/H1982P6CI395/025.jpg,0,0.118483,Q1,source_jpeg,1,200,image/jpeg,51032,0258517629b6d53a940184eee6fc0539e2cd91f382a6b93fcc1753c2a6503e24,1,
CN_PENDING_PAGE_MANIFEST_0.1,LTMD-CN6-G1982-VP026,LTMD-CN6-G1982,H1982P6CI395,1982,6,26,211,26,https://historico.conaliteg.gob.mx/c/H1982P6CI395/026.jpg,0,0.123223,Q1,source_jpeg,1,200,image/jpeg,50496,abab782636a589322557006b9a42a79ebb8a261a190ec9d37acafee68c618eeb,1,
CN_PENDING_PAGE_MANIFEST_0.1,LTMD-CN6-G1982-VP027,LTMD-CN6-G1982,H1982P6CI395,1982,6,27,211,27,https://historico.conaliteg.gob.mx/c/H1982P6CI395/027.jpg,0,0.127962,Q1,source_jpeg,1,200,image/jpeg,54242,5c7381aaca187d5bb210c0e0285a6b7e62d6c4111477e81d115211ffa3a2af33,1,
CN_PENDING_PAGE_MANIFEST_0.1,LTMD-CN6-G1982-VP028,LTMD-CN6-G1982,H1982P6CI395,1982,6,28,211,28,https://historico.conaliteg.gob.mx/c/H1982P6CI395/028.jpg,0,0.132701,Q1,source_jpeg,1,200,image/jpeg,44972,3fd5e9fe3d28db474715ff6729e41f82b363d384f6d6d6856362d28eb632ca6c,1,
CN_PENDING_PAGE_MANIFEST_0.1,LTMD-CN6-G1982-VP029,LTMD-CN6-G1982,H1982P6CI395,1982,6,29,211,29,https://historico.conaliteg.gob.mx/c/H1982P6CI395/029.jpg,0,0.137441,Q1,source_jpeg,1,200,image/jpeg,26853,9d76148c4cc97612446796231cfb72c7691898bd3355a573003f12261133cb23,1,
CN_PENDING_PAGE_MANIFEST_0.1,LTMD-CN6-G1982-VP030,LTMD-CN6-G1982,H1982P6CI395,1982,6,30,211,30,https://historico.conaliteg.gob.mx/c/H1982P6CI395/030.jpg,0,0.142180,Q1,source_jpeg,1,200,image/jpeg,61383,2c8a87525b101026c04f9a53af48293045621c256923769afb89a8fe7cf17917,1,
CN_PENDING_PAGE_MANIFEST_0.1,LTMD-CN6-G1982-VP031,LTMD-CN6-G1982,H1982P6CI395,1982,6,31,211,31,https://historico.conaliteg.gob.mx/c/H1982P6CI395/031.jpg,0,0.146919,Q1,source_jpeg,1,200,image/jpeg,29404,cd0897074f015cbc8698f08f9975a0108bac57930da69ab986b44b4bdabf6c6b,1,
CN_PENDING_PAGE_MANIFEST_0.1,LTMD-CN6-G1982-VP032,LTMD-CN6-G1982,H1982P6CI395,1982,6,32,211,32,https://historico.conaliteg.gob.mx/c/H1982P6CI395/032.jpg,0,0.151659,Q1,source_jpeg,1,200,image/jpeg,48798,5d915cd10e5c5b81f2fc4ef32b675ef204e77946c2acacc8dc8a3fe1e81d715d,1,
CN_PENDING_PAGE_MANIFEST_0.1,LTMD-CN6-G1982-VP033,LTMD-CN6-G1982,H1982P6CI395,1982,6,33,211,33,https://historico.conaliteg.gob.mx/c/H1982P6CI395/033.jpg,0,0.156398,Q1,source_jpeg,1,200,image/jpeg,38314,b2887b43b09d2ce6f645b1f3b95b58b39c4975f68ea89abab530d22617fe9b20,1,
CN_PENDING_PAGE_MANIFEST_0.1,LTMD-CN6-G1982-VP034,LTMD-CN6-G1982,H1982P6CI395,1982,6,34,211,34,https://historico.conaliteg.gob.mx/c/H1982P6CI395/034.jpg,0,0.161137,Q1,source_jpeg,1,200,image/jpeg,33609,a11856328ae30a1715524d884c97930bf7c354cc225397bc365b7064efb93ee4,1,
CN_PENDING_PAGE_MANIFEST_0.1,LTMD-CN6-G1982-VP035,LTMD-CN6-G1982,H1982P6CI395,1982,6,35,211,35,https://historico.conaliteg.gob.mx/c/H1982P6CI395/035.jpg,0,0.165877,Q1,source_jpeg,1,200,image/jpeg,43233,1adaf1cb2b8ac90a4648e7a2ca8e51e22ea748f3eb726b73b67da9522f0c896b,1,
CN_PENDING_PAGE_MANIFEST_0.1,LTMD-CN6-G1982-VP036,LTMD-CN6-G1982,H1982P6CI395,1982,6,36,211,36,https://historico.conaliteg.gob.mx/c/H1982P6CI395/036.jpg,0,0.170616,Q1,source_jpeg,1,200,image/jpeg,52374,ef9b144dee0ca7152a40cfaa40f7bfbb37054e253e36fdfc6f4c7f380eaa26d0,1,
CN_PENDING_PAGE_MANIFEST_0.1,LTMD-CN6-G1982-VP037,LTMD-CN6-G1982,H1982P6CI395,1982,6,37,211,37,https://historico.conaliteg.gob.mx/c/H1982P6CI395/037.jpg,0,0.175355,Q1,source_jpeg,1,200,image/jpeg,52514,a2255f094d539c5ec7b6d46149bcdfefeb3d1362c6ef6554f66745ae1f3ee1fe,1,
CN_PENDING_PAGE_MANIFEST_0.1,LTMD-CN6-G1982-VP038,LTMD-CN6-G1982,H1982P6CI395,1982,6,38,211,38,https://historico.conaliteg.gob.mx/c/H1982P6CI395/038.jpg,0,0.180095,Q1,source_jpeg,1,200,image/jpeg,52071,605980b89910eeaf780f8f7b79fec413c52cc1ced515e135e5991a33e4227d80,1,
CN_PENDING_PAGE_MANIFEST_0.1,LTMD-CN6-G1982-VP039,LTMD-CN6-G1982,H1982P6CI395,1982,6,39,211,39,https://historico.conaliteg.gob.mx/c/H1982P6CI395/039.jpg,0,0.184834,Q1,source_jpeg,1,200,image/jpeg,50528,54907b2332e9367ef63d4c7dd8c614e013393154ed734d0070c897e774ce3157,1,
CN_PENDING_PAGE_MANIFEST_0.1,LTMD-CN6-G1982-VP040,LTMD-CN6-G1982,H1982P6CI395,1982,6,40,211,40,https://historico.conaliteg.gob.mx/c/H1982P6CI395/040.jpg,0,0.189573,Q1,source_jpeg,1,200,image/jpeg,46915,ae79da7946b3686d5c99049552dc7e66b8be116c141e5e22e499b5d54e692a51,1,
CN_PENDING_PAGE_MANIFEST_0.1,LTMD-CN6-G1982-VP041,LTMD-CN6-G1982,H1982P6CI395,1982,6,41,211,41,https://historico.conaliteg.gob.mx/c/H1982P6CI395/041.jpg,0,0.194313,Q1,source_jpeg,1,200,image/jpeg,29614,da07ef0549fa1a3285242eb34acf5d428b35756b5d77a9405a66e103ddd0d8cd,1,
CN_PENDING_PAGE_MANIFEST_0.1,LTMD-CN6-G1982-VP042,LTMD-CN6-G1982,H1982P6CI395,1982,6,42,211,42,https://historico.conaliteg.gob.mx/c/H1982P6CI395/042.jpg,0,0.199052,Q1,source_jpeg,1,200,image/jpeg,48643,80681ebc27a4e3b905a1345291e142a4efdc47849831d25ec01b3804eb2b0f7c,1,
CN_PENDING_PAGE_MANIFEST_0.1,LTMD-CN6-G1982-VP043,LTMD-CN6-G1982,H1982P6CI395,1982,6,43,211,43,https://historico.conaliteg.gob.mx/c/H1982P6CI395/043.jpg,0,0.203791,Q1,source_jpeg,1,200,image/jpeg,38845,b614fa6f384eb92718de1c39187ffad1ef6823cf89c803bd299638422f35d7b8,1,
CN_PENDING_PAGE_MANIFEST_0.1,LTMD-CN6-G1982-VP044,LTMD-CN6-G1982,H1982P6CI395,1982,6,44,211,44,https://historico.conaliteg.gob.mx/c/H1982P6CI395/044.jpg,0,0.208531,Q1,source_jpeg,1,200,image/jpeg,53263,9f942ec442a2e7ceaeaee8846c679e5a409fa4d39ab14b152b3c28b461a3c41e,1,
CN_PENDING_PAGE_MANIFEST_0.1,LTMD-CN6-G1982-VP045,LTMD-CN6-G1982,H1982P6CI395,1982,6,45,211,45,https://historico.conaliteg.gob.mx/c/H1982P6CI395/045.jpg,0,0.213270,Q1,source_jpeg,1,200,image/jpeg,42538,e67e7d4de3adb2bf489c81e8bc35902de2c485dff4cc0939a85dd376984c700c,1,
CN_PENDING_PAGE_MANIFEST_0.1,LTMD-CN6-G1982-VP046,LTMD-CN6-G1982,H1982P6CI395,1982,6,46,211,46,https://historico.conaliteg.gob.mx/c/H1982P6CI395/046.jpg,0,0.218009,Q1,source_jpeg,1,200,image/jpeg,60801,cdd62bd1d446e7e0676064267ad0999614016aa5a7d06deb3839160f387d38c8,1,
CN_PENDING_PAGE_MANIFEST_0.1,LTMD-CN6-G1982-VP047,LTMD-CN6-G1982,H1982P6CI395,1982,6,47,211,47,https://historico.conaliteg.gob.mx/c/H1982P6CI395/047.jpg,0,0.222749,Q1,source_jpeg,1,200,image/jpeg,51179,2d01aef9b37a43a426ecff0446c31ea8c02f6e150ac1f54c6321b63e9a389425,1,
CN_PENDING_PAGE_MANIFEST_0.1,LTMD-CN6-G1982-VP048,LTMD-CN6-G1982,H1982P6CI395,1982,6,48,211,48,https://historico.conaliteg.gob.mx/c/H1982P6CI395/048.jpg,0,0.227488,Q1,source_jpeg,1,200,image/jpeg,50558,9b57800ad7096d53e1a2f8021d1323f97b72f4d99e65de20930d232a26450493,1,
CN_PENDING_PAGE_MANIFEST_0.1,LTMD-CN6-G1982-VP049,LTMD-CN6-G1982,H1982P6CI395,1982,6,49,211,49,https://historico.conaliteg.gob.mx/c/H1982P6CI395/049.jpg,0,0.232227,Q1,source_jpeg,1,200,image/jpeg,44296,a678c322c52fb41e9a6145bff86b020146b4c5888b47a0804618e07cd6a4102a,1,
CN_PENDING_PAGE_MANIFEST_0.1,LTMD-CN6-G1982-VP050,LTMD-CN6-G1982,H1982P6CI395,1982,6,50,211,50,https://historico.conaliteg.gob.mx/c/H1982P6CI395/050.jpg,0,0.236967,Q1,source_jpeg,1,200,image/jpeg,58913,514ca17e659669e08f4b0e5521599ab80a774123d840340e46788f3873b09b9f,1,
CN_PENDING_PAGE_MANIFEST_0.1,LTMD-CN6-G1982-VP051,LTMD-CN6-G1982,H1982P6CI395,1982,6,51,211,51,https://historico.conaliteg.gob.mx/c/H1982P6CI395/051.jpg,0,0.241706,Q1,source_jpeg,1,200,image/jpeg,47798,8271d76ceee3fd34a5b3371a51caeb5e598f4e88493f1094fe6a38f9ea406492,1,
CN_PENDING_PAGE_MANIFEST_0.1,LTMD-CN6-G1982-VP052,LTMD-CN6-G1982,H1982P6CI395,1982,6,52,211,52,https://historico.conaliteg.gob.mx/c/H1982P6CI395/052.jpg,0,0.246445,Q1,source_jpeg,1,200,image/jpeg,60548,84e43abb0dc1365e0303f54714a692fc27b3b5571211a341702c7d39e2b5119f,1,
CN_PENDING_PAGE_MANIFEST_0.1,LTMD-CN6-G1982-VP053,LTMD-CN6-G1982,H1982P6CI395,1982,6,53,211,53,https://historico.conaliteg.gob.mx/c/H1982P6CI395/053.jpg,0,0.251185,Q2,source_jpeg,1,200,image/jpeg,63563,4319faaa90be8cf563bfa24a4e2234b15baec2e667862e9c8367f0e7402cdcbe,1,
CN_PENDING_PAGE_MANIFEST_0.1,LTMD-CN6-G1982-VP054,LTMD-CN6-G1982,H1982P6CI395,1982,6,54,211,54,https://historico.conaliteg.gob.mx/c/H1982P6CI395/054.jpg,0,0.255924,Q2,source_jpeg,1,200,image/jpeg,49636,5d68c1cfc4fd689d311c5ca2e61ddeadf8a4bf060395fccb6b73a7ad2d6a265c,1,
CN_PENDING_PAGE_MANIFEST_0.1,LTMD-CN6-G1982-VP055,LTMD-CN6-G1982,H1982P6CI395,1982,6,55,211,55,https://historico.conaliteg.gob.mx/c/H1982P6CI395/055.jpg,0,0.260664,Q2,source_jpeg,1,200,image/jpeg,38068,1df4c87afe110cbb5d996000bd584436cc548d5b88ee484b5ec6b6783334c8ca,1,
CN_PENDING_PAGE_MANIFEST_0.1,LTMD-CN6-G1982-VP056,LTMD-CN6-G1982,H1982P6CI395,1982,6,56,211,56,https://historico.conaliteg.gob.mx/c/H1982P6CI395/056.jpg,0,0.265403,Q2,source_jpeg,1,200,image/jpeg,51368,e5cae0b336cf0e65020f726cbdcb7063206f56f1b5a2e5323f19d84bb912ebc4,1,
CN_PENDING_PAGE_MANIFEST_0.1,LTMD-CN6-G1982-VP057,LTMD-CN6-G1982,H1982P6CI395,1982,6,57,211,57,https://historico.conaliteg.gob.mx/c/H1982P6CI395/057.jpg,0,0.270142,Q2,source_jpeg,1,200,image/jpeg,49982,345d08d56b5ee0c72cabd4deb732b36ec91f7356ebe8dfeca803c9a82e67a310,1,
CN_PENDING_PAGE_MANIFEST_0.1,LTMD-CN6-G1982-VP058,LTMD-CN6-G1982,H1982P6CI395,1982,6,58,211,58,https://historico.conaliteg.gob.mx/c/H1982P6CI395/058.jpg,0,0.274882,Q2,source_jpeg,1,200,image/jpeg,42706,19c7383a316da5f3265890fc2c8670e599025f1cef28718a9c0b4f86a0a513bc,1,
CN_PENDING_PAGE_MANIFEST_0.1,LTMD-CN6-G1982-VP059,LTMD-CN6-G1982,H1982P6CI395,1982,6,59,211,59,https://historico.conaliteg.gob.mx/c/H1982P6CI395/059.jpg,0,0.279621,Q2,source_jpeg,1,200,image/jpeg,56483,52dd81d0dae414717d4c4942a41f86eaaf700fd3451f998839e5b875198e3f5e,1,
CN_PENDING_PAGE_MANIFEST_0.1,LTMD-CN6-G1982-VP060,LTMD-CN6-G1982,H1982P6CI395,1982,6,60,211,60,https://historico.conaliteg.gob.mx/c/H1982P6CI395/060.jpg,0,0.284360,Q2,source_jpeg,1,200,image/jpeg,55513,5c60c843843d691b554941464d1a82c36237e10340fedcca65a3e397a1c299f0,1,
CN_PENDING_PAGE_MANIFEST_0.1,LTMD-CN6-G1982-VP061,LTMD-CN6-G1982,H1982P6CI395,1982,6,61,211,61,https://historico.conaliteg.gob.mx/c/H1982P6CI395/061.jpg,0,0.289100,Q2,source_jpeg,1,200,image/jpeg,34589,ff2a3c0ef0cc4a72a09c31de97fc7b9c211252f94eb4f7a628fdca32564c6bbf,1,
CN_PENDING_PAGE_MANIFEST_0.1,LTMD-CN6-G1982-VP062,LTMD-CN6-G1982,H1982P6CI395,1982,6,62,211,62,https://historico.conaliteg.gob.mx/c/H1982P6CI395/062.jpg,0,0.293839,Q2,source_jpeg,1,200,image/jpeg,54344,f1861ae67ebde9fba2446bfe484b5592cc366dde6406e92ade6103045e4810ca,1,
CN_PENDING_PAGE_MANIFEST_0.1,LTMD-CN6-G1982-VP063,LTMD-CN6-G1982,H1982P6CI395,1982,6,63,211,63,https://historico.conaliteg.gob.mx/c/H1982P6CI395/063.jpg,0,0.298578,Q2,source_jpeg,1,200,image/jpeg,54874,e30c8bdff81fba3fc7a8f9757e1a8da1670e313f173361ee2a4779b404c288c4,1,
CN_PENDING_PAGE_MANIFEST_0.1,LTMD-CN6-G1982-VP064,LTMD-CN6-G1982,H1982P6CI395,1982,6,64,211,64,https://historico.conaliteg.gob.mx/c/H1982P6CI395/064.jpg,0,0.303318,Q2,source_jpeg,1,200,image/jpeg,55046,173fd1d51ec2a45720d25c7d60c16d372b751d3b6d073be0e8d6ed528f59e9d4,1,
CN_PENDING_PAGE_MANIFEST_0.1,LTMD-CN6-G1982-VP065,LTMD-CN6-G1982,H1982P6CI395,1982,6,65,211,65,https://historico.conaliteg.gob.mx/c/H1982P6CI395/065.jpg,0,0.308057,Q2,source_jpeg,1,200,image/jpeg,56584,3f2887ef10070d1a9d8f002d28b316ac795c7fde41d65b3d6e044038220a631f,1,
CN_PENDING_PAGE_MANIFEST_0.1,LTMD-CN6-G1982-VP066,LTMD-CN6-G1982,H1982P6CI395,1982,6,66,211,66,https://historico.conaliteg.gob.mx/c/H1982P6CI395/066.jpg,0,0.312796,Q2,source_jpeg,1,200,image/jpeg,67730,d0c9b6faf216e44d4221567d98091c0d756366879acd34cf3a74e4e6f0061737,1,
CN_PENDING_PAGE_MANIFEST_0.1,LTMD-CN6-G1982-VP067,LTMD-CN6-G1982,H1982P6CI395,1982,6,67,211,67,https://historico.conaliteg.gob.mx/c/H1982P6CI395/067.jpg,0,0.317536,Q2,source_jpeg,1,200,image/jpeg,62582,de1410f96a15d6f2cc26acfdfdbee7961870827a1d7f7462a9ea8c1b69633f1a,1,
CN_PENDING_PAGE_MANIFEST_0.1,LTMD-CN6-G1982-VP068,LTMD-CN6-G1982,H1982P6CI395,1982,6,68,211,68,https://historico.conaliteg.gob.mx/c/H1982P6CI395/068.jpg,0,0.322275,Q2,source_jpeg,1,200,image/jpeg,42762,0c4777252e9ed65b706b6fd22ead25d06fc5912356f1dd8582598aec30d72a63,1,
CN_PENDING_PAGE_MANIFEST_0.1,LTMD-CN6-G1982-VP069,LTMD-CN6-G1982,H1982P6CI395,1982,6,69,211,69,https://historico.conaliteg.gob.mx/c/H1982P6CI395/069.jpg,0,0.327014,Q2,source_jpeg,1,200,image/jpeg,55990,685c90ad9050fc927e6a497e80fb4563ee277eabe15705ee5015dae82e4d484e,1,
CN_PENDING_PAGE_MANIFEST_0.1,LTMD-CN6-G1982-VP070,LTMD-CN6-G1982,H1982P6CI395,1982,6,70,211,70,https://historico.conaliteg.gob.mx/c/H1982P6CI395/070.jpg,0,0.331754,Q2,source_jpeg,1,200,image/jpeg,40948,f442a510d45cf333bb7b20dbc29711f71dde9ca780c645072940e5166fcac53f,1,
CN_PENDING_PAGE_MANIFEST_0.1,LTMD-CN6-G1982-VP071,LTMD-CN6-G1982,H1982P6CI395,1982,6,71,211,71,https://historico.conaliteg.gob.mx/c/H1982P6CI395/071.jpg,0,0.336493,Q2,source_jpeg,1,200,image/jpeg,51706,1807fb856c5fe8467b36d5ecc6fd65198474a362a22321fb71356f5474d8075b,1,
CN_PENDING_PAGE_MANIFEST_0.1,LTMD-CN6-G1982-VP072,LTMD-CN6-G1982,H1982P6CI395,1982,6,72,211,72,https://historico.conaliteg.gob.mx/c/H1982P6CI395/072.jpg,0,0.341232,Q2,source_jpeg,1,200,image/jpeg,42150,e8dc5865df3208c6bfefc16e771ec9d9df66c14f12583dbc507339ea913380af,1,
CN_PENDING_PAGE_MANIFEST_0.1,LTMD-CN6-G1982-VP073,LTMD-CN6-G1982,H1982P6CI395,1982,6,73,211,73,https://historico.conaliteg.gob.mx/c/H1982P6CI395/073.jpg,0,0.345972,Q2,source_jpeg,1,200,image/jpeg,55358,cc480e79d414d630585b5e57c8c20ac268910a5d4e7c809e020a1e368d4b0ab9,1,
CN_PENDING_PAGE_MANIFEST_0.1,LTMD-CN6-G1982-VP074,LTMD-CN6-G1982,H1982P6CI395,1982,6,74,211,74,https://historico.conaliteg.gob.mx/c/H1982P6CI395/074.jpg,0,0.350711,Q2,source_jpeg,1,200,image/jpeg,41178,d982f5efba5bdfee7e5ea217859c75c90617cf791a4b7c31a204f2eaf71d8d78,1,
CN_PENDING_PAGE_MANIFEST_0.1,LTMD-CN6-G1982-VP075,LTMD-CN6-G1982,H1982P6CI395,1982,6,75,211,75,https://historico.conaliteg.gob.mx/c/H1982P6CI395/075.jpg,0,0.355450,Q2,source_jpeg,1,200,image/jpeg,49956,904a644eea21f23a1007cdb76091fd6894b2f49fcc972ae3344aa9e63da65f90,1,
CN_PENDING_PAGE_MANIFEST_0.1,LTMD-CN6-G1982-VP076,LTMD-CN6-G1982,H1982P6CI395,1982,6,76,211,76,https://historico.conaliteg.gob.mx/c/H1982P6CI395/076.jpg,0,0.360190,Q2,source_jpeg,1,200,image/jpeg,56823,d7e8b673adb43e47a6c4fd0c978139bdf9a308e1803fad59c8ed3735353fa2c7,1,
CN_PENDING_PAGE_MANIFEST_0.1,LTMD-CN6-G1982-VP077,LTMD-CN6-G1982,H1982P6CI395,1982,6,77,211,77,https://historico.conaliteg.gob.mx/c/H1982P6CI395/077.jpg,0,0.364929,Q2,source_jpeg,1,200,image/jpeg,41497,7fde0001284e21e9860718e02afdcc0d3aa10b85de667ba6f3d122bb76399ab4,1,
CN_PENDING_PAGE_MANIFEST_0.1,LTMD-CN6-G1982-VP078,LTMD-CN6-G1982,H1982P6CI395,1982,6,78,211,78,https://historico.conaliteg.gob.mx/c/H1982P6CI395/078.jpg,0,0.369668,Q2,source_jpeg,1,200,image/jpeg,47007,52bcff9c6ab484a8b4a3c0211c07450ed7111878de76d1230c33a526761fe6fc,1,
CN_PENDING_PAGE_MANIFEST_0.1,LTMD-CN6-G1982-VP079,LTMD-CN6-G1982,H1982P6CI395,1982,6,79,211,79,https://historico.conaliteg.gob.mx/c/H1982P6CI395/079.jpg,0,0.374408,Q2,source_jpeg,1,200,image/jpeg,49596,4fc55dd4ba15022a1ae9c3eecf767296f343ce239ce9332bf3f14a9b1b104ccb,1,
CN_PENDING_PAGE_MANIFEST_0.1,LTMD-CN6-G1982-VP080,LTMD-CN6-G1982,H1982P6CI395,1982,6,80,211,80,https://historico.conaliteg.gob.mx/c/H1982P6CI395/080.jpg,0,0.379147,Q2,source_jpeg,1,200,image/jpeg,60166,d5ec2fa9c5f341f505fb32fb83f977e2a4b923c1f4668b9aab8f0f5afd47ccb8,1,
CN_PENDING_PAGE_MANIFEST_0.1,LTMD-CN6-G1982-VP081,LTMD-CN6-G1982,H1982P6CI395,1982,6,81,211,81,https://historico.conaliteg.gob.mx/c/H1982P6CI395/081.jpg,0,0.383886,Q2,source_jpeg,1,200,image/jpeg,58705,0b1a1d91f4960aeb7a2b081806aa4a25567d1a5edcb17a7311d7caab13428467,1,
CN_PENDING_PAGE_MANIFEST_0.1,LTMD-CN6-G1982-VP082,LTMD-CN6-G1982,H1982P6CI395,1982,6,82,211,82,https://historico.conaliteg.gob.mx/c/H1982P6CI395/082.jpg,0,0.388626,Q2,source_jpeg,1,200,image/jpeg,55539,a1168d98a0ce37e902655ac1e6dd48961c29ba8747fa88c5e0734acdae928241,1,
CN_PENDING_PAGE_MANIFEST_0.1,LTMD-CN6-G1982-VP083,LTMD-CN6-G1982,H1982P6CI395,1982,6,83,211,83,https://historico.conaliteg.gob.mx/c/H1982P6CI395/083.jpg,0,0.393365,Q2,source_jpeg,1,200,image/jpeg,43109,8fcaa0b8eec5b1b4d367713f90394cc1118664e8028d9cbac183978cb853e95d,1,
CN_PENDING_PAGE_MANIFEST_0.1,LTMD-CN6-G1982-VP084,LTMD-CN6-G1982,H1982P6CI395,1982,6,84,211,84,https://historico.conaliteg.gob.mx/c/H1982P6CI395/084.jpg,0,0.398104,Q2,source_jpeg,1,200,image/jpeg,50585,3ad0f119bc443be109c1bfb1696a2ef130046cd01307d44dd4b075a5106229c3,1,
CN_PENDING_PAGE_MANIFEST_0.1,LTMD-CN6-G1982-VP085,LTMD-CN6-G1982,H1982P6CI395,1982,6,85,211,85,https://historico.conaliteg.gob.mx/c/H1982P6CI395/085.jpg,0,0.402844,Q2,source_jpeg,1,200,image/jpeg,50482,5349a07e35548aa14e90d2e1457f52eef7dbfb6c7519bc50dca60c7fef060436,1,
CN_PENDING_PAGE_MANIFEST_0.1,LTMD-CN6-G1982-VP086,LTMD-CN6-G1982,H1982P6CI395,1982,6,86,211,86,https://historico.conaliteg.gob.mx/c/H1982P6CI395/086.jpg,0,0.407583,Q2,source_jpeg,1,200,image/jpeg,65272,8aa14aad01bf17b8b59d45d39feeb2fa92da96ff17f4c74a4dd8a3b3422bbe5f,1,
CN_PENDING_PAGE_MANIFEST_0.1,LTMD-CN6-G1982-VP087,LTMD-CN6-G1982,H1982P6CI395,1982,6,87,211,87,https://historico.conaliteg.gob.mx/c/H1982P6CI395/087.jpg,0,0.412322,Q2,source_jpeg,1,200,image/jpeg,62249,03dcf4a861ac60bef419dbe590c48eda0c09117f2db2b893555152b8fe08b927,1,
CN_PENDING_PAGE_MANIFEST_0.1,LTMD-CN6-G1982-VP088,LTMD-CN6-G1982,H1982P6CI395,1982,6,88,211,88,https://historico.conaliteg.gob.mx/c/H1982P6CI395/088.jpg,0,0.417062,Q2,source_jpeg,1,200,image/jpeg,59350,b920fdb81be03ef785f116664d6651f655cb010b0b4cc044700829491a007d8d,1,
CN_PENDING_PAGE_MANIFEST_0.1,LTMD-CN6-G1982-VP089,LTMD-CN6-G1982,H1982P6CI395,1982,6,89,211,89,https://historico.conaliteg.gob.mx/c/H1982P6CI395/089.jpg,0,0.421801,Q2,source_jpeg,1,200,image/jpeg,52461,0fae9d07e7adc84a301b086968085f602a87a3c277a3e035bf2bb8ee33883f65,1,
CN_PENDING_PAGE_MANIFEST_0.1,LTMD-CN6-G1982-VP090,LTMD-CN6-G1982,H1982P6CI395,1982,6,90,211,90,https://historico.conaliteg.gob.mx/c/H1982P6CI395/090.jpg,0,0.426540,Q2,source_jpeg,1,200,image/jpeg,53666,69e6f36fb49e19ec1376911e75a487e17b5f990f4fe33020a0767cbeda40cffb,1,
CN_PENDING_PAGE_MANIFEST_0.1,LTMD-CN6-G1982-VP091,LTMD-CN6-G1982,H1982P6CI395,1982,6,91,211,91,https://historico.conaliteg.gob.mx/c/H1982P6CI395/091.jpg,0,0.431280,Q2,source_jpeg,1,200,image/jpeg,51475,e60228fcbae5f46acaedc41efe448fb62a9e64da561058038064f9a931133e80,1,
CN_PENDING_PAGE_MANIFEST_0.1,LTMD-CN6-G1982-VP092,LTMD-CN6-G1982,H1982P6CI395,1982,6,92,211,92,https://historico.conaliteg.gob.mx/c/H1982P6CI395/092.jpg,0,0.436019,Q2,source_jpeg,1,200,image/jpeg,65705,3e6d86af9f7536fb4190101312c288f44645ebc4517000d9cdf87cf2eed2f208,1,
CN_PENDING_PAGE_MANIFEST_0.1,LTMD-CN6-G1982-VP093,LTMD-CN6-G1982,H1982P6CI395,1982,6,93,211,93,https://historico.conaliteg.gob.mx/c/H1982P6CI395/093.jpg,0,0.440758,Q2,source_jpeg,1,200,image/jpeg,55710,ea7c391b3c72f52143b2c724b852c20660a4a97b39c2abe72105d606fcfd9792,1,
CN_PENDING_PAGE_MANIFEST_0.1,LTMD-CN6-G1982-VP094,LTMD-CN6-G1982,H1982P6CI395,1982,6,94,211,94,https://historico.conaliteg.gob.mx/c/H1982P6CI395/094.jpg,0,0.445498,Q2,source_jpeg,1,200,image/jpeg,63670,78cf686be0986472e579e782cc287689beac6c40bfba0e6779a16d2fbdcdf509,1,
CN_PENDING_PAGE_MANIFEST_0.1,LTMD-CN6-G1982-VP095,LTMD-CN6-G1982,H1982P6CI395,1982,6,95,211,95,https://historico.conaliteg.gob.mx/c/H1982P6CI395/095.jpg,0,0.450237,Q2,source_jpeg,1,200,image/jpeg,53878,6f39f7cde9b7ccf15d55ef3dd97778d5ab6349ace9fd5d80baba7b6beba93e1a,1,
CN_PENDING_PAGE_MANIFEST_0.1,LTMD-CN6-G1982-VP096,LTMD-CN6-G1982,H1982P6CI395,1982,6,96,211,96,https://historico.conaliteg.gob.mx/c/H1982P6CI395/096.jpg,0,0.454976,Q2,source_jpeg,1,200,image/jpeg,60908,4864fa0c26507508f990078cd9b9af9db11d2e90e9c7093fbd05d967d2fc95f9,1,
CN_PENDING_PAGE_MANIFEST_0.1,LTMD-CN6-G1982-VP097,LTMD-CN6-G1982,H1982P6CI395,1982,6,97,211,97,https://historico.conaliteg.gob.mx/c/H1982P6CI395/097.jpg,0,0.459716,Q2,source_jpeg,1,200,image/jpeg,42999,ad65c881d0b1ef2c0d6bf98cd1a245b3f17aa19f104605b6e1d15509553dd517,1,
CN_PENDING_PAGE_MANIFEST_0.1,LTMD-CN6-G1982-VP098,LTMD-CN6-G1982,H1982P6CI395,1982,6,98,211,98,https://historico.conaliteg.gob.mx/c/H1982P6CI395/098.jpg,0,0.464455,Q2,source_jpeg,1,200,image/jpeg,68775,e1a55668c82b222aa03d51668ccb744c928d94e0e79022fddb6093f7b0861d84,1,
CN_PENDING_PAGE_MANIFEST_0.1,LTMD-CN6-G1982-VP099,LTMD-CN6-G1982,H1982P6CI395,1982,6,99,211,99,https://historico.conaliteg.gob.mx/c/H1982P6CI395/099.jpg,0,0.469194,Q2,source_jpeg,1,200,image/jpeg,72489,8989f8c50d5f01fdfd21a3991bd0ff0ac7603878b96f8a677a63078e56139018,1,
CN_PENDING_PAGE_MANIFEST_0.1,LTMD-CN6-G1982-VP100,LTMD-CN6-G1982,H1982P6CI395,1982,6,100,211,100,https://historico.conaliteg.gob.mx/c/H1982P6CI395/100.jpg,0,0.473934,Q2,source_jpeg,1,200,image/jpeg,63983,c9d70328c7ffc167b3f777d43957a7485a9a583c514d32e3a2b30ed6596e82e1,1,
CN_PENDING_PAGE_MANIFEST_0.1,LTMD-CN6-G1982-VP101,LTMD-CN6-G1982,H1982P6CI395,1982,6,101,211,101,https://historico.conaliteg.gob.mx/c/H1982P6CI395/101.jpg,0,0.478673,Q2,source_jpeg,1,200,image/jpeg,63520,13fc6f3c3366d70e33f4ccf4b4bfbe0415f4c91e3a7aa2e9cbbb38c1e2b93158,1,
CN_PENDING_PAGE_MANIFEST_0.1,LTMD-CN6-G1982-VP102,LTMD-CN6-G1982,H1982P6CI395,1982,6,102,211,102,https://historico.conaliteg.gob.mx/c/H1982P6CI395/102.jpg,0,0.483412,Q2,source_jpeg,1,200,image/jpeg,51757,6148017e6c2b3b44f9e2bae4fcd1fb25ff7421ebd2ec60eadc7a5007888d3515,1,
CN_PENDING_PAGE_MANIFEST_0.1,LTMD-CN6-G1982-VP103,LTMD-CN6-G1982,H1982P6CI395,1982,6,103,211,103,https://historico.conaliteg.gob.mx/c/H1982P6CI395/103.jpg,0,0.488152,Q2,source_jpeg,1,200,image/jpeg,61090,983a07c07715b82a9662a7d9f81a6e36c6a734d8fd2667cb22201d38f09bdecf,1,
CN_PENDING_PAGE_MANIFEST_0.1,LTMD-CN6-G1982-VP104,LTMD-CN6-G1982,H1982P6CI395,1982,6,104,211,104,https://historico.conaliteg.gob.mx/c/H1982P6CI395/104.jpg,0,0.492891,Q2,source_jpeg,1,200,image/jpeg,51283,f095fce5406a811368dad7f434be79660b48fad07014bf55d594cbb781011be2,1,
CN_PENDING_PAGE_MANIFEST_0.1,LTMD-CN6-G1982-VP105,LTMD-CN6-G1982,H1982P6CI395,1982,6,105,211,105,https://historico.conaliteg.gob.mx/c/H1982P6CI395/105.jpg,0,0.497630,Q2,source_jpeg,1,200,image/jpeg,45865,d7b46e6f63e43282d306d90c21a70438f5f5656ffcddfc6a85d5ed0349d0d38e,1,
CN_PENDING_PAGE_MANIFEST_0.1,LTMD-CN6-G1982-VP106,LTMD-CN6-G1982,H1982P6CI395,1982,6,106,211,106,https://historico.conaliteg.gob.mx/c/H1982P6CI395/106.jpg,0,0.502370,Q3,source_jpeg,1,200,image/jpeg,46701,d35be8eea4e7ab55d0c233bf15101906e2e22644f7184804780279bfe836abbc,1,
CN_PENDING_PAGE_MANIFEST_0.1,LTMD-CN6-G1982-VP107,LTMD-CN6-G1982,H1982P6CI395,1982,6,107,211,107,https://historico.conaliteg.gob.mx/c/H1982P6CI395/107.jpg,0,0.507109,Q3,source_jpeg,1,200,image/jpeg,55134,a6a260819f183f457500ea4097a72e3f89cf9257544a70b33abf500472496eaa,1,
CN_PENDING_PAGE_MANIFEST_0.1,LTMD-CN6-G1982-VP108,LTMD-CN6-G1982,H1982P6CI395,1982,6,108,211,108,https://historico.conaliteg.gob.mx/c/H1982P6CI395/108.jpg,0,0.511848,Q3,source_jpeg,1,200,image/jpeg,58029,ecd1f0bd5193611cfaaa3da02a681c3560f77d6ec1be4b05ea91887a77a44143,1,
CN_PENDING_PAGE_MANIFEST_0.1,LTMD-CN6-G1982-VP109,LTMD-CN6-G1982,H1982P6CI395,1982,6,109,211,109,https://historico.conaliteg.gob.mx/c/H1982P6CI395/109.jpg,0,0.516588,Q3,source_jpeg,1,200,image/jpeg,66189,3eb6f9b7af479fa171df76ab1a79bee36aeeff23c9264f88a08d2f413497839e,1,
CN_PENDING_PAGE_MANIFEST_0.1,LTMD-CN6-G1982-VP110,LTMD-CN6-G1982,H1982P6CI395,1982,6,110,211,110,https://historico.conaliteg.gob.mx/c/H1982P6CI395/110.jpg,0,0.521327,Q3,source_jpeg,1,200,image/jpeg,30496,c5b279f2cda181a99859b42997216e434038d3988632dd52b13e579b3f564f9d,1,
CN_PENDING_PAGE_MANIFEST_0.1,LTMD-CN6-G1982-VP111,LTMD-CN6-G1982,H1982P6CI395,1982,6,111,211,111,https://historico.conaliteg.gob.mx/c/H1982P6CI395/111.jpg,0,0.526066,Q3,source_jpeg,1,200,image/jpeg,45909,2eb8f7038a52239668203f86bb0f143dbe2e497e434d6b1edd61320f8b1d8679,1,
CN_PENDING_PAGE_MANIFEST_0.1,LTMD-CN6-G1982-VP112,LTMD-CN6-G1982,H1982P6CI395,1982,6,112,211,112,https://historico.conaliteg.gob.mx/c/H1982P6CI395/112.jpg,0,0.530806,Q3,source_jpeg,1,200,image/jpeg,46319,ed51a9f2ed1e2665e7b17ab9e0211f35ce3963f8cc8956a83f174e01f375d9d6,1,
CN_PENDING_PAGE_MANIFEST_0.1,LTMD-CN6-G1982-VP113,LTMD-CN6-G1982,H1982P6CI395,1982,6,113,211,113,https://historico.conaliteg.gob.mx/c/H1982P6CI395/113.jpg,0,0.535545,Q3,source_jpeg,1,200,image/jpeg,54976,a2c356f87b8b31ed28d501210dfa1012e7537d4a4bbc7566dd42e2db283c36c0,1,
CN_PENDING_PAGE_MANIFEST_0.1,LTMD-CN6-G1982-VP114,LTMD-CN6-G1982,H1982P6CI395,1982,6,114,211,114,https://historico.conaliteg.gob.mx/c/H1982P6CI395/114.jpg,0,0.540284,Q3,source_jpeg,1,200,image/jpeg,80062,ad608e0cf5b99e418e4d14551ebca4cddd6ee0c7fd32e91f630b530b10566add,1,
CN_PENDING_PAGE_MANIFEST_0.1,LTMD-CN6-G1982-VP115,LTMD-CN6-G1982,H1982P6CI395,1982,6,115,211,115,https://historico.conaliteg.gob.mx/c/H1982P6CI395/115.jpg,0,0.545024,Q3,source_jpeg,1,200,image/jpeg,77157,3d5c508fb0a1d8dfa557dcac8d63b3ce1313bf3d053c31e47158352285eeb2ec,1,
CN_PENDING_PAGE_MANIFEST_0.1,LTMD-CN6-G1982-VP116,LTMD-CN6-G1982,H1982P6CI395,1982,6,116,211,116,https://historico.conaliteg.gob.mx/c/H1982P6CI395/116.jpg,0,0.549763,Q3,source_jpeg,1,200,image/jpeg,57706,9d13345738c5874b18ffa046d9fa4bd7970860ba572d3687e86280151e3498c4,1,
CN_PENDING_PAGE_MANIFEST_0.1,LTMD-CN6-G1982-VP117,LTMD-CN6-G1982,H1982P6CI395,1982,6,117,211,117,https://historico.conaliteg.gob.mx/c/H1982P6CI395/117.jpg,0,0.554502,Q3,source_jpeg,1,200,image/jpeg,59031,305499afe54c59db3293bad1b2dc9f1254828b18eda9236bf135b39f1973a4d0,1,
CN_PENDING_PAGE_MANIFEST_0.1,LTMD-CN6-G1982-VP118,LTMD-CN6-G1982,H1982P6CI395,1982,6,118,211,118,https://historico.conaliteg.gob.mx/c/H1982P6CI395/118.jpg,0,0.559242,Q3,source_jpeg,1,200,image/jpeg,57739,8f7a12baa137e945a57ad7c8ea18fd7c3332073ae8888740a36862e74932bd89,1,
CN_PENDING_PAGE_MANIFEST_0.1,LTMD-CN6-G1982-VP119,LTMD-CN6-G1982,H1982P6CI395,1982,6,119,211,119,https://historico.conaliteg.gob.mx/c/H1982P6CI395/119.jpg,0,0.563981,Q3,source_jpeg,1,200,image/jpeg,38577,04fca61d87f8481f0ae5150f56a8cd73095fc6c38762f8e871fe8c42cf005dad,1,
CN_PENDING_PAGE_MANIFEST_0.1,LTMD-CN6-G1982-VP120,LTMD-CN6-G1982,H1982P6CI395,1982,6,120,211,120,https://historico.conaliteg.gob.mx/c/H1982P6CI395/120.jpg,0,0.568720,Q3,source_jpeg,1,200,image/jpeg,67784,21db35acc97b08f87dfb4ed273960226cdfdacd561b8e7492213528f55816ada,1,
CN_PENDING_PAGE_MANIFEST_0.1,LTMD-CN6-G1982-VP121,LTMD-CN6-G1982,H1982P6CI395,1982,6,121,211,121,https://historico.conaliteg.gob.mx/c/H1982P6CI395/121.jpg,0,0.573460,Q3,source_jpeg,1,200,image/jpeg,35375,f7d72795958d83f90158e32ee8f0da0dbf6aac3137d56adbdeb82a1e7420522c,1,
CN_PENDING_PAGE_MANIFEST_0.1,LTMD-CN6-G1982-VP122,LTMD-CN6-G1982,H1982P6CI395,1982,6,122,211,122,https://historico.conaliteg.gob.mx/c/H1982P6CI395/122.jpg,0,0.578199,Q3,source_jpeg,1,200,image/jpeg,67527,f4e74e1857cf58ec0f5d7e4b926bf1a34a96fefbc1ebecc24a5360a9e16c157f,1,
CN_PENDING_PAGE_MANIFEST_0.1,LTMD-CN6-G1982-VP123,LTMD-CN6-G1982,H1982P6CI395,1982,6,123,211,123,https://historico.conaliteg.gob.mx/c/H1982P6CI395/123.jpg,0,0.582938,Q3,source_jpeg,1,200,image/jpeg,64801,fdab4b901cc262ff4b3308f15e8a415b312d21ea90b3cbc8fe12121a4216bc71,1,
CN_PENDING_PAGE_MANIFEST_0.1,LTMD-CN6-G1982-VP124,LTMD-CN6-G1982,H1982P6CI395,1982,6,124,211,124,https://historico.conaliteg.gob.mx/c/H1982P6CI395/124.jpg,0,0.587678,Q3,source_jpeg,1,200,image/jpeg,53236,03709cde77fa688e75a6b9611e586aade6418cfcf4f1c2a8da9b7a8ff48272c1,1,
CN_PENDING_PAGE_MANIFEST_0.1,LTMD-CN6-G1982-VP125,LTMD-CN6-G1982,H1982P6CI395,1982,6,125,211,125,https://historico.conaliteg.gob.mx/c/H1982P6CI395/125.jpg,0,0.592417,Q3,source_jpeg,1,200,image/jpeg,48929,13ab8a3083157184a3ec44a8c757e229fb031590c996d21d6ffb9d4f04d878a1,1,
CN_PENDING_PAGE_MANIFEST_0.1,LTMD-CN6-G1982-VP126,LTMD-CN6-G1982,H1982P6CI395,1982,6,126,211,126,https://historico.conaliteg.gob.mx/c/H1982P6CI395/126.jpg,0,0.597156,Q3,source_jpeg,1,200,image/jpeg,55967,c0ed710aa0912dce7cabd4b7b0ebaa7d53ac3387372f2909e761d58bfc5caa3f,1,
CN_PENDING_PAGE_MANIFEST_0.1,LTMD-CN6-G1982-VP127,LTMD-CN6-G1982,H1982P6CI395,1982,6,127,211,127,https://historico.conaliteg.gob.mx/c/H1982P6CI395/127.jpg,0,0.601896,Q3,source_jpeg,1,200,image/jpeg,54208,1dbb41dec853ae33294d641a9ee19f39915b3ad8a5fe44f3a29b246b6abbb5f1,1,
CN_PENDING_PAGE_MANIFEST_0.1,LTMD-CN6-G1982-VP128,LTMD-CN6-G1982,H1982P6CI395,1982,6,128,211,128,https://historico.conaliteg.gob.mx/c/H1982P6CI395/128.jpg,0,0.606635,Q3,source_jpeg,1,200,image/jpeg,57646,42a5c6ff39bc540d44328501ec2cebe2e5da3e28d22915e041d0892bdf420578,1,
CN_PENDING_PAGE_MANIFEST_0.1,LTMD-CN6-G1982-VP129,LTMD-CN6-G1982,H1982P6CI395,1982,6,129,211,129,https://historico.conaliteg.gob.mx/c/H1982P6CI395/129.jpg,0,0.611374,Q3,source_jpeg,1,200,image/jpeg,63637,9d1b7aefc320e1600d8ead388a5bc30eb5fb8f1dc2a383916e7468497874bf78,1,
CN_PENDING_PAGE_MANIFEST_0.1,LTMD-CN6-G1982-VP130,LTMD-CN6-G1982,H1982P6CI395,1982,6,130,211,130,https://historico.conaliteg.gob.mx/c/H1982P6CI395/130.jpg,0,0.616114,Q3,source_jpeg,1,200,image/jpeg,50356,6dc118838efaeb0973048e7f366f6f34c3a060d3ea7cf39174306eb17686f1bf,1,
CN_PENDING_PAGE_MANIFEST_0.1,LTMD-CN6-G1982-VP131,LTMD-CN6-G1982,H1982P6CI395,1982,6,131,211,131,https://historico.conaliteg.gob.mx/c/H1982P6CI395/131.jpg,0,0.620853,Q3,source_jpeg,1,200,image/jpeg,41804,5a9e0f8e285bba54464e48941f5b1552a1243e1e1480cbaec8922dd978539189,1,
CN_PENDING_PAGE_MANIFEST_0.1,LTMD-CN6-G1982-VP132,LTMD-CN6-G1982,H1982P6CI395,1982,6,132,211,132,https://historico.conaliteg.gob.mx/c/H1982P6CI395/132.jpg,0,0.625592,Q3,source_jpeg,1,200,image/jpeg,47868,7d5f34a6c12c6612400dd45f4884095b21111d098ee7c6ff3395d79b8e427563,1,
CN_PENDING_PAGE_MANIFEST_0.1,LTMD-CN6-G1982-VP133,LTMD-CN6-G1982,H1982P6CI395,1982,6,133,211,133,https://historico.conaliteg.gob.mx/c/H1982P6CI395/133.jpg,0,0.630332,Q3,source_jpeg,1,200,image/jpeg,70101,79d3122ae8f1eca4bb07e855fd3b9ffa2914234ea60af1fe06cdb976854f3102,1,
CN_PENDING_PAGE_MANIFEST_0.1,LTMD-CN6-G1982-VP134,LTMD-CN6-G1982,H1982P6CI395,1982,6,134,211,134,https://historico.conaliteg.gob.mx/c/H1982P6CI395/134.jpg,0,0.635071,Q3,source_jpeg,1,200,image/jpeg,54199,3cd590b7f148c1fc32c9817013336b26980fb5bd576d0ac9ac69b6cd937266d3,1,
CN_PENDING_PAGE_MANIFEST_0.1,LTMD-CN6-G1982-VP135,LTMD-CN6-G1982,H1982P6CI395,1982,6,135,211,135,https://historico.conaliteg.gob.mx/c/H1982P6CI395/135.jpg,0,0.639810,Q3,source_jpeg,1,200,image/jpeg,42923,378e681adfd7b6c91d6e7af47105fea405d4fccf6b82bc433b218daa836945a6,1,
CN_PENDING_PAGE_MANIFEST_0.1,LTMD-CN6-G1982-VP136,LTMD-CN6-G1982,H1982P6CI395,1982,6,136,211,136,https://historico.conaliteg.gob.mx/c/H1982P6CI395/136.jpg,0,0.644550,Q3,source_jpeg,1,200,image/jpeg,41119,a22f769f9558c5662acc707f89d496c8c5d44e3a18ba11747423f7a4d8d14bdd,1,
CN_PENDING_PAGE_MANIFEST_0.1,LTMD-CN6-G1982-VP137,LTMD-CN6-G1982,H1982P6CI395,1982,6,137,211,137,https://historico.conaliteg.gob.mx/c/H1982P6CI395/137.jpg,0,0.649289,Q3,source_jpeg,1,200,image/jpeg,39641,50e2ad92290dc360da8886a76366853022e008e066a59d3d7baed87ca427921b,1,
CN_PENDING_PAGE_MANIFEST_0.1,LTMD-CN6-G1982-VP138,LTMD-CN6-G1982,H1982P6CI395,1982,6,138,211,138,https://historico.conaliteg.gob.mx/c/H1982P6CI395/138.jpg,0,0.654028,Q3,source_jpeg,1,200,image/jpeg,49972,797a8e7631594e7516ff38109ad0ce247ff91869cdca16bed48c90569523b0e9,1,
CN_PENDING_PAGE_MANIFEST_0.1,LTMD-CN6-G1982-VP139,LTMD-CN6-G1982,H1982P6CI395,1982,6,139,211,139,https://historico.conaliteg.gob.mx/c/H1982P6CI395/139.jpg,0,0.658768,Q3,source_jpeg,1,200,image/jpeg,43580,f8c6cf71875d6c9f489c6621680d2a58412cdf1579fa1cb638b35e07fb4dc5c1,1,
CN_PENDING_PAGE_MANIFEST_0.1,LTMD-CN6-G1982-VP140,LTMD-CN6-G1982,H1982P6CI395,1982,6,140,211,140,https://historico.conaliteg.gob.mx/c/H1982P6CI395/140.jpg,0,0.663507,Q3,source_jpeg,1,200,image/jpeg,45079,4d3ac8d91d92404decc70a247de60f18cb7bc856d804ba7f1605d333556a6b57,1,
CN_PENDING_PAGE_MANIFEST_0.1,LTMD-CN6-G1982-VP141,LTMD-CN6-G1982,H1982P6CI395,1982,6,141,211,141,https://historico.conaliteg.gob.mx/c/H1982P6CI395/141.jpg,0,0.668246,Q3,source_jpeg,1,200,image/jpeg,43505,0b5714b18cf2e7e2e4901278b623db0343fab3c92da51276e0ca018f7fa0bdbe,1,
CN_PENDING_PAGE_MANIFEST_0.1,LTMD-CN6-G1982-VP142,LTMD-CN6-G1982,H1982P6CI395,1982,6,142,211,142,https://historico.conaliteg.gob.mx/c/H1982P6CI395/142.jpg,0,0.672986,Q3,source_jpeg,1,200,image/jpeg,38633,e7f44a9d3b9cbb063be9fe24a38527c86cbadb99e5d6bc94b891721c01fa0621,1,
CN_PENDING_PAGE_MANIFEST_0.1,LTMD-CN6-G1982-VP143,LTMD-CN6-G1982,H1982P6CI395,1982,6,143,211,143,https://historico.conaliteg.gob.mx/c/H1982P6CI395/143.jpg,0,0.677725,Q3,source_jpeg,1,200,image/jpeg,30858,c9e4987f84da8101153f666e15073a559c26efa4e98ecbe2f64325eb670046c2,1,
CN_PENDING_PAGE_MANIFEST_0.1,LTMD-CN6-G1982-VP144,LTMD-CN6-G1982,H1982P6CI395,1982,6,144,211,144,https://historico.conaliteg.gob.mx/c/H1982P6CI395/144.jpg,0,0.682464,Q3,source_jpeg,1,200,image/jpeg,75233,d228e925c0aeecb6a415a95809833ba9c428ac2438e56c589dea35a691e1b61c,1,
CN_PENDING_PAGE_MANIFEST_0.1,LTMD-CN6-G1982-VP145,LTMD-CN6-G1982,H1982P6CI395,1982,6,145,211,145,https://historico.conaliteg.gob.mx/c/H1982P6CI395/145.jpg,0,0.687204,Q3,source_jpeg,1,200,image/jpeg,78797,87a71afdeb4e0c2514e71238dff572808ae617677b7fd60d451d9dbca73170cb,1,
CN_PENDING_PAGE_MANIFEST_0.1,LTMD-CN6-G1982-VP146,LTMD-CN6-G1982,H1982P6CI395,1982,6,146,211,146,https://historico.conaliteg.gob.mx/c/H1982P6CI395/146.jpg,0,0.691943,Q3,source_jpeg,1,200,image/jpeg,81217,b17227af480a9b30bbae7a9f7d88fe64831afcbee1bdc3d737a46c5976451e47,1,
CN_PENDING_PAGE_MANIFEST_0.1,LTMD-CN6-G1982-VP147,LTMD-CN6-G1982,H1982P6CI395,1982,6,147,211,147,https://historico.conaliteg.gob.mx/c/H1982P6CI395/147.jpg,0,0.696682,Q3,source_jpeg,1,200,image/jpeg,73194,c314ed8ff7d71e3c4f6d0275e266257f17de03d53da2e0081b24bf296559e2ee,1,
CN_PENDING_PAGE_MANIFEST_0.1,LTMD-CN6-G1982-VP148,LTMD-CN6-G1982,H1982P6CI395,1982,6,148,211,148,https://historico.conaliteg.gob.mx/c/H1982P6CI395/148.jpg,0,0.701422,Q3,source_jpeg,1,200,image/jpeg,69844,f4a28614f942abab749522582543153c8a8c4fe722b6fbc75fe85e647c400d23,1,
CN_PENDING_PAGE_MANIFEST_0.1,LTMD-CN6-G1982-VP149,LTMD-CN6-G1982,H1982P6CI395,1982,6,149,211,149,https://historico.conaliteg.gob.mx/c/H1982P6CI395/149.jpg,0,0.706161,Q3,source_jpeg,1,200,image/jpeg,70153,6f61b6f5e1446a5a66ad84db8355f393738a11383b7f0c81ea0dce3b46ca4812,1,
CN_PENDING_PAGE_MANIFEST_0.1,LTMD-CN6-G1982-VP150,LTMD-CN6-G1982,H1982P6CI395,1982,6,150,211,150,https://historico.conaliteg.gob.mx/c/H1982P6CI395/150.jpg,0,0.710900,Q3,source_jpeg,1,200,image/jpeg,61644,ec9bc0ea4102b2df3aab6b837affdd1d82bcc8f2cbd3f3d15a742cccc73df096,1,
CN_PENDING_PAGE_MANIFEST_0.1,LTMD-CN6-G1982-VP151,LTMD-CN6-G1982,H1982P6CI395,1982,6,151,211,151,https://historico.conaliteg.gob.mx/c/H1982P6CI395/151.jpg,0,0.715640,Q3,source_jpeg,1,200,image/jpeg,63305,b3ac96f64258ace0ffa67045fd838dd724a48de29129ae81c28c147ae27a2f05,1,
CN_PENDING_PAGE_MANIFEST_0.1,LTMD-CN6-G1982-VP152,LTMD-CN6-G1982,H1982P6CI395,1982,6,152,211,152,https://historico.conaliteg.gob.mx/c/H1982P6CI395/152.jpg,0,0.720379,Q3,source_jpeg,1,200,image/jpeg,62075,b24479aee35878644e798cddc478a990c83f470fe80ea9aa0ec5300dfc28e6c6,1,
CN_PENDING_PAGE_MANIFEST_0.1,LTMD-CN6-G1982-VP153,LTMD-CN6-G1982,H1982P6CI395,1982,6,153,211,153,https://historico.conaliteg.gob.mx/c/H1982P6CI395/153.jpg,0,0.725118,Q3,source_jpeg,1,200,image/jpeg,68501,c3ede0465d86d361d2fe8ab0fc3dc8f556921120c626d62d8762793bb4b7c9ed,1,
CN_PENDING_PAGE_MANIFEST_0.1,LTMD-CN6-G1982-VP154,LTMD-CN6-G1982,H1982P6CI395,1982,6,154,211,154,https://historico.conaliteg.gob.mx/c/H1982P6CI395/154.jpg,0,0.729858,Q3,source_jpeg,1,200,image/jpeg,52445,6884084c1b7e53b43da6d1cdcb7b8498bb61b81d96ca6484af741e0bb96548fd,1,
CN_PENDING_PAGE_MANIFEST_0.1,LTMD-CN6-G1982-VP155,LTMD-CN6-G1982,H1982P6CI395,1982,6,155,211,155,https://historico.conaliteg.gob.mx/c/H1982P6CI395/155.jpg,0,0.734597,Q3,source_jpeg,1,200,image/jpeg,36214,3478abfeaa39068b1b98141bf77a2189fa67de06678d550b8abe49de027f3581,1,
CN_PENDING_PAGE_MANIFEST_0.1,LTMD-CN6-G1982-VP156,LTMD-CN6-G1982,H1982P6CI395,1982,6,156,211,156,https://historico.conaliteg.gob.mx/c/H1982P6CI395/156.jpg,0,0.739336,Q3,source_jpeg,1,200,image/jpeg,43790,da7b8edf48aace83006678618b161d58e8514b9d262a6540ddd273bf1356b7e0,1,
CN_PENDING_PAGE_MANIFEST_0.1,LTMD-CN6-G1982-VP157,LTMD-CN6-G1982,H1982P6CI395,1982,6,157,211,157,https://historico.conaliteg.gob.mx/c/H1982P6CI395/157.jpg,0,0.744076,Q3,source_jpeg,1,200,image/jpeg,32511,ad2bbf4c609699ed8522a9398cddfe48a828aeebb428f70a9ca94a615b3b3155,1,
CN_PENDING_PAGE_MANIFEST_0.1,LTMD-CN6-G1982-VP158,LTMD-CN6-G1982,H1982P6CI395,1982,6,158,211,158,https://historico.conaliteg.gob.mx/c/H1982P6CI395/158.jpg,0,0.748815,Q3,source_jpeg,1,200,image/jpeg,37971,3e4a170e020075daad1991aa93b873f1aa191c4e660f6e2ff4bb47f3eac60173,1,
CN_PENDING_PAGE_MANIFEST_0.1,LTMD-CN6-G1982-VP159,LTMD-CN6-G1982,H1982P6CI395,1982,6,159,211,159,https://historico.conaliteg.gob.mx/c/H1982P6CI395/159.jpg,0,0.753555,Q4,source_jpeg,1,200,image/jpeg,39032,b4e32e82c738b62559ab034b2399ba8d3b0b0e244fac2f9b5549035535b7a419,1,
CN_PENDING_PAGE_MANIFEST_0.1,LTMD-CN6-G1982-VP160,LTMD-CN6-G1982,H1982P6CI395,1982,6,160,211,160,https://historico.conaliteg.gob.mx/c/H1982P6CI395/160.jpg,0,0.758294,Q4,source_jpeg,1,200,image/jpeg,46880,d1b0efb33df4a78b2f3536cb4c4debaca1aeb078c76357b88ef11f4dbfb62968,1,
CN_PENDING_PAGE_MANIFEST_0.1,LTMD-CN6-G1982-VP161,LTMD-CN6-G1982,H1982P6CI395,1982,6,161,211,161,https://historico.conaliteg.gob.mx/c/H1982P6CI395/161.jpg,0,0.763033,Q4,source_jpeg,1,200,image/jpeg,45718,6de1a860a4b653c2937408e6e823d2f351856de6de6faf62777ac718d5520cb4,1,
CN_PENDING_PAGE_MANIFEST_0.1,LTMD-CN6-G1982-VP162,LTMD-CN6-G1982,H1982P6CI395,1982,6,162,211,162,https://historico.conaliteg.gob.mx/c/H1982P6CI395/162.jpg,0,0.767773,Q4,source_jpeg,1,200,image/jpeg,42632,44e4aa4027360390cde0502320b0b283775e0d1997164eaaab3a9569e6307e6c,1,
CN_PENDING_PAGE_MANIFEST_0.1,LTMD-CN6-G1982-VP163,LTMD-CN6-G1982,H1982P6CI395,1982,6,163,211,163,https://historico.conaliteg.gob.mx/c/H1982P6CI395/163.jpg,0,0.772512,Q4,source_jpeg,1,200,image/jpeg,50680,79b269cee9fb2cfa5bad535db0555122a84f8be1a95e28ab9ef53641739c03b3,1,
CN_PENDING_PAGE_MANIFEST_0.1,LTMD-CN6-G1982-VP164,LTMD-CN6-G1982,H1982P6CI395,1982,6,164,211,164,https://historico.conaliteg.gob.mx/c/H1982P6CI395/164.jpg,0,0.777251,Q4,source_jpeg,1,200,image/jpeg,45545,82e53b21518dfdd4be668f81629ce47341de5bf33a3067ca42ad4fcb0312ffb6,1,
CN_PENDING_PAGE_MANIFEST_0.1,LTMD-CN6-G1982-VP165,LTMD-CN6-G1982,H1982P6CI395,1982,6,165,211,165,https://historico.conaliteg.gob.mx/c/H1982P6CI395/165.jpg,0,0.781991,Q4,source_jpeg,1,200,image/jpeg,45461,c5638009f029837d7be94b041cbb30ec120769a0dc4be90d507e9bd3e5f411ab,1,
CN_PENDING_PAGE_MANIFEST_0.1,LTMD-CN6-G1982-VP166,LTMD-CN6-G1982,H1982P6CI395,1982,6,166,211,166,https://historico.conaliteg.gob.mx/c/H1982P6CI395/166.jpg,0,0.786730,Q4,source_jpeg,1,200,image/jpeg,41733,12fe38e486fcdd6a51ba6f3ca64c4c5dd69f2295b6cf2dfa11d06560503da710,1,
CN_PENDING_PAGE_MANIFEST_0.1,LTMD-CN6-G1982-VP167,LTMD-CN6-G1982,H1982P6CI395,1982,6,167,211,167,https://historico.conaliteg.gob.mx/c/H1982P6CI395/167.jpg,0,0.791469,Q4,source_jpeg,1,200,image/jpeg,50377,2aef29f78626cb4d61abff5b02685636c852e38dcbc303ed8ab6de67a2a2b6dd,1,
CN_PENDING_PAGE_MANIFEST_0.1,LTMD-CN6-G1982-VP168,LTMD-CN6-G1982,H1982P6CI395,1982,6,168,211,168,https://historico.conaliteg.gob.mx/c/H1982P6CI395/168.jpg,0,0.796209,Q4,source_jpeg,1,200,image/jpeg,63453,f8b9adc5df0ffe3b29c7c5bb441603f77b58857945c5de27a0c7262358a6ec74,1,
CN_PENDING_PAGE_MANIFEST_0.1,LTMD-CN6-G1982-VP169,LTMD-CN6-G1982,H1982P6CI395,1982,6,169,211,169,https://historico.conaliteg.gob.mx/c/H1982P6CI395/169.jpg,0,0.800948,Q4,source_jpeg,1,200,image/jpeg,54169,99cb59a31cad323d2a8fa81ee36804b900a348130ef3860a1272cc573121ee29,1,
CN_PENDING_PAGE_MANIFEST_0.1,LTMD-CN6-G1982-VP170,LTMD-CN6-G1982,H1982P6CI395,1982,6,170,211,170,https://historico.conaliteg.gob.mx/c/H1982P6CI395/170.jpg,0,0.805687,Q4,source_jpeg,1,200,image/jpeg,50220,e755da1844637a0cc9e959e2eff08a57ce7e5c246337c094a14e9eab07804502,1,
CN_PENDING_PAGE_MANIFEST_0.1,LTMD-CN6-G1982-VP171,LTMD-CN6-G1982,H1982P6CI395,1982,6,171,211,171,https://historico.conaliteg.gob.mx/c/H1982P6CI395/171.jpg,0,0.810427,Q4,source_jpeg,1,200,image/jpeg,39131,81327b4a434c1c40dbdcf4a93a90d3c317c326dae1ff1218784bdf88f0404e38,1,
CN_PENDING_PAGE_MANIFEST_0.1,LTMD-CN6-G1982-VP172,LTMD-CN6-G1982,H1982P6CI395,1982,6,172,211,172,https://historico.conaliteg.gob.mx/c/H1982P6CI395/172.jpg,0,0.815166,Q4,source_jpeg,1,200,image/jpeg,40762,664c131cd04d2f367773914603c195f814b69236aa24a35714a0adfaab267c33,1,
CN_PENDING_PAGE_MANIFEST_0.1,LTMD-CN6-G1982-VP173,LTMD-CN6-G1982,H1982P6CI395,1982,6,173,211,173,https://historico.conaliteg.gob.mx/c/H1982P6CI395/173.jpg,0,0.819905,Q4,source_jpeg,1,200,image/jpeg,29822,527597e0789d2f866ae219c51f90d91ead608c0ada42980df8cae94dd31c1756,1,
CN_PENDING_PAGE_MANIFEST_0.1,LTMD-CN6-G1982-VP174,LTMD-CN6-G1982,H1982P6CI395,1982,6,174,211,174,https://historico.conaliteg.gob.mx/c/H1982P6CI395/174.jpg,0,0.824645,Q4,source_jpeg,1,200,image/jpeg,54957,8d2cfa1b24253facbcc4d40dc2caf8082f6fe874bc035589aee0d60e76203073,1,
CN_PENDING_PAGE_MANIFEST_0.1,LTMD-CN6-G1982-VP175,LTMD-CN6-G1982,H1982P6CI395,1982,6,175,211,175,https://historico.conaliteg.gob.mx/c/H1982P6CI395/175.jpg,0,0.829384,Q4,source_jpeg,1,200,image/jpeg,51605,7db411e07d23fba192c31b2d541a2c6927dd680bbe032b55f3bf04da4f50468b,1,
CN_PENDING_PAGE_MANIFEST_0.1,LTMD-CN6-G1982-VP176,LTMD-CN6-G1982,H1982P6CI395,1982,6,176,211,176,https://historico.conaliteg.gob.mx/c/H1982P6CI395/176.jpg,0,0.834123,Q4,source_jpeg,1,200,image/jpeg,47485,9ed8fc1cd098ec47de7fd0f49c7dbdc2d48483e52495290bbbed7127313a375d,1,
CN_PENDING_PAGE_MANIFEST_0.1,LTMD-CN6-G1982-VP177,LTMD-CN6-G1982,H1982P6CI395,1982,6,177,211,177,https://historico.conaliteg.gob.mx/c/H1982P6CI395/177.jpg,0,0.838863,Q4,source_jpeg,1,200,image/jpeg,47557,a6ca01b02c581e25d8e4a900a8c12981e20e1561399dc3903c4990718bc63be5,1,
CN_PENDING_PAGE_MANIFEST_0.1,LTMD-CN6-G1982-VP178,LTMD-CN6-G1982,H1982P6CI395,1982,6,178,211,178,https://historico.conaliteg.gob.mx/c/H1982P6CI395/178.jpg,0,0.843602,Q4,source_jpeg,1,200,image/jpeg,63129,4cd1b7df53891837f2627f47240a1ed77c8fa0a7e4628fe64697553eada74931,1,
CN_PENDING_PAGE_MANIFEST_0.1,LTMD-CN6-G1982-VP179,LTMD-CN6-G1982,H1982P6CI395,1982,6,179,211,179,https://historico.conaliteg.gob.mx/c/H1982P6CI395/179.jpg,0,0.848341,Q4,source_jpeg,1,200,image/jpeg,49509,56734fedeaa9bee79659019ead869324ee486ee10e9d78d7e912a51d5fda962c,1,
CN_PENDING_PAGE_MANIFEST_0.1,LTMD-CN6-G1982-VP180,LTMD-CN6-G1982,H1982P6CI395,1982,6,180,211,180,https://historico.conaliteg.gob.mx/c/H1982P6CI395/180.jpg,0,0.853081,Q4,source_jpeg,1,200,image/jpeg,53509,403abcf270a1f57898dd2e2f5a943d6e195cdfc4fe9f29ea8456e566a2d957ef,1,
CN_PENDING_PAGE_MANIFEST_0.1,LTMD-CN6-G1982-VP181,LTMD-CN6-G1982,H1982P6CI395,1982,6,181,211,181,https://historico.conaliteg.gob.mx/c/H1982P6CI395/181.jpg,0,0.857820,Q4,source_jpeg,1,200,image/jpeg,64988,299bf0e199044d9d3a22888bb62502060a1833d5909cb1975a5622625f418620,1,
CN_PENDING_PAGE_MANIFEST_0.1,LTMD-CN6-G1982-VP182,LTMD-CN6-G1982,H1982P6CI395,1982,6,182,211,182,https://historico.conaliteg.gob.mx/c/H1982P6CI395/182.jpg,0,0.862559,Q4,source_jpeg,1,200,image/jpeg,63024,ac287388e96fd9976f7da00a084e75521f8215e1873cc9528ee096b146d0a51f,1,
CN_PENDING_PAGE_MANIFEST_0.1,LTMD-CN6-G1982-VP183,LTMD-CN6-G1982,H1982P6CI395,1982,6,183,211,183,https://historico.conaliteg.gob.mx/c/H1982P6CI395/183.jpg,0,0.867299,Q4,source_jpeg,1,200,image/jpeg,40690,e6c6a2a3703249f0eb6765d089c671834e65e64927d611bf8607d94ac024264f,1,
CN_PENDING_PAGE_MANIFEST_0.1,LTMD-CN6-G1982-VP184,LTMD-CN6-G1982,H1982P6CI395,1982,6,184,211,184,https://historico.conaliteg.gob.mx/c/H1982P6CI395/184.jpg,0,0.872038,Q4,source_jpeg,1,200,image/jpeg,39265,e6f0b7e3aaf75ddf57d05aa1bbdabd2bdb00cadea00fb317b70a066e7bded7fb,1,
CN_PENDING_PAGE_MANIFEST_0.1,LTMD-CN6-G1982-VP185,LTMD-CN6-G1982,H1982P6CI395,1982,6,185,211,185,https://historico.conaliteg.gob.mx/c/H1982P6CI395/185.jpg,0,0.876777,Q4,source_jpeg,1,200,image/jpeg,41568,507b6b3e1a6b6749d623a79779e8b9c7eae4238f614138f9cc122389e6bb602b,1,
CN_PENDING_PAGE_MANIFEST_0.1,LTMD-CN6-G1982-VP186,LTMD-CN6-G1982,H1982P6CI395,1982,6,186,211,186,https://historico.conaliteg.gob.mx/c/H1982P6CI395/186.jpg,0,0.881517,Q4,source_jpeg,1,200,image/jpeg,43463,2732f9728d8f695d6f4bfc59eea964b94b5b7392f38924b14fa97b7eb03ecce9,1,
CN_PENDING_PAGE_MANIFEST_0.1,LTMD-CN6-G1982-VP187,LTMD-CN6-G1982,H1982P6CI395,1982,6,187,211,187,https://historico.conaliteg.gob.mx/c/H1982P6CI395/187.jpg,0,0.886256,Q4,source_jpeg,1,200,image/jpeg,65280,ea42e784120fdd947bb7ee44a257846781a4b240e1c92099afce51d6af92a2f3,1,
CN_PENDING_PAGE_MANIFEST_0.1,LTMD-CN6-G1982-VP188,LTMD-CN6-G1982,H1982P6CI395,1982,6,188,211,188,https://historico.conaliteg.gob.mx/c/H1982P6CI395/188.jpg,0,0.890995,Q4,source_jpeg,1,200,image/jpeg,57945,408743a3156bb5f5b0079304a154c2f1bb327ba2efda89d275697a2bbcc4b192,1,
CN_PENDING_PAGE_MANIFEST_0.1,LTMD-CN6-G1982-VP189,LTMD-CN6-G1982,H1982P6CI395,1982,6,189,211,189,https://historico.conaliteg.gob.mx/c/H1982P6CI395/189.jpg,0,0.895735,Q4,source_jpeg,1,200,image/jpeg,53533,5d5ae4d8c3839087a39b65a2dc77f735c8ee650a7d0efae379c2bf5fdeb69030,1,
CN_PENDING_PAGE_MANIFEST_0.1,LTMD-CN6-G1982-VP190,LTMD-CN6-G1982,H1982P6CI395,1982,6,190,211,190,https://historico.conaliteg.gob.mx/c/H1982P6CI395/190.jpg,0,0.900474,Q4,source_jpeg,1,200,image/jpeg,54854,1b3a7b9a6a6ffc49aafea59f45c6c7ba0036f40231dd163ab19afe648fade4e0,1,
CN_PENDING_PAGE_MANIFEST_0.1,LTMD-CN6-G1982-VP191,LTMD-CN6-G1982,H1982P6CI395,1982,6,191,211,191,https://historico.conaliteg.gob.mx/c/H1982P6CI395/191.jpg,0,0.905213,Q4,source_jpeg,1,200,image/jpeg,67994,ec1c29503af8c3ddb8c048d0665ecf92a83af5a51b86d04b680e3b71ac02f9c5,1,
CN_PENDING_PAGE_MANIFEST_0.1,LTMD-CN6-G1982-VP192,LTMD-CN6-G1982,H1982P6CI395,1982,6,192,211,192,https://historico.conaliteg.gob.mx/c/H1982P6CI395/192.jpg,0,0.909953,Q4,source_jpeg,1,200,image/jpeg,44624,f979cd6f07972079a9c0b62138b056b4bc5ac74183a48ea1a5ad985bd007f492,1,
CN_PENDING_PAGE_MANIFEST_0.1,LTMD-CN6-G1982-VP193,LTMD-CN6-G1982,H1982P6CI395,1982,6,193,211,193,https://historico.conaliteg.gob.mx/c/H1982P6CI395/193.jpg,0,0.914692,Q4,source_jpeg,1,200,image/jpeg,37079,ec4d9d2641e34bc9688863ceb245e26cbe060e2de692f46ce605443a7a5a96ce,1,
CN_PENDING_PAGE_MANIFEST_0.1,LTMD-CN6-G1982-VP194,LTMD-CN6-G1982,H1982P6CI395,1982,6,194,211,194,https://historico.conaliteg.gob.mx/c/H1982P6CI395/194.jpg,0,0.919431,Q4,source_jpeg,1,200,image/jpeg,48373,f6be4da485f971e3d8e550e3f43f89b68ca9a655b33b8f33674a57d8bfeeb941,1,
CN_PENDING_PAGE_MANIFEST_0.1,LTMD-CN6-G1982-VP195,LTMD-CN6-G1982,H1982P6CI395,1982,6,195,211,195,https://historico.conaliteg.gob.mx/c/H1982P6CI395/195.jpg,0,0.924171,Q4,source_jpeg,1,200,image/jpeg,51480,8ade7f6978ba5fff20d92a2580f9f387957e12b9f28487a9fe226414576bb68a,1,
CN_PENDING_PAGE_MANIFEST_0.1,LTMD-CN6-G1982-VP196,LTMD-CN6-G1982,H1982P6CI395,1982,6,196,211,196,https://historico.conaliteg.gob.mx/c/H1982P6CI395/196.jpg,0,0.928910,Q4,source_jpeg,1,200,image/jpeg,64603,4d507136323cdeccf4d1687dccbe8d22fe2443fac25666112def5e08a73cb1e3,1,
CN_PENDING_PAGE_MANIFEST_0.1,LTMD-CN6-G1982-VP197,LTMD-CN6-G1982,H1982P6CI395,1982,6,197,211,197,https://historico.conaliteg.gob.mx/c/H1982P6CI395/197.jpg,0,0.933649,Q4,source_jpeg,1,200,image/jpeg,54501,54654da9c227f6aebebc272a848ace8b059190088f0c034e1d2cfd0edc8722e4,1,
CN_PENDING_PAGE_MANIFEST_0.1,LTMD-CN6-G1982-VP198,LTMD-CN6-G1982,H1982P6CI395,1982,6,198,211,198,https://historico.conaliteg.gob.mx/c/H1982P6CI395/198.jpg,0,0.938389,Q4,source_jpeg,1,200,image/jpeg,64194,79826c0aa6b0c0f993270af86da2422bc29feaed4d631214303239ac6fc01696,1,
CN_PENDING_PAGE_MANIFEST_0.1,LTMD-CN6-G1982-VP199,LTMD-CN6-G1982,H1982P6CI395,1982,6,199,211,199,https://historico.conaliteg.gob.mx/c/H1982P6CI395/199.jpg,0,0.943128,Q4,source_jpeg,1,200,image/jpeg,53101,bf7ef337de438f367c5681a2ee5c1b0e8bdc32be2a846c3ad50ef757d3129ff0,1,
CN_PENDING_PAGE_MANIFEST_0.1,LTMD-CN6-G1982-VP200,LTMD-CN6-G1982,H1982P6CI395,1982,6,200,211,200,https://historico.conaliteg.gob.mx/c/H1982P6CI395/200.jpg,0,0.947867,Q4,source_jpeg,1,200,image/jpeg,62238,223d58ef42ec937dc3e3d318b17223d0c4cefb6cbab384264d9d635f579a9d7f,1,
CN_PENDING_PAGE_MANIFEST_0.1,LTMD-CN6-G1982-VP201,LTMD-CN6-G1982,H1982P6CI395,1982,6,201,211,201,https://historico.conaliteg.gob.mx/c/H1982P6CI395/201.jpg,0,0.952607,Q4,source_jpeg,1,200,image/jpeg,45739,f1805f68b67b6220855e37289bf0427687c8ad59e2e374333d91982ebadb4628,1,
CN_PENDING_PAGE_MANIFEST_0.1,LTMD-CN6-G1982-VP202,LTMD-CN6-G1982,H1982P6CI395,1982,6,202,211,202,https://historico.conaliteg.gob.mx/c/H1982P6CI395/202.jpg,0,0.957346,Q4,source_jpeg,1,200,image/jpeg,61223,05d69f1ced2579bb0c9bd8b8c0390ccb253a201fa1a354bb814273af0ad9d7e3,1,
CN_PENDING_PAGE_MANIFEST_0.1,LTMD-CN6-G1982-VP203,LTMD-CN6-G1982,H1982P6CI395,1982,6,203,211,203,https://historico.conaliteg.gob.mx/c/H1982P6CI395/203.jpg,0,0.962085,Q4,source_jpeg,1,200,image/jpeg,51993,07387955b83ee3c2e762110a6b6f71e9c7b8cb476c13f6bda11bb15d150ba7b2,1,
CN_PENDING_PAGE_MANIFEST_0.1,LTMD-CN6-G1982-VP204,LTMD-CN6-G1982,H1982P6CI395,1982,6,204,211,204,https://historico.conaliteg.gob.mx/c/H1982P6CI395/204.jpg,0,0.966825,Q4,source_jpeg,1,200,image/jpeg,55000,1786fedee8a505353426bdded831b74fcf854a8f1eb444437b1a3d596b9cc863,1,
CN_PENDING_PAGE_MANIFEST_0.1,LTMD-CN6-G1982-VP205,LTMD-CN6-G1982,H1982P6CI395,1982,6,205,211,205,https://historico.conaliteg.gob.mx/c/H1982P6CI395/205.jpg,0,0.971564,Q4,source_jpeg,1,200,image/jpeg,54125,d6fe9093ec81b881bd126936480ff7496243e8776a79dbe9771c38db7e4cdc81,1,
CN_PENDING_PAGE_MANIFEST_0.1,LTMD-CN6-G1982-VP206,LTMD-CN6-G1982,H1982P6CI395,1982,6,206,211,206,https://historico.conaliteg.gob.mx/c/H1982P6CI395/206.jpg,0,0.976303,Q4,source_jpeg,1,200,image/jpeg,51242,9dfeec991bbc1b68a01c9d50dbf4dade54227a92179d190d3df3458189019215,1,
CN_PENDING_PAGE_MANIFEST_0.1,LTMD-CN6-G1982-VP207,LTMD-CN6-G1982,H1982P6CI395,1982,6,207,211,207,https://historico.conaliteg.gob.mx/c/H1982P6CI395/207.jpg,0,0.981043,Q4,source_jpeg,1,200,image/jpeg,58559,189400f5850ea3c4afd872b41369012453c20e416d86bea2f556e7911d1595fe,1,
CN_PENDING_PAGE_MANIFEST_0.1,LTMD-CN6-G1982-VP208,LTMD-CN6-G1982,H1982P6CI395,1982,6,208,211,208,https://historico.conaliteg.gob.mx/c/H1982P6CI395/208.jpg,0,0.985782,Q4,source_jpeg,1,200,image/jpeg,25946,bf9f0df7dcc8efc00e0bd9947bd50820c63a69126d4ad554a66fa4a8ea55d8c2,1,
CN_PENDING_PAGE_MANIFEST_0.1,LTMD-CN6-G1982-VP209,LTMD-CN6-G1982,H1982P6CI395,1982,6,209,211,209,https://historico.conaliteg.gob.mx/c/H1982P6CI395/209.jpg,0,0.990521,Q4,source_jpeg,1,200,image/jpeg,52378,4b8f54d9ffffed7940c9048e47dc2925ba18e3c648ddc46f5ce17a0cbdafcc88,1,
CN_PENDING_PAGE_MANIFEST_0.1,LTMD-CN6-G1982-VP210,LTMD-CN6-G1982,H1982P6CI395,1982,6,210,211,210,https://historico.conaliteg.gob.mx/c/H1982P6CI395/210.jpg,0,0.995261,Q4,source_jpeg,1,200,image/jpeg,331496,6b1f1d139e0580ab7828fb54c546e3dc91d06114a962feb9bbb346de10641d83,1,
CN_PENDING_PAGE_MANIFEST_0.1,LTMD-CN6-G2011-VP001,LTMD-CN6-G2011,H2011P6CI335,2011,6,1,178,0,https://historico.conaliteg.gob.mx/c/H2011P6CI335/000.jpg,0,0.005618,Q1,source_jpeg,1,200,image/jpeg,132472,c4c9248bb26a162444878bd847c7c59750a4f57f766d770f8003ee155c32e966,1,
CN_PENDING_PAGE_MANIFEST_0.1,LTMD-CN6-G2011-VP002,LTMD-CN6-G2011,H2011P6CI335,2011,6,2,178,2,https://historico.conaliteg.gob.mx/c/H2011P6CI335/002.jpg,0,0.011236,Q1,source_jpeg,1,200,image/jpeg,337709,4e9bba3cb396adf33c592e98ca63c9c74a72301bb11bbe3d04321f6d3df6842f,1,
CN_PENDING_PAGE_MANIFEST_0.1,LTMD-CN6-G2011-VP003,LTMD-CN6-G2011,H2011P6CI335,2011,6,3,178,3,https://historico.conaliteg.gob.mx/c/H2011P6CI335/003.jpg,0,0.016854,Q1,source_jpeg,1,200,image/jpeg,354127,10757e1ee543b31558d00fd6d727b6bc9c34f72846c54135c7b73fb5d54543ad,1,
CN_PENDING_PAGE_MANIFEST_0.1,LTMD-CN6-G2011-VP004,LTMD-CN6-G2011,H2011P6CI335,2011,6,4,178,4,https://historico.conaliteg.gob.mx/c/H2011P6CI335/004.jpg,0,0.022472,Q1,source_jpeg,1,200,image/jpeg,340133,1a7cb5e24014e409b5f231519d91d682a95133d2e3deecb720b470383ecb4f7b,1,
CN_PENDING_PAGE_MANIFEST_0.1,LTMD-CN6-G2011-VP005,LTMD-CN6-G2011,H2011P6CI335,2011,6,5,178,5,https://historico.conaliteg.gob.mx/c/H2011P6CI335/005.jpg,0,0.028090,Q1,source_jpeg,1,200,image/jpeg,390766,439a71500462a19e7e0d31a5e4a10d3ae49bd16138cd689e4393b3433938ff91,1,
CN_PENDING_PAGE_MANIFEST_0.1,LTMD-CN6-G2011-VP006,LTMD-CN6-G2011,H2011P6CI335,2011,6,6,178,6,https://historico.conaliteg.gob.mx/c/H2011P6CI335/006.jpg,0,0.033708,Q1,source_jpeg,1,200,image/jpeg,280893,c738bc6ff2200d9df768874e28a1b2a475fae8108cd25f54a2dcbcc6d7d6bb49,1,
CN_PENDING_PAGE_MANIFEST_0.1,LTMD-CN6-G2011-VP007,LTMD-CN6-G2011,H2011P6CI335,2011,6,7,178,7,https://historico.conaliteg.gob.mx/c/H2011P6CI335/007.jpg,0,0.039326,Q1,source_jpeg,1,200,image/jpeg,237658,c9e3131d23df827dc530ab11d15b71625b202462b4de1fe7dc2c7b21e493365f,1,
CN_PENDING_PAGE_MANIFEST_0.1,LTMD-CN6-G2011-VP008,LTMD-CN6-G2011,H2011P6CI335,2011,6,8,178,8,https://historico.conaliteg.gob.mx/c/H2011P6CI335/008.jpg,0,0.044944,Q1,source_jpeg,1,200,image/jpeg,333647,614d29a07609797f043f3572861b962ac54227a102b36ee2f0f1d69e1da0a4fb,1,
CN_PENDING_PAGE_MANIFEST_0.1,LTMD-CN6-G2011-VP009,LTMD-CN6-G2011,H2011P6CI335,2011,6,9,178,9,https://historico.conaliteg.gob.mx/c/H2011P6CI335/009.jpg,0,0.050562,Q1,source_jpeg,1,200,image/jpeg,182117,a28c2aeba355f67deba9d4e29c544d5288fff5c13629c76fba1c92077333eda4,1,
CN_PENDING_PAGE_MANIFEST_0.1,LTMD-CN6-G2011-VP010,LTMD-CN6-G2011,H2011P6CI335,2011,6,10,178,10,https://historico.conaliteg.gob.mx/c/H2011P6CI335/010.jpg,0,0.056180,Q1,source_jpeg,1,200,image/jpeg,323588,2a4cdc9887ff8508b23f5bbe3a854d051af38233154f93b6053b168743b639d8,1,
CN_PENDING_PAGE_MANIFEST_0.1,LTMD-CN6-G2011-VP011,LTMD-CN6-G2011,H2011P6CI335,2011,6,11,178,11,https://historico.conaliteg.gob.mx/c/H2011P6CI335/011.jpg,0,0.061798,Q1,source_jpeg,1,200,image/jpeg,308001,cbe09dce31ee9ccabaf60199cc8d682f9d5d60ceed5eee2528a336afdb213d6c,1,
CN_PENDING_PAGE_MANIFEST_0.1,LTMD-CN6-G2011-VP012,LTMD-CN6-G2011,H2011P6CI335,2011,6,12,178,12,https://historico.conaliteg.gob.mx/c/H2011P6CI335/012.jpg,0,0.067416,Q1,source_jpeg,1,200,image/jpeg,377566,e47edf012d535da866d51fff2d9d9bfaf354d9f09505d2f0cb3f69dec789b71d,1,
CN_PENDING_PAGE_MANIFEST_0.1,LTMD-CN6-G2011-VP013,LTMD-CN6-G2011,H2011P6CI335,2011,6,13,178,13,https://historico.conaliteg.gob.mx/c/H2011P6CI335/013.jpg,0,0.073034,Q1,source_jpeg,1,200,image/jpeg,389190,5300c6b19fb3f89bd98b39513b211eabc7c24357b3a5da8c113a6003c664e07b,1,
CN_PENDING_PAGE_MANIFEST_0.1,LTMD-CN6-G2011-VP014,LTMD-CN6-G2011,H2011P6CI335,2011,6,14,178,14,https://historico.conaliteg.gob.mx/c/H2011P6CI335/014.jpg,0,0.078652,Q1,source_jpeg,1,200,image/jpeg,413966,723ba22a2d40a24a0416e5cbd8ffd4def0469f88cd4b6496419ab45944bc8af4,1,
CN_PENDING_PAGE_MANIFEST_0.1,LTMD-CN6-G2011-VP015,LTMD-CN6-G2011,H2011P6CI335,2011,6,15,178,15,https://historico.conaliteg.gob.mx/c/H2011P6CI335/015.jpg,0,0.084270,Q1,source_jpeg,1,200,image/jpeg,379058,bd409f8fd14c066b4d0e9ae18846a063a1cf4575164852c8b3cb197fc8f05221,1,
CN_PENDING_PAGE_MANIFEST_0.1,LTMD-CN6-G2011-VP016,LTMD-CN6-G2011,H2011P6CI335,2011,6,16,178,16,https://historico.conaliteg.gob.mx/c/H2011P6CI335/016.jpg,0,0.089888,Q1,source_jpeg,1,200,image/jpeg,403015,5429dd4ac2f9e26f273d1c055e1e494a7797a0359ef9567f57a44b65f7e62582,1,
CN_PENDING_PAGE_MANIFEST_0.1,LTMD-CN6-G2011-VP017,LTMD-CN6-G2011,H2011P6CI335,2011,6,17,178,17,https://historico.conaliteg.gob.mx/c/H2011P6CI335/017.jpg,0,0.095506,Q1,source_jpeg,1,200,image/jpeg,282885,cad0c19dbdb6a16f60e3bff0ac73b8f3a256a1b44c0c7bd1d018556e03a071d6,1,
CN_PENDING_PAGE_MANIFEST_0.1,LTMD-CN6-G2011-VP018,LTMD-CN6-G2011,H2011P6CI335,2011,6,18,178,18,https://historico.conaliteg.gob.mx/c/H2011P6CI335/018.jpg,0,0.101124,Q1,source_jpeg,1,200,image/jpeg,450629,b45f370225dfc95528f9419094a1c18d8e0e8eda0dfeb06ca5869af456042a33,1,
CN_PENDING_PAGE_MANIFEST_0.1,LTMD-CN6-G2011-VP019,LTMD-CN6-G2011,H2011P6CI335,2011,6,19,178,19,https://historico.conaliteg.gob.mx/c/H2011P6CI335/019.jpg,0,0.106742,Q1,source_jpeg,1,200,image/jpeg,434176,7e17f89c2dc07eaf5903ef2030e8a78861f6b1c5fd77dd6b7306217352cc7378,1,
CN_PENDING_PAGE_MANIFEST_0.1,LTMD-CN6-G2011-VP020,LTMD-CN6-G2011,H2011P6CI335,2011,6,20,178,20,https://historico.conaliteg.gob.mx/c/H2011P6CI335/020.jpg,0,0.112360,Q1,source_jpeg,1,200,image/jpeg,364576,ec06aef297104d6d47fea6f0475f46a2c59f8bcc17e15f749a7a91c7911fe98e,1,
CN_PENDING_PAGE_MANIFEST_0.1,LTMD-CN6-G2011-VP021,LTMD-CN6-G2011,H2011P6CI335,2011,6,21,178,21,https://historico.conaliteg.gob.mx/c/H2011P6CI335/021.jpg,0,0.117978,Q1,source_jpeg,1,200,image/jpeg,404833,e614dd13f2e3210f9189c4cea33231cccffe91202cbaac5159ccd6200a1b4da7,1,
CN_PENDING_PAGE_MANIFEST_0.1,LTMD-CN6-G2011-VP022,LTMD-CN6-G2011,H2011P6CI335,2011,6,22,178,22,https://historico.conaliteg.gob.mx/c/H2011P6CI335/022.jpg,0,0.123596,Q1,source_jpeg,1,200,image/jpeg,452460,2b0677b391ea9164f8b468601f61f3579901e467ac1132c7ee9ce8c340554386,1,
CN_PENDING_PAGE_MANIFEST_0.1,LTMD-CN6-G2011-VP023,LTMD-CN6-G2011,H2011P6CI335,2011,6,23,178,23,https://historico.conaliteg.gob.mx/c/H2011P6CI335/023.jpg,0,0.129213,Q1,source_jpeg,1,200,image/jpeg,394999,d331cb892c5411142f48f19df09e8ca254bc3710304a10d86e8716de680a3b4b,1,
CN_PENDING_PAGE_MANIFEST_0.1,LTMD-CN6-G2011-VP024,LTMD-CN6-G2011,H2011P6CI335,2011,6,24,178,24,https://historico.conaliteg.gob.mx/c/H2011P6CI335/024.jpg,0,0.134831,Q1,source_jpeg,1,200,image/jpeg,413943,0b55a208b1b9b14cf938079a5bf19633eee33e9ae58beede70e9c92e86d34cad,1,
CN_PENDING_PAGE_MANIFEST_0.1,LTMD-CN6-G2011-VP025,LTMD-CN6-G2011,H2011P6CI335,2011,6,25,178,25,https://historico.conaliteg.gob.mx/c/H2011P6CI335/025.jpg,0,0.140449,Q1,source_jpeg,1,200,image/jpeg,452734,ccc558513b3b9936dce9c0e544fed203d4176dd982fbf71b0425a3f24a1f0ea5,1,
CN_PENDING_PAGE_MANIFEST_0.1,LTMD-CN6-G2011-VP026,LTMD-CN6-G2011,H2011P6CI335,2011,6,26,178,26,https://historico.conaliteg.gob.mx/c/H2011P6CI335/026.jpg,0,0.146067,Q1,source_jpeg,1,200,image/jpeg,373268,2b7876d16fdb00a6578310cd32c86b2a8beba238762ca06ee3c743a95ff016fc,1,
CN_PENDING_PAGE_MANIFEST_0.1,LTMD-CN6-G2011-VP027,LTMD-CN6-G2011,H2011P6CI335,2011,6,27,178,27,https://historico.conaliteg.gob.mx/c/H2011P6CI335/027.jpg,0,0.151685,Q1,source_jpeg,1,200,image/jpeg,364750,a464abcedd3166d77a9fab382ba6b91eb92cdec1cdc4b82edfd25f95e5de2841,1,
CN_PENDING_PAGE_MANIFEST_0.1,LTMD-CN6-G2011-VP028,LTMD-CN6-G2011,H2011P6CI335,2011,6,28,178,28,https://historico.conaliteg.gob.mx/c/H2011P6CI335/028.jpg,0,0.157303,Q1,source_jpeg,1,200,image/jpeg,365514,5f300120371615a140d485b63c9e72b7e3cb501e26ac0abb7cdc9f43b28e8531,1,
CN_PENDING_PAGE_MANIFEST_0.1,LTMD-CN6-G2011-VP029,LTMD-CN6-G2011,H2011P6CI335,2011,6,29,178,29,https://historico.conaliteg.gob.mx/c/H2011P6CI335/029.jpg,0,0.162921,Q1,source_jpeg,1,200,image/jpeg,414277,0754e65ed5cc541ded72d162c93cdacf828ac7c9d23a27c265f20e459561b021,1,
CN_PENDING_PAGE_MANIFEST_0.1,LTMD-CN6-G2011-VP030,LTMD-CN6-G2011,H2011P6CI335,2011,6,30,178,30,https://historico.conaliteg.gob.mx/c/H2011P6CI335/030.jpg,0,0.168539,Q1,source_jpeg,1,200,image/jpeg,254499,8cae8069af229a1955f529d280c3eff4e1592a700f834f0b498a19cd77fabf36,1,
CN_PENDING_PAGE_MANIFEST_0.1,LTMD-CN6-G2011-VP031,LTMD-CN6-G2011,H2011P6CI335,2011,6,31,178,31,https://historico.conaliteg.gob.mx/c/H2011P6CI335/031.jpg,0,0.174157,Q1,source_jpeg,1,200,image/jpeg,328795,72b257979d5423a20a25a07ce3e714caa8c9a632b044f13fb087ea4a65e20be7,1,
CN_PENDING_PAGE_MANIFEST_0.1,LTMD-CN6-G2011-VP032,LTMD-CN6-G2011,H2011P6CI335,2011,6,32,178,32,https://historico.conaliteg.gob.mx/c/H2011P6CI335/032.jpg,0,0.179775,Q1,source_jpeg,1,200,image/jpeg,499760,ab368831f3353e729854c909d8199f23da2b42f3a8bccc845e950ad917b559c2,1,
CN_PENDING_PAGE_MANIFEST_0.1,LTMD-CN6-G2011-VP033,LTMD-CN6-G2011,H2011P6CI335,2011,6,33,178,33,https://historico.conaliteg.gob.mx/c/H2011P6CI335/033.jpg,0,0.185393,Q1,source_jpeg,1,200,image/jpeg,412850,ab4b68f4a69e5e63657fcd1ad27b026f1ad766aa3873c6d71217e32f1216d1da,1,
CN_PENDING_PAGE_MANIFEST_0.1,LTMD-CN6-G2011-VP034,LTMD-CN6-G2011,H2011P6CI335,2011,6,34,178,34,https://historico.conaliteg.gob.mx/c/H2011P6CI335/034.jpg,0,0.191011,Q1,source_jpeg,1,200,image/jpeg,360425,e57f3250587aee26d44d91e2756c7841b6a287fadb521c9050a7ffc4d7655a3b,1,
CN_PENDING_PAGE_MANIFEST_0.1,LTMD-CN6-G2011-VP035,LTMD-CN6-G2011,H2011P6CI335,2011,6,35,178,35,https://historico.conaliteg.gob.mx/c/H2011P6CI335/035.jpg,0,0.196629,Q1,source_jpeg,1,200,image/jpeg,430637,c869178540b19ffd012c88281d3f7c1db3a0716ab0ca85a4f4504811c1c49fd3,1,
CN_PENDING_PAGE_MANIFEST_0.1,LTMD-CN6-G2011-VP036,LTMD-CN6-G2011,H2011P6CI335,2011,6,36,178,36,https://historico.conaliteg.gob.mx/c/H2011P6CI335/036.jpg,0,0.202247,Q1,source_jpeg,1,200,image/jpeg,355451,2861ea974ac835c0ca50bb0ab0bfc9595ea1afa30fd396556d25ad5fe07e84b8,1,
CN_PENDING_PAGE_MANIFEST_0.1,LTMD-CN6-G2011-VP037,LTMD-CN6-G2011,H2011P6CI335,2011,6,37,178,37,https://historico.conaliteg.gob.mx/c/H2011P6CI335/037.jpg,0,0.207865,Q1,source_jpeg,1,200,image/jpeg,434653,2687daf4bc2126fff04483bbea39b7811399a777d99a9dbd0bf1cfd2b3d1ce49,1,
CN_PENDING_PAGE_MANIFEST_0.1,LTMD-CN6-G2011-VP038,LTMD-CN6-G2011,H2011P6CI335,2011,6,38,178,38,https://historico.conaliteg.gob.mx/c/H2011P6CI335/038.jpg,0,0.213483,Q1,source_jpeg,1,200,image/jpeg,460189,7b9b39225504c5b865ea07acc9d7305bee89a7afe2eedc071712d2da5ac35822,1,
CN_PENDING_PAGE_MANIFEST_0.1,LTMD-CN6-G2011-VP039,LTMD-CN6-G2011,H2011P6CI335,2011,6,39,178,39,https://historico.conaliteg.gob.mx/c/H2011P6CI335/039.jpg,0,0.219101,Q1,source_jpeg,1,200,image/jpeg,393075,2a483b0ecab267c53520d26786a6b85c19e7e21fb5bde428ca6f59581f0266c8,1,
CN_PENDING_PAGE_MANIFEST_0.1,LTMD-CN6-G2011-VP040,LTMD-CN6-G2011,H2011P6CI335,2011,6,40,178,40,https://historico.conaliteg.gob.mx/c/H2011P6CI335/040.jpg,0,0.224719,Q1,source_jpeg,1,200,image/jpeg,385205,8cb98252536d0fdc5f2ad2e08f25023f4fbad607f7377fef685cbe440e456e32,1,
CN_PENDING_PAGE_MANIFEST_0.1,LTMD-CN6-G2011-VP041,LTMD-CN6-G2011,H2011P6CI335,2011,6,41,178,41,https://historico.conaliteg.gob.mx/c/H2011P6CI335/041.jpg,0,0.230337,Q1,source_jpeg,1,200,image/jpeg,375632,2d2f7f94e6f9f7b71f74b672fc0c82ce2035720dd643d4a0cb99e48c014a5f9c,1,
CN_PENDING_PAGE_MANIFEST_0.1,LTMD-CN6-G2011-VP042,LTMD-CN6-G2011,H2011P6CI335,2011,6,42,178,42,https://historico.conaliteg.gob.mx/c/H2011P6CI335/042.jpg,0,0.235955,Q1,source_jpeg,1,200,image/jpeg,410072,ecad6c2bdbf8647baf64f7a9b8c119fcb608f4a7aaf56581f62d793cdb8d2e6f,1,
CN_PENDING_PAGE_MANIFEST_0.1,LTMD-CN6-G2011-VP043,LTMD-CN6-G2011,H2011P6CI335,2011,6,43,178,43,https://historico.conaliteg.gob.mx/c/H2011P6CI335/043.jpg,0,0.241573,Q1,source_jpeg,1,200,image/jpeg,411136,6e6c45851c594bd34ff5068b551552f8fd93ba4f971ce86805fdfc6a626ae4b5,1,
CN_PENDING_PAGE_MANIFEST_0.1,LTMD-CN6-G2011-VP044,LTMD-CN6-G2011,H2011P6CI335,2011,6,44,178,44,https://historico.conaliteg.gob.mx/c/H2011P6CI335/044.jpg,0,0.247191,Q1,source_jpeg,1,200,image/jpeg,280297,0deb0ccf6af79926cfb951587b414cbe739654cd1d5c659a51a9848479438f23,1,
CN_PENDING_PAGE_MANIFEST_0.1,LTMD-CN6-G2011-VP045,LTMD-CN6-G2011,H2011P6CI335,2011,6,45,178,45,https://historico.conaliteg.gob.mx/c/H2011P6CI335/045.jpg,0,0.252809,Q2,source_jpeg,1,200,image/jpeg,263951,034d8eb5886386ab2e2f7fd32d160bf8e1662746268aa587f91affe1a2ad2949,1,
CN_PENDING_PAGE_MANIFEST_0.1,LTMD-CN6-G2011-VP046,LTMD-CN6-G2011,H2011P6CI335,2011,6,46,178,46,https://historico.conaliteg.gob.mx/c/H2011P6CI335/046.jpg,0,0.258427,Q2,source_jpeg,1,200,image/jpeg,280318,3db1bcdec5b7118f82691f7b23d45074ce0388433c947c6aa7e2750745a2c78e,1,
CN_PENDING_PAGE_MANIFEST_0.1,LTMD-CN6-G2011-VP047,LTMD-CN6-G2011,H2011P6CI335,2011,6,47,178,47,https://historico.conaliteg.gob.mx/c/H2011P6CI335/047.jpg,0,0.264045,Q2,source_jpeg,1,200,image/jpeg,194522,7b4d4719aded06ca88287137df0f79e2742852541aa076e6c53ecc5f2cfb8421,1,
CN_PENDING_PAGE_MANIFEST_0.1,LTMD-CN6-G2011-VP048,LTMD-CN6-G2011,H2011P6CI335,2011,6,48,178,48,https://historico.conaliteg.gob.mx/c/H2011P6CI335/048.jpg,0,0.269663,Q2,source_jpeg,1,200,image/jpeg,250179,7d5c8fc5b044ccb4c415b06f8481980957edeaaf6b66306ea4a519c7837f748f,1,
CN_PENDING_PAGE_MANIFEST_0.1,LTMD-CN6-G2011-VP049,LTMD-CN6-G2011,H2011P6CI335,2011,6,49,178,49,https://historico.conaliteg.gob.mx/c/H2011P6CI335/049.jpg,0,0.275281,Q2,source_jpeg,1,200,image/jpeg,225623,c4a0410a6239e7a20252bb7a4170773fba7baf1fe8a06a9ff7e190fe0da0ae2e,1,
CN_PENDING_PAGE_MANIFEST_0.1,LTMD-CN6-G2011-VP050,LTMD-CN6-G2011,H2011P6CI335,2011,6,50,178,50,https://historico.conaliteg.gob.mx/c/H2011P6CI335/050.jpg,0,0.280899,Q2,source_jpeg,1,200,image/jpeg,455160,a430fe65dee9c9f2f469aafe29be5daa5b0b168b4579a31783a08bc5ca69f67d,1,
CN_PENDING_PAGE_MANIFEST_0.1,LTMD-CN6-G2011-VP051,LTMD-CN6-G2011,H2011P6CI335,2011,6,51,178,51,https://historico.conaliteg.gob.mx/c/H2011P6CI335/051.jpg,0,0.286517,Q2,source_jpeg,1,200,image/jpeg,176125,d894e28831e93ab7196212082d68a0d35875454802cf3ff2b398b8adbca45e6a,1,
CN_PENDING_PAGE_MANIFEST_0.1,LTMD-CN6-G2011-VP052,LTMD-CN6-G2011,H2011P6CI335,2011,6,52,178,52,https://historico.conaliteg.gob.mx/c/H2011P6CI335/052.jpg,0,0.292135,Q2,source_jpeg,1,200,image/jpeg,554854,64367ea9a776419908330dd5752a17a0a92a9fe6eeecec3bc8dc9b5adaf7915e,1,
CN_PENDING_PAGE_MANIFEST_0.1,LTMD-CN6-G2011-VP053,LTMD-CN6-G2011,H2011P6CI335,2011,6,53,178,53,https://historico.conaliteg.gob.mx/c/H2011P6CI335/053.jpg,0,0.297753,Q2,source_jpeg,1,200,image/jpeg,340044,5d069de5cfb8cd7582d4eec6549dba63210e2e57de1e3d91535e7b363df04786,1,
CN_PENDING_PAGE_MANIFEST_0.1,LTMD-CN6-G2011-VP054,LTMD-CN6-G2011,H2011P6CI335,2011,6,54,178,54,https://historico.conaliteg.gob.mx/c/H2011P6CI335/054.jpg,0,0.303371,Q2,source_jpeg,1,200,image/jpeg,384589,d36a77711462cf0f7d980d7cc41a32496bd96904172719505d1a3e53bfdb0004,1,
CN_PENDING_PAGE_MANIFEST_0.1,LTMD-CN6-G2011-VP055,LTMD-CN6-G2011,H2011P6CI335,2011,6,55,178,55,https://historico.conaliteg.gob.mx/c/H2011P6CI335/055.jpg,0,0.308989,Q2,source_jpeg,1,200,image/jpeg,357878,0181fe2826ada33ee37978d79daa0b026ff75d4341259f4c779bc14b9058ce7c,1,
CN_PENDING_PAGE_MANIFEST_0.1,LTMD-CN6-G2011-VP056,LTMD-CN6-G2011,H2011P6CI335,2011,6,56,178,56,https://historico.conaliteg.gob.mx/c/H2011P6CI335/056.jpg,0,0.314607,Q2,source_jpeg,1,200,image/jpeg,398953,e92b8d25a1d76da1a2afc668030e5420a9c374d36e96e1c0a35131a1c1a59a57,1,
CN_PENDING_PAGE_MANIFEST_0.1,LTMD-CN6-G2011-VP057,LTMD-CN6-G2011,H2011P6CI335,2011,6,57,178,57,https://historico.conaliteg.gob.mx/c/H2011P6CI335/057.jpg,0,0.320225,Q2,source_jpeg,1,200,image/jpeg,442825,09626787983bb56b0305ef7ab7f241851c009a067cdf2ea4bde20ae6bb10a089,1,
CN_PENDING_PAGE_MANIFEST_0.1,LTMD-CN6-G2011-VP058,LTMD-CN6-G2011,H2011P6CI335,2011,6,58,178,58,https://historico.conaliteg.gob.mx/c/H2011P6CI335/058.jpg,0,0.325843,Q2,source_jpeg,1,200,image/jpeg,418090,60c28664db8482fbae92d1bbef8c854cbe48f864bf88e6f8c6a584d82d351fdd,1,
CN_PENDING_PAGE_MANIFEST_0.1,LTMD-CN6-G2011-VP059,LTMD-CN6-G2011,H2011P6CI335,2011,6,59,178,59,https://historico.conaliteg.gob.mx/c/H2011P6CI335/059.jpg,0,0.331461,Q2,source_jpeg,1,200,image/jpeg,391676,3fa2465395fd99882ddd332c918e4f252e1085626707652c08a6bad882baa106,1,
CN_PENDING_PAGE_MANIFEST_0.1,LTMD-CN6-G2011-VP060,LTMD-CN6-G2011,H2011P6CI335,2011,6,60,178,60,https://historico.conaliteg.gob.mx/c/H2011P6CI335/060.jpg,0,0.337079,Q2,source_jpeg,1,200,image/jpeg,460554,0f6a291cff06acfeed3e545e4894aac50ddc11b36a95faa5a4841b4f425c2784,1,
CN_PENDING_PAGE_MANIFEST_0.1,LTMD-CN6-G2011-VP061,LTMD-CN6-G2011,H2011P6CI335,2011,6,61,178,61,https://historico.conaliteg.gob.mx/c/H2011P6CI335/061.jpg,0,0.342697,Q2,source_jpeg,1,200,image/jpeg,306658,6691f37d9c49752390a8c2f1030df8f093995f8ff03dbbad90f71cb08d48e66a,1,
CN_PENDING_PAGE_MANIFEST_0.1,LTMD-CN6-G2011-VP062,LTMD-CN6-G2011,H2011P6CI335,2011,6,62,178,62,https://historico.conaliteg.gob.mx/c/H2011P6CI335/062.jpg,0,0.348315,Q2,source_jpeg,1,200,image/jpeg,512672,ff622966e5b15420ab2c34fe6f30b9b08e1a67acdf17527b038c13ac238e2449,1,
CN_PENDING_PAGE_MANIFEST_0.1,LTMD-CN6-G2011-VP063,LTMD-CN6-G2011,H2011P6CI335,2011,6,63,178,63,https://historico.conaliteg.gob.mx/c/H2011P6CI335/063.jpg,0,0.353933,Q2,source_jpeg,1,200,image/jpeg,356331,2482e946cfd7e0726ab86fc9d34f49ce2014aa6902907aad139c3f70af802172,1,
CN_PENDING_PAGE_MANIFEST_0.1,LTMD-CN6-G2011-VP064,LTMD-CN6-G2011,H2011P6CI335,2011,6,64,178,64,https://historico.conaliteg.gob.mx/c/H2011P6CI335/064.jpg,0,0.359551,Q2,source_jpeg,1,200,image/jpeg,395777,bf9075929cad1388ef3c8fe8a34d530588fad49d6030a5ad64eddbe9bcf3f138,1,
CN_PENDING_PAGE_MANIFEST_0.1,LTMD-CN6-G2011-VP065,LTMD-CN6-G2011,H2011P6CI335,2011,6,65,178,65,https://historico.conaliteg.gob.mx/c/H2011P6CI335/065.jpg,0,0.365169,Q2,source_jpeg,1,200,image/jpeg,383782,81d323ca1f9e2c060983fda5e2fcc26e3ee31d3e292c895080f018149ba73a8d,1,
CN_PENDING_PAGE_MANIFEST_0.1,LTMD-CN6-G2011-VP066,LTMD-CN6-G2011,H2011P6CI335,2011,6,66,178,66,https://historico.conaliteg.gob.mx/c/H2011P6CI335/066.jpg,0,0.370787,Q2,source_jpeg,1,200,image/jpeg,351693,a31da341410e4d70d74c38e858415221b792fe4cfba41ba010274c22dcaf6b77,1,
CN_PENDING_PAGE_MANIFEST_0.1,LTMD-CN6-G2011-VP067,LTMD-CN6-G2011,H2011P6CI335,2011,6,67,178,67,https://historico.conaliteg.gob.mx/c/H2011P6CI335/067.jpg,0,0.376404,Q2,source_jpeg,1,200,image/jpeg,452682,c1367fe420e358022dd69db6695ab936a5998c733f2f58ca1dbd6b1c6778d133,1,
CN_PENDING_PAGE_MANIFEST_0.1,LTMD-CN6-G2011-VP068,LTMD-CN6-G2011,H2011P6CI335,2011,6,68,178,68,https://historico.conaliteg.gob.mx/c/H2011P6CI335/068.jpg,0,0.382022,Q2,source_jpeg,1,200,image/jpeg,470344,4e0eadffb6425347252023d8a5e310672263489ae95eaccbc357d4335dcaf6b3,1,
CN_PENDING_PAGE_MANIFEST_0.1,LTMD-CN6-G2011-VP069,LTMD-CN6-G2011,H2011P6CI335,2011,6,69,178,69,https://historico.conaliteg.gob.mx/c/H2011P6CI335/069.jpg,0,0.387640,Q2,source_jpeg,1,200,image/jpeg,523925,04182fd4732db3eaa28068967100e6958ef5ee8ab8dd544baac6e7ef7c942bf9,1,
CN_PENDING_PAGE_MANIFEST_0.1,LTMD-CN6-G2011-VP070,LTMD-CN6-G2011,H2011P6CI335,2011,6,70,178,70,https://historico.conaliteg.gob.mx/c/H2011P6CI335/070.jpg,0,0.393258,Q2,source_jpeg,1,200,image/jpeg,478262,317b9e343f7a22365952ae74b974ddadb6b06801810ec652c35b937886bed26f,1,
CN_PENDING_PAGE_MANIFEST_0.1,LTMD-CN6-G2011-VP071,LTMD-CN6-G2011,H2011P6CI335,2011,6,71,178,71,https://historico.conaliteg.gob.mx/c/H2011P6CI335/071.jpg,0,0.398876,Q2,source_jpeg,1,200,image/jpeg,485432,174f1f43c0c42b0f03672ac6066a51302d091fc3db1bbb08555460caf0714926,1,
CN_PENDING_PAGE_MANIFEST_0.1,LTMD-CN6-G2011-VP072,LTMD-CN6-G2011,H2011P6CI335,2011,6,72,178,72,https://historico.conaliteg.gob.mx/c/H2011P6CI335/072.jpg,0,0.404494,Q2,source_jpeg,1,200,image/jpeg,309860,b216e94d1940a1402bffe152017ebb17c6384763bfdb282308687c99de03d4c9,1,
CN_PENDING_PAGE_MANIFEST_0.1,LTMD-CN6-G2011-VP073,LTMD-CN6-G2011,H2011P6CI335,2011,6,73,178,73,https://historico.conaliteg.gob.mx/c/H2011P6CI335/073.jpg,0,0.410112,Q2,source_jpeg,1,200,image/jpeg,377074,a6e0cc708134bd99da0d2961a899cb43a08765dc49410437ee2f7667ab3be918,1,
CN_PENDING_PAGE_MANIFEST_0.1,LTMD-CN6-G2011-VP074,LTMD-CN6-G2011,H2011P6CI335,2011,6,74,178,74,https://historico.conaliteg.gob.mx/c/H2011P6CI335/074.jpg,0,0.415730,Q2,source_jpeg,1,200,image/jpeg,428475,ec3f9fe6c9164e1cdda44e9e232b8828c6638054ce6bc9c682300a20379800fa,1,
CN_PENDING_PAGE_MANIFEST_0.1,LTMD-CN6-G2011-VP075,LTMD-CN6-G2011,H2011P6CI335,2011,6,75,178,75,https://historico.conaliteg.gob.mx/c/H2011P6CI335/075.jpg,0,0.421348,Q2,source_jpeg,1,200,image/jpeg,464149,6e3b9e4e8dc99426d5961a77900db43d69eefb0eef59e25812ea30912dde7d39,1,
CN_PENDING_PAGE_MANIFEST_0.1,LTMD-CN6-G2011-VP076,LTMD-CN6-G2011,H2011P6CI335,2011,6,76,178,76,https://historico.conaliteg.gob.mx/c/H2011P6CI335/076.jpg,0,0.426966,Q2,source_jpeg,1,200,image/jpeg,379625,16be24ca1f1266ce3f61449e03d0ae7db3782e3700d737ce5f445d93f44dd5d8,1,
CN_PENDING_PAGE_MANIFEST_0.1,LTMD-CN6-G2011-VP077,LTMD-CN6-G2011,H2011P6CI335,2011,6,77,178,77,https://historico.conaliteg.gob.mx/c/H2011P6CI335/077.jpg,0,0.432584,Q2,source_jpeg,1,200,image/jpeg,472134,a0e45b032c0963f7457015dc1cb7b011fb945ab1558bc12e0d72847baa078f84,1,
CN_PENDING_PAGE_MANIFEST_0.1,LTMD-CN6-G2011-VP078,LTMD-CN6-G2011,H2011P6CI335,2011,6,78,178,78,https://historico.conaliteg.gob.mx/c/H2011P6CI335/078.jpg,0,0.438202,Q2,source_jpeg,1,200,image/jpeg,352474,4a55938b29e7a1a5999e89c7538a84674d3e7f638e92c8e3193bfca61720ff1f,1,
CN_PENDING_PAGE_MANIFEST_0.1,LTMD-CN6-G2011-VP079,LTMD-CN6-G2011,H2011P6CI335,2011,6,79,178,79,https://historico.conaliteg.gob.mx/c/H2011P6CI335/079.jpg,0,0.443820,Q2,source_jpeg,1,200,image/jpeg,332845,d93a7734d9043cb827f55eeda45cae789fc8a341aba76caeaeb8c81b3dfe276e,1,
CN_PENDING_PAGE_MANIFEST_0.1,LTMD-CN6-G2011-VP080,LTMD-CN6-G2011,H2011P6CI335,2011,6,80,178,80,https://historico.conaliteg.gob.mx/c/H2011P6CI335/080.jpg,0,0.449438,Q2,source_jpeg,1,200,image/jpeg,290542,781449e6055e09a9c6171f2c629d58ba21f697b7f02585d8539784a1c9039b62,1,
CN_PENDING_PAGE_MANIFEST_0.1,LTMD-CN6-G2011-VP081,LTMD-CN6-G2011,H2011P6CI335,2011,6,81,178,81,https://historico.conaliteg.gob.mx/c/H2011P6CI335/081.jpg,0,0.455056,Q2,source_jpeg,1,200,image/jpeg,248422,be4c147ee45ed041fa809b3c124f62a982da5e2ecaf9ce255ec32897e393afb6,1,
CN_PENDING_PAGE_MANIFEST_0.1,LTMD-CN6-G2011-VP082,LTMD-CN6-G2011,H2011P6CI335,2011,6,82,178,82,https://historico.conaliteg.gob.mx/c/H2011P6CI335/082.jpg,0,0.460674,Q2,source_jpeg,1,200,image/jpeg,369194,07d6b0925e7f5a62ca3a347bf93c0ab764bd0a14cbda48515e821a7a52a99401,1,
CN_PENDING_PAGE_MANIFEST_0.1,LTMD-CN6-G2011-VP083,LTMD-CN6-G2011,H2011P6CI335,2011,6,83,178,83,https://historico.conaliteg.gob.mx/c/H2011P6CI335/083.jpg,0,0.466292,Q2,source_jpeg,1,200,image/jpeg,183704,329e86ee1ba15ea56c078a8cbd41a6e939d9e11fc084e42751fb03c17cacb159,1,
CN_PENDING_PAGE_MANIFEST_0.1,LTMD-CN6-G2011-VP084,LTMD-CN6-G2011,H2011P6CI335,2011,6,84,178,84,https://historico.conaliteg.gob.mx/c/H2011P6CI335/084.jpg,0,0.471910,Q2,source_jpeg,1,200,image/jpeg,313918,48a3f7103599c7ba2dd08ec873789297fa8cb5a023a48c26d0af7ebf6a6867d5,1,
CN_PENDING_PAGE_MANIFEST_0.1,LTMD-CN6-G2011-VP085,LTMD-CN6-G2011,H2011P6CI335,2011,6,85,178,85,https://historico.conaliteg.gob.mx/c/H2011P6CI335/085.jpg,0,0.477528,Q2,source_jpeg,1,200,image/jpeg,457791,19bf8ffb7385621ecc6178c7229ef7be699e5924ccd792e59836423db0154833,1,
CN_PENDING_PAGE_MANIFEST_0.1,LTMD-CN6-G2011-VP086,LTMD-CN6-G2011,H2011P6CI335,2011,6,86,178,86,https://historico.conaliteg.gob.mx/c/H2011P6CI335/086.jpg,0,0.483146,Q2,source_jpeg,1,200,image/jpeg,398341,6d2b03496dae1471e511c8ecbba74e3046132adeb1bea6a8e7f1ba2a30f253ea,1,
CN_PENDING_PAGE_MANIFEST_0.1,LTMD-CN6-G2011-VP087,LTMD-CN6-G2011,H2011P6CI335,2011,6,87,178,87,https://historico.conaliteg.gob.mx/c/H2011P6CI335/087.jpg,0,0.488764,Q2,source_jpeg,1,200,image/jpeg,380006,c257d629d83ffb3848a45833f5781c164846a54c51ca5cd2d951ba3ea4b5cb5c,1,
CN_PENDING_PAGE_MANIFEST_0.1,LTMD-CN6-G2011-VP088,LTMD-CN6-G2011,H2011P6CI335,2011,6,88,178,88,https://historico.conaliteg.gob.mx/c/H2011P6CI335/088.jpg,0,0.494382,Q2,source_jpeg,1,200,image/jpeg,416602,5c426171e75836cefa81ff461227503743d357f90b2ae9501b47f81e2ab75003,1,
CN_PENDING_PAGE_MANIFEST_0.1,LTMD-CN6-G2011-VP089,LTMD-CN6-G2011,H2011P6CI335,2011,6,89,178,89,https://historico.conaliteg.gob.mx/c/H2011P6CI335/089.jpg,0,0.500000,Q2,source_jpeg,1,200,image/jpeg,379299,0d12ddec7d598b193b24d5eb886b0964f2fbec3a4fb4ba38d4c7fc65f9b9d550,1,
CN_PENDING_PAGE_MANIFEST_0.1,LTMD-CN6-G2011-VP090,LTMD-CN6-G2011,H2011P6CI335,2011,6,90,178,90,https://historico.conaliteg.gob.mx/c/H2011P6CI335/090.jpg,0,0.505618,Q3,source_jpeg,1,200,image/jpeg,444221,c49e369429009f0da354b6a63812725b914b7186337422f5b487f35154629f3b,1,
CN_PENDING_PAGE_MANIFEST_0.1,LTMD-CN6-G2011-VP091,LTMD-CN6-G2011,H2011P6CI335,2011,6,91,178,91,https://historico.conaliteg.gob.mx/c/H2011P6CI335/091.jpg,0,0.511236,Q3,source_jpeg,1,200,image/jpeg,431265,85618d800141ce40c9576d59db1aae93e8bae1aeba07417f8cb70bb7d15b02a1,1,
CN_PENDING_PAGE_MANIFEST_0.1,LTMD-CN6-G2011-VP092,LTMD-CN6-G2011,H2011P6CI335,2011,6,92,178,92,https://historico.conaliteg.gob.mx/c/H2011P6CI335/092.jpg,0,0.516854,Q3,source_jpeg,1,200,image/jpeg,401351,b4822b70d442ffa2cefa47cb15d0444798a642c66066fc278cad2710bd04f481,1,
CN_PENDING_PAGE_MANIFEST_0.1,LTMD-CN6-G2011-VP093,LTMD-CN6-G2011,H2011P6CI335,2011,6,93,178,93,https://historico.conaliteg.gob.mx/c/H2011P6CI335/093.jpg,0,0.522472,Q3,source_jpeg,1,200,image/jpeg,297621,ec9996d8b72f9c125afb356e5f0ecf151ea56a657f469b0e3b0c01c6999185d4,1,
CN_PENDING_PAGE_MANIFEST_0.1,LTMD-CN6-G2011-VP094,LTMD-CN6-G2011,H2011P6CI335,2011,6,94,178,94,https://historico.conaliteg.gob.mx/c/H2011P6CI335/094.jpg,0,0.528090,Q3,source_jpeg,1,200,image/jpeg,388327,8657f548fde0c1507c4930fc1915b398b6033646f8f98f51c946b68a78f8dab8,1,
CN_PENDING_PAGE_MANIFEST_0.1,LTMD-CN6-G2011-VP095,LTMD-CN6-G2011,H2011P6CI335,2011,6,95,178,95,https://historico.conaliteg.gob.mx/c/H2011P6CI335/095.jpg,0,0.533708,Q3,source_jpeg,1,200,image/jpeg,398923,4d6cca4b2027f5e111d89c7f2bd109f605f4dcae4be7e66200643a3394fb80bc,1,
CN_PENDING_PAGE_MANIFEST_0.1,LTMD-CN6-G2011-VP096,LTMD-CN6-G2011,H2011P6CI335,2011,6,96,178,96,https://historico.conaliteg.gob.mx/c/H2011P6CI335/096.jpg,0,0.539326,Q3,source_jpeg,1,200,image/jpeg,355559,0bb15d9fa5384674499ec61b383c4cf18b4f6552a5ab574b86ae79fe611f460d,1,
CN_PENDING_PAGE_MANIFEST_0.1,LTMD-CN6-G2011-VP097,LTMD-CN6-G2011,H2011P6CI335,2011,6,97,178,97,https://historico.conaliteg.gob.mx/c/H2011P6CI335/097.jpg,0,0.544944,Q3,source_jpeg,1,200,image/jpeg,318693,45b90900a37bc1c240f41dce354cb45bd895572f7b4b5e7056ad4d011682559b,1,
CN_PENDING_PAGE_MANIFEST_0.1,LTMD-CN6-G2011-VP098,LTMD-CN6-G2011,H2011P6CI335,2011,6,98,178,98,https://historico.conaliteg.gob.mx/c/H2011P6CI335/098.jpg,0,0.550562,Q3,source_jpeg,1,200,image/jpeg,461935,94bbb4073cc9b548c6cb6f6cb1478e1533c54e682e910901d8d6c81e3e67723b,1,
CN_PENDING_PAGE_MANIFEST_0.1,LTMD-CN6-G2011-VP099,LTMD-CN6-G2011,H2011P6CI335,2011,6,99,178,99,https://historico.conaliteg.gob.mx/c/H2011P6CI335/099.jpg,0,0.556180,Q3,source_jpeg,1,200,image/jpeg,465852,915546213abb4326090c6509a5598c4d76cf1a9362c6ef53328ed77a85aae034,1,
CN_PENDING_PAGE_MANIFEST_0.1,LTMD-CN6-G2011-VP100,LTMD-CN6-G2011,H2011P6CI335,2011,6,100,178,100,https://historico.conaliteg.gob.mx/c/H2011P6CI335/100.jpg,0,0.561798,Q3,source_jpeg,1,200,image/jpeg,321564,f7347a3877b2d978e4a807a60be0d826226d107cbd8a998227ecb589f173eff4,1,
CN_PENDING_PAGE_MANIFEST_0.1,LTMD-CN6-G2011-VP101,LTMD-CN6-G2011,H2011P6CI335,2011,6,101,178,101,https://historico.conaliteg.gob.mx/c/H2011P6CI335/101.jpg,0,0.567416,Q3,source_jpeg,1,200,image/jpeg,345494,7564dd2173d12cf2bc6f09ba3c0e2c2acaa502547ea1fec3115f4add80c0eb79,1,
CN_PENDING_PAGE_MANIFEST_0.1,LTMD-CN6-G2011-VP102,LTMD-CN6-G2011,H2011P6CI335,2011,6,102,178,102,https://historico.conaliteg.gob.mx/c/H2011P6CI335/102.jpg,0,0.573034,Q3,source_jpeg,1,200,image/jpeg,397139,6438c73b1c4c2d212d4b2d0ce6a69e5ef4434393a23468ea01887d2a4b03e8ae,1,
CN_PENDING_PAGE_MANIFEST_0.1,LTMD-CN6-G2011-VP103,LTMD-CN6-G2011,H2011P6CI335,2011,6,103,178,103,https://historico.conaliteg.gob.mx/c/H2011P6CI335/103.jpg,0,0.578652,Q3,source_jpeg,1,200,image/jpeg,317992,7559539ed1b717e1c761bf394ae0ab451e7989c05d834c0309b53de693543097,1,
CN_PENDING_PAGE_MANIFEST_0.1,LTMD-CN6-G2011-VP104,LTMD-CN6-G2011,H2011P6CI335,2011,6,104,178,104,https://historico.conaliteg.gob.mx/c/H2011P6CI335/104.jpg,0,0.584270,Q3,source_jpeg,1,200,image/jpeg,441915,64d9b19de6e3ace4c1391ebd404321294b8aa53f20e7f0ae9f9b54e3ac228039,1,
CN_PENDING_PAGE_MANIFEST_0.1,LTMD-CN6-G2011-VP105,LTMD-CN6-G2011,H2011P6CI335,2011,6,105,178,105,https://historico.conaliteg.gob.mx/c/H2011P6CI335/105.jpg,0,0.589888,Q3,source_jpeg,1,200,image/jpeg,431602,9fc5c5d64b8852b63b5c5cef6b41eddbe5b74b4f32b2e839a093d0a6c27cbbc8,1,
CN_PENDING_PAGE_MANIFEST_0.1,LTMD-CN6-G2011-VP106,LTMD-CN6-G2011,H2011P6CI335,2011,6,106,178,106,https://historico.conaliteg.gob.mx/c/H2011P6CI335/106.jpg,0,0.595506,Q3,source_jpeg,1,200,image/jpeg,350978,375817d1110c3edcf953210e8bee6490815770d91a901c9797cd62748981526b,1,
CN_PENDING_PAGE_MANIFEST_0.1,LTMD-CN6-G2011-VP107,LTMD-CN6-G2011,H2011P6CI335,2011,6,107,178,107,https://historico.conaliteg.gob.mx/c/H2011P6CI335/107.jpg,0,0.601124,Q3,source_jpeg,1,200,image/jpeg,325154,ce32e7c5a46cc9f3663f051c52501034ae77e87163ab4415eb167f83d8323009,1,
CN_PENDING_PAGE_MANIFEST_0.1,LTMD-CN6-G2011-VP108,LTMD-CN6-G2011,H2011P6CI335,2011,6,108,178,108,https://historico.conaliteg.gob.mx/c/H2011P6CI335/108.jpg,0,0.606742,Q3,source_jpeg,1,200,image/jpeg,217211,e52ed6cac8d2c2136c060d4f83e1de612d189f1d5112175cb51c620ea8ab907d,1,
CN_PENDING_PAGE_MANIFEST_0.1,LTMD-CN6-G2011-VP109,LTMD-CN6-G2011,H2011P6CI335,2011,6,109,178,109,https://historico.conaliteg.gob.mx/c/H2011P6CI335/109.jpg,0,0.612360,Q3,source_jpeg,1,200,image/jpeg,210793,19b686dff45c0b192308a202f083cbe9478ff171b5d6a7db01e047f48bd89e82,1,
CN_PENDING_PAGE_MANIFEST_0.1,LTMD-CN6-G2011-VP110,LTMD-CN6-G2011,H2011P6CI335,2011,6,110,178,110,https://historico.conaliteg.gob.mx/c/H2011P6CI335/110.jpg,0,0.617978,Q3,source_jpeg,1,200,image/jpeg,345023,72fbf4cc7b242cafe643ed16579f29fb919835f34754a368157ce0b4e790d49e,1,
CN_PENDING_PAGE_MANIFEST_0.1,LTMD-CN6-G2011-VP111,LTMD-CN6-G2011,H2011P6CI335,2011,6,111,178,111,https://historico.conaliteg.gob.mx/c/H2011P6CI335/111.jpg,0,0.623596,Q3,source_jpeg,1,200,image/jpeg,196750,d93cc3802578d71c612b7625cf6d4e305606899c770619ff9274f34aeebc4347,1,
CN_PENDING_PAGE_MANIFEST_0.1,LTMD-CN6-G2011-VP112,LTMD-CN6-G2011,H2011P6CI335,2011,6,112,178,112,https://historico.conaliteg.gob.mx/c/H2011P6CI335/112.jpg,0,0.629213,Q3,source_jpeg,1,200,image/jpeg,380129,e6069b10ff8bdcc7cf78b9aa3d0b3260e2a1a6288605ed03148d408f286c3e09,1,
CN_PENDING_PAGE_MANIFEST_0.1,LTMD-CN6-G2011-VP113,LTMD-CN6-G2011,H2011P6CI335,2011,6,113,178,113,https://historico.conaliteg.gob.mx/c/H2011P6CI335/113.jpg,0,0.634831,Q3,source_jpeg,1,200,image/jpeg,369594,60152942e77aa65e3798aed80a58c928193630f4016b6d53509c8db3c2097e46,1,
CN_PENDING_PAGE_MANIFEST_0.1,LTMD-CN6-G2011-VP114,LTMD-CN6-G2011,H2011P6CI335,2011,6,114,178,114,https://historico.conaliteg.gob.mx/c/H2011P6CI335/114.jpg,0,0.640449,Q3,source_jpeg,1,200,image/jpeg,362351,a8b23c56b9f39e72876c7f6e0cea77c6927de2a22b074ebf76e4e7948ced9907,1,
CN_PENDING_PAGE_MANIFEST_0.1,LTMD-CN6-G2011-VP115,LTMD-CN6-G2011,H2011P6CI335,2011,6,115,178,115,https://historico.conaliteg.gob.mx/c/H2011P6CI335/115.jpg,0,0.646067,Q3,source_jpeg,1,200,image/jpeg,419945,307775aa7c4b32476c3da50149eb8140cf1ad312c335c203c9093574f6858027,1,
CN_PENDING_PAGE_MANIFEST_0.1,LTMD-CN6-G2011-VP116,LTMD-CN6-G2011,H2011P6CI335,2011,6,116,178,116,https://historico.conaliteg.gob.mx/c/H2011P6CI335/116.jpg,0,0.651685,Q3,source_jpeg,1,200,image/jpeg,392111,93f07bb8095b1afd09d143477ff4855116787996110d52836e8f5c3fc7e4a9af,1,
CN_PENDING_PAGE_MANIFEST_0.1,LTMD-CN6-G2011-VP117,LTMD-CN6-G2011,H2011P6CI335,2011,6,117,178,117,https://historico.conaliteg.gob.mx/c/H2011P6CI335/117.jpg,0,0.657303,Q3,source_jpeg,1,200,image/jpeg,355720,cc805bf69b3c3a0bebb20addb41bf6aff9d7d8620d77d0dc160dbcb9461f7772,1,
CN_PENDING_PAGE_MANIFEST_0.1,LTMD-CN6-G2011-VP118,LTMD-CN6-G2011,H2011P6CI335,2011,6,118,178,118,https://historico.conaliteg.gob.mx/c/H2011P6CI335/118.jpg,0,0.662921,Q3,source_jpeg,1,200,image/jpeg,400936,db44a7e3d63ff521b7e48b23e170c02ce6acaca5679db67c7e8c76fdd8d56874,1,
CN_PENDING_PAGE_MANIFEST_0.1,LTMD-CN6-G2011-VP119,LTMD-CN6-G2011,H2011P6CI335,2011,6,119,178,119,https://historico.conaliteg.gob.mx/c/H2011P6CI335/119.jpg,0,0.668539,Q3,source_jpeg,1,200,image/jpeg,428740,2dd0c7efa80ed099c0e11c74340ed9d91559258b04cbb96ac0ac3b462b31ddaa,1,
CN_PENDING_PAGE_MANIFEST_0.1,LTMD-CN6-G2011-VP120,LTMD-CN6-G2011,H2011P6CI335,2011,6,120,178,120,https://historico.conaliteg.gob.mx/c/H2011P6CI335/120.jpg,0,0.674157,Q3,source_jpeg,1,200,image/jpeg,274140,26d533d3ede7474ce780e7e3c4b635e05d594660054d87104d307c29c96caf85,1,
CN_PENDING_PAGE_MANIFEST_0.1,LTMD-CN6-G2011-VP121,LTMD-CN6-G2011,H2011P6CI335,2011,6,121,178,121,https://historico.conaliteg.gob.mx/c/H2011P6CI335/121.jpg,0,0.679775,Q3,source_jpeg,1,200,image/jpeg,314820,9c1943dd6003c0a6631e7e0a2e2c1a42455cc2896dbbac8386a2a58e1129c345,1,
CN_PENDING_PAGE_MANIFEST_0.1,LTMD-CN6-G2011-VP122,LTMD-CN6-G2011,H2011P6CI335,2011,6,122,178,122,https://historico.conaliteg.gob.mx/c/H2011P6CI335/122.jpg,0,0.685393,Q3,source_jpeg,1,200,image/jpeg,347496,1eea6124eb718037ad92b99a4a1e7613c0d155585123fe867461c3c4f84e4068,1,
CN_PENDING_PAGE_MANIFEST_0.1,LTMD-CN6-G2011-VP123,LTMD-CN6-G2011,H2011P6CI335,2011,6,123,178,123,https://historico.conaliteg.gob.mx/c/H2011P6CI335/123.jpg,0,0.691011,Q3,source_jpeg,1,200,image/jpeg,306222,f44471752901907236e82dfc7077b31dea8d8bf79ba8e9832f6664b4671c891a,1,
CN_PENDING_PAGE_MANIFEST_0.1,LTMD-CN6-G2011-VP124,LTMD-CN6-G2011,H2011P6CI335,2011,6,124,178,124,https://historico.conaliteg.gob.mx/c/H2011P6CI335/124.jpg,0,0.696629,Q3,source_jpeg,1,200,image/jpeg,362766,925a5f457e0705c0868eb94ac18b1a85b31e94080ac7753f899bfb2c36a9dd75,1,
CN_PENDING_PAGE_MANIFEST_0.1,LTMD-CN6-G2011-VP125,LTMD-CN6-G2011,H2011P6CI335,2011,6,125,178,125,https://historico.conaliteg.gob.mx/c/H2011P6CI335/125.jpg,0,0.702247,Q3,source_jpeg,1,200,image/jpeg,400732,44b37db9d9e9c4e7587a12b32a851671961c967687ea5f7de762545cbb82d71d,1,
CN_PENDING_PAGE_MANIFEST_0.1,LTMD-CN6-G2011-VP126,LTMD-CN6-G2011,H2011P6CI335,2011,6,126,178,126,https://historico.conaliteg.gob.mx/c/H2011P6CI335/126.jpg,0,0.707865,Q3,source_jpeg,1,200,image/jpeg,322088,9bb74658d63822b0b02b334cd6f427a435cfc8c03e80e4dcbe7059aaa5856b29,1,
CN_PENDING_PAGE_MANIFEST_0.1,LTMD-CN6-G2011-VP127,LTMD-CN6-G2011,H2011P6CI335,2011,6,127,178,127,https://historico.conaliteg.gob.mx/c/H2011P6CI335/127.jpg,0,0.713483,Q3,source_jpeg,1,200,image/jpeg,398812,a4198320782b411f28bfa9f495b30b710aad7f65fa66dda8fa102495eb3ecd05,1,
CN_PENDING_PAGE_MANIFEST_0.1,LTMD-CN6-G2011-VP128,LTMD-CN6-G2011,H2011P6CI335,2011,6,128,178,128,https://historico.conaliteg.gob.mx/c/H2011P6CI335/128.jpg,0,0.719101,Q3,source_jpeg,1,200,image/jpeg,398242,ce52191997937a517d4e459b0f3c227ead5ce46146a96d7b8996fe8f2bf97871,1,
CN_PENDING_PAGE_MANIFEST_0.1,LTMD-CN6-G2011-VP129,LTMD-CN6-G2011,H2011P6CI335,2011,6,129,178,129,https://historico.conaliteg.gob.mx/c/H2011P6CI335/129.jpg,0,0.724719,Q3,source_jpeg,1,200,image/jpeg,432800,7cd7db707b2d7d73b551a8425714f99754c86611c63385b237d7b203d9c95c37,1,
CN_PENDING_PAGE_MANIFEST_0.1,LTMD-CN6-G2011-VP130,LTMD-CN6-G2011,H2011P6CI335,2011,6,130,178,130,https://historico.conaliteg.gob.mx/c/H2011P6CI335/130.jpg,0,0.730337,Q3,source_jpeg,1,200,image/jpeg,292443,e744804319a4769ed70f82243e968678706e8a9fc8d038cd25b282f282f1656b,1,
CN_PENDING_PAGE_MANIFEST_0.1,LTMD-CN6-G2011-VP131,LTMD-CN6-G2011,H2011P6CI335,2011,6,131,178,131,https://historico.conaliteg.gob.mx/c/H2011P6CI335/131.jpg,0,0.735955,Q3,source_jpeg,1,200,image/jpeg,319942,c127453ad0452ae8cbc23d1ee988b502ef20c1eced6d5144b1259d112a612fa8,1,
CN_PENDING_PAGE_MANIFEST_0.1,LTMD-CN6-G2011-VP132,LTMD-CN6-G2011,H2011P6CI335,2011,6,132,178,132,https://historico.conaliteg.gob.mx/c/H2011P6CI335/132.jpg,0,0.741573,Q3,source_jpeg,1,200,image/jpeg,304501,751a30111f892eb2e325450e9f6147846e510505e8187f113092cf86e6ae0342,1,
CN_PENDING_PAGE_MANIFEST_0.1,LTMD-CN6-G2011-VP133,LTMD-CN6-G2011,H2011P6CI335,2011,6,133,178,133,https://historico.conaliteg.gob.mx/c/H2011P6CI335/133.jpg,0,0.747191,Q3,source_jpeg,1,200,image/jpeg,282956,022392a74b5160a103dbcb96b7bfc96d09cec23e60da1775ba5e1feae63e8b64,1,
CN_PENDING_PAGE_MANIFEST_0.1,LTMD-CN6-G2011-VP134,LTMD-CN6-G2011,H2011P6CI335,2011,6,134,178,134,https://historico.conaliteg.gob.mx/c/H2011P6CI335/134.jpg,0,0.752809,Q4,source_jpeg,1,200,image/jpeg,359541,38066d192cf0a8fed5b7a4f1b33a3984350bba7627f52501efdc5db9fb8945a3,1,
CN_PENDING_PAGE_MANIFEST_0.1,LTMD-CN6-G2011-VP135,LTMD-CN6-G2011,H2011P6CI335,2011,6,135,178,135,https://historico.conaliteg.gob.mx/c/H2011P6CI335/135.jpg,0,0.758427,Q4,source_jpeg,1,200,image/jpeg,305574,6c3c83d65538d3d970d8326cbf4542fe6caf6aea76473edf43fee971f2c2a51d,1,
CN_PENDING_PAGE_MANIFEST_0.1,LTMD-CN6-G2011-VP136,LTMD-CN6-G2011,H2011P6CI335,2011,6,136,178,136,https://historico.conaliteg.gob.mx/c/H2011P6CI335/136.jpg,0,0.764045,Q4,source_jpeg,1,200,image/jpeg,487331,3f7d907ec41e7b56a7dbe6baf4c0845d414c47e8c89bc9cc581b031c6224bb1c,1,
CN_PENDING_PAGE_MANIFEST_0.1,LTMD-CN6-G2011-VP137,LTMD-CN6-G2011,H2011P6CI335,2011,6,137,178,137,https://historico.conaliteg.gob.mx/c/H2011P6CI335/137.jpg,0,0.769663,Q4,source_jpeg,1,200,image/jpeg,361667,cab02fbbf61a9c5a81d7d13a8aad22cef97505c659005be9881a452bcb8be26d,1,
CN_PENDING_PAGE_MANIFEST_0.1,LTMD-CN6-G2011-VP138,LTMD-CN6-G2011,H2011P6CI335,2011,6,138,178,138,https://historico.conaliteg.gob.mx/c/H2011P6CI335/138.jpg,0,0.775281,Q4,source_jpeg,1,200,image/jpeg,371488,dc6a0f8b35417cfb067a9b239b11010b340c0372528f469682eae3d88f33a2c8,1,
CN_PENDING_PAGE_MANIFEST_0.1,LTMD-CN6-G2011-VP139,LTMD-CN6-G2011,H2011P6CI335,2011,6,139,178,139,https://historico.conaliteg.gob.mx/c/H2011P6CI335/139.jpg,0,0.780899,Q4,source_jpeg,1,200,image/jpeg,365344,8211923faef8d0056ec3078a599a0f792188560f709129faec2d27837464e5b6,1,
CN_PENDING_PAGE_MANIFEST_0.1,LTMD-CN6-G2011-VP140,LTMD-CN6-G2011,H2011P6CI335,2011,6,140,178,140,https://historico.conaliteg.gob.mx/c/H2011P6CI335/140.jpg,0,0.786517,Q4,source_jpeg,1,200,image/jpeg,281096,2fd73698ac8aa09006303d4176d03653f95ec2fc039b70cfed66c1bd3d6208b5,1,
CN_PENDING_PAGE_MANIFEST_0.1,LTMD-CN6-G2011-VP141,LTMD-CN6-G2011,H2011P6CI335,2011,6,141,178,141,https://historico.conaliteg.gob.mx/c/H2011P6CI335/141.jpg,0,0.792135,Q4,source_jpeg,1,200,image/jpeg,332138,3fd41eece661822dcd79c006605a671468acf11186598bdcff853f6d9cd14b89,1,
CN_PENDING_PAGE_MANIFEST_0.1,LTMD-CN6-G2011-VP142,LTMD-CN6-G2011,H2011P6CI335,2011,6,142,178,142,https://historico.conaliteg.gob.mx/c/H2011P6CI335/142.jpg,0,0.797753,Q4,source_jpeg,1,200,image/jpeg,249526,0739208a25d9022feba52256c370da551eb0b70cd3d279a8e43573d0f06b6a5b,1,
CN_PENDING_PAGE_MANIFEST_0.1,LTMD-CN6-G2011-VP143,LTMD-CN6-G2011,H2011P6CI335,2011,6,143,178,143,https://historico.conaliteg.gob.mx/c/H2011P6CI335/143.jpg,0,0.803371,Q4,source_jpeg,1,200,image/jpeg,210680,f26eedd9f3b71b6f04ebfca4b0cf999a65eb22920e0a529b1411c1fab97da81c,1,
CN_PENDING_PAGE_MANIFEST_0.1,LTMD-CN6-G2011-VP144,LTMD-CN6-G2011,H2011P6CI335,2011,6,144,178,144,https://historico.conaliteg.gob.mx/c/H2011P6CI335/144.jpg,0,0.808989,Q4,source_jpeg,1,200,image/jpeg,415545,86d17bb402a255c5329bf2d8ef06dc7b4d355e7174775cb1fa52a79d40207529,1,
CN_PENDING_PAGE_MANIFEST_0.1,LTMD-CN6-G2011-VP145,LTMD-CN6-G2011,H2011P6CI335,2011,6,145,178,145,https://historico.conaliteg.gob.mx/c/H2011P6CI335/145.jpg,0,0.814607,Q4,source_jpeg,1,200,image/jpeg,193075,45a7387ee2b1e4b9233cc1f9b223ad6bee5642dddb6d60ca3c4e65d2d4cadb36,1,
CN_PENDING_PAGE_MANIFEST_0.1,LTMD-CN6-G2011-VP146,LTMD-CN6-G2011,H2011P6CI335,2011,6,146,178,146,https://historico.conaliteg.gob.mx/c/H2011P6CI335/146.jpg,0,0.820225,Q4,source_jpeg,1,200,image/jpeg,355196,319a1958c52a6d9c40c774f5c6cc15976dc59611ac0a50394df3400890f6c435,1,
CN_PENDING_PAGE_MANIFEST_0.1,LTMD-CN6-G2011-VP147,LTMD-CN6-G2011,H2011P6CI335,2011,6,147,178,147,https://historico.conaliteg.gob.mx/c/H2011P6CI335/147.jpg,0,0.825843,Q4,source_jpeg,1,200,image/jpeg,402914,c71a8a061dff3a6543413999a87d6395104ec63403d6bde1a2018522bc01d51a,1,
CN_PENDING_PAGE_MANIFEST_0.1,LTMD-CN6-G2011-VP148,LTMD-CN6-G2011,H2011P6CI335,2011,6,148,178,148,https://historico.conaliteg.gob.mx/c/H2011P6CI335/148.jpg,0,0.831461,Q4,source_jpeg,1,200,image/jpeg,472618,e968e34d08361f7bae09aa9cf01611f52e79e2c1256578392adb39aae354cb26,1,
CN_PENDING_PAGE_MANIFEST_0.1,LTMD-CN6-G2011-VP149,LTMD-CN6-G2011,H2011P6CI335,2011,6,149,178,149,https://historico.conaliteg.gob.mx/c/H2011P6CI335/149.jpg,0,0.837079,Q4,source_jpeg,1,200,image/jpeg,444003,abffd127c14013c9389324ce9f9656417cf9cae4c602546871949190f1cc5ff2,1,
CN_PENDING_PAGE_MANIFEST_0.1,LTMD-CN6-G2011-VP150,LTMD-CN6-G2011,H2011P6CI335,2011,6,150,178,150,https://historico.conaliteg.gob.mx/c/H2011P6CI335/150.jpg,0,0.842697,Q4,source_jpeg,1,200,image/jpeg,434267,2fcd5ab77a7b8d001df7347a9f52c352350b55b15bcd09c832ecd687f8d1fe97,1,
CN_PENDING_PAGE_MANIFEST_0.1,LTMD-CN6-G2011-VP151,LTMD-CN6-G2011,H2011P6CI335,2011,6,151,178,151,https://historico.conaliteg.gob.mx/c/H2011P6CI335/151.jpg,0,0.848315,Q4,source_jpeg,1,200,image/jpeg,420363,4f8b435e72c46375d7817e285273337584bf6062eb88e15c944fc54c083d7ecc,1,
CN_PENDING_PAGE_MANIFEST_0.1,LTMD-CN6-G2011-VP152,LTMD-CN6-G2011,H2011P6CI335,2011,6,152,178,152,https://historico.conaliteg.gob.mx/c/H2011P6CI335/152.jpg,0,0.853933,Q4,source_jpeg,1,200,image/jpeg,466029,7f37604676dabbc89ef8219cdf2b4598635ec31dc6a7960394b30ae5404f52f8,1,
CN_PENDING_PAGE_MANIFEST_0.1,LTMD-CN6-G2011-VP153,LTMD-CN6-G2011,H2011P6CI335,2011,6,153,178,153,https://historico.conaliteg.gob.mx/c/H2011P6CI335/153.jpg,0,0.859551,Q4,source_jpeg,1,200,image/jpeg,340925,0fa954c20b00418ea8ed03203e60e39acccf37b777bf3f1cba6b1f2e05df6058,1,
CN_PENDING_PAGE_MANIFEST_0.1,LTMD-CN6-G2011-VP154,LTMD-CN6-G2011,H2011P6CI335,2011,6,154,178,154,https://historico.conaliteg.gob.mx/c/H2011P6CI335/154.jpg,0,0.865169,Q4,source_jpeg,1,200,image/jpeg,359086,7ff58652420689ff8fa0a3b152d5f2ba2a23de0bc3d82d93bb427ce51bd104cf,1,
CN_PENDING_PAGE_MANIFEST_0.1,LTMD-CN6-G2011-VP155,LTMD-CN6-G2011,H2011P6CI335,2011,6,155,178,155,https://historico.conaliteg.gob.mx/c/H2011P6CI335/155.jpg,0,0.870787,Q4,source_jpeg,1,200,image/jpeg,345507,7d10ee7fa84d00d964901ac8c89a9aa9cbfbc06b06046bdb917b540cdda4cd09,1,
CN_PENDING_PAGE_MANIFEST_0.1,LTMD-CN6-G2011-VP156,LTMD-CN6-G2011,H2011P6CI335,2011,6,156,178,156,https://historico.conaliteg.gob.mx/c/H2011P6CI335/156.jpg,0,0.876404,Q4,source_jpeg,1,200,image/jpeg,426584,7b4148c1b915fe6e8e01df06b92c88d26ad76a76ff3f6b3d4f7bb56b069a4f31,1,
CN_PENDING_PAGE_MANIFEST_0.1,LTMD-CN6-G2011-VP157,LTMD-CN6-G2011,H2011P6CI335,2011,6,157,178,157,https://historico.conaliteg.gob.mx/c/H2011P6CI335/157.jpg,0,0.882022,Q4,source_jpeg,1,200,image/jpeg,368128,a89056c4d82d1ea4a873e1fab7ebf775bbb4d1d13398224697f36ec644dee921,1,
CN_PENDING_PAGE_MANIFEST_0.1,LTMD-CN6-G2011-VP158,LTMD-CN6-G2011,H2011P6CI335,2011,6,158,178,158,https://historico.conaliteg.gob.mx/c/H2011P6CI335/158.jpg,0,0.887640,Q4,source_jpeg,1,200,image/jpeg,465005,0c106d9242754696585f5ce3fae4d34a54dbbcb005a7e32835a1ea3f1377d203,1,
CN_PENDING_PAGE_MANIFEST_0.1,LTMD-CN6-G2011-VP159,LTMD-CN6-G2011,H2011P6CI335,2011,6,159,178,159,https://historico.conaliteg.gob.mx/c/H2011P6CI335/159.jpg,0,0.893258,Q4,source_jpeg,1,200,image/jpeg,451386,faea6906dfd8519753938c913f5d9011507da95e94d93644e2ed010b78a6ae96,1,
CN_PENDING_PAGE_MANIFEST_0.1,LTMD-CN6-G2011-VP160,LTMD-CN6-G2011,H2011P6CI335,2011,6,160,178,160,https://historico.conaliteg.gob.mx/c/H2011P6CI335/160.jpg,0,0.898876,Q4,source_jpeg,1,200,image/jpeg,382959,d10024ab172f65387939695e9ba76677dd7700148d8df5d6b5046bebaa8532d2,1,
CN_PENDING_PAGE_MANIFEST_0.1,LTMD-CN6-G2011-VP161,LTMD-CN6-G2011,H2011P6CI335,2011,6,161,178,161,https://historico.conaliteg.gob.mx/c/H2011P6CI335/161.jpg,0,0.904494,Q4,source_jpeg,1,200,image/jpeg,423766,05d827a972c0bedc56165ca623cc47ea3d5ccbd22051f8813a1b08397cfc0b3b,1,
CN_PENDING_PAGE_MANIFEST_0.1,LTMD-CN6-G2011-VP162,LTMD-CN6-G2011,H2011P6CI335,2011,6,162,178,162,https://historico.conaliteg.gob.mx/c/H2011P6CI335/162.jpg,0,0.910112,Q4,source_jpeg,1,200,image/jpeg,418681,e2f43c195eba3e21598c6254a631f7f845236c2fe3efd4022eca2e1ec521d734,1,
CN_PENDING_PAGE_MANIFEST_0.1,LTMD-CN6-G2011-VP163,LTMD-CN6-G2011,H2011P6CI335,2011,6,163,178,163,https://historico.conaliteg.gob.mx/c/H2011P6CI335/163.jpg,0,0.915730,Q4,source_jpeg,1,200,image/jpeg,343881,ca4715def4aeb6e07cebe439d2b6da925382f7d0b241cf94f7e5a3443eca8bfd,1,
CN_PENDING_PAGE_MANIFEST_0.1,LTMD-CN6-G2011-VP164,LTMD-CN6-G2011,H2011P6CI335,2011,6,164,178,164,https://historico.conaliteg.gob.mx/c/H2011P6CI335/164.jpg,0,0.921348,Q4,source_jpeg,1,200,image/jpeg,296856,6fc0f3efcdfb795fdd2dab922b381e70dae41e5ef5c7662f9c9394eb97b72422,1,
CN_PENDING_PAGE_MANIFEST_0.1,LTMD-CN6-G2011-VP165,LTMD-CN6-G2011,H2011P6CI335,2011,6,165,178,165,https://historico.conaliteg.gob.mx/c/H2011P6CI335/165.jpg,0,0.926966,Q4,source_jpeg,1,200,image/jpeg,264467,2e29654a0bc7f492e56a304616227d59b428e7d21a92bcc306dd2f4cc46465b2,1,
CN_PENDING_PAGE_MANIFEST_0.1,LTMD-CN6-G2011-VP166,LTMD-CN6-G2011,H2011P6CI335,2011,6,166,178,166,https://historico.conaliteg.gob.mx/c/H2011P6CI335/166.jpg,0,0.932584,Q4,source_jpeg,1,200,image/jpeg,220120,f69041e0879614d3c9a451f119df5d1dcf1507ea7a618f57035c728b51cfe1cf,1,
CN_PENDING_PAGE_MANIFEST_0.1,LTMD-CN6-G2011-VP167,LTMD-CN6-G2011,H2011P6CI335,2011,6,167,178,167,https://historico.conaliteg.gob.mx/c/H2011P6CI335/167.jpg,0,0.938202,Q4,source_jpeg,1,200,image/jpeg,206760,3728ea8496b4830c5b2f6da956caf7239efd59e3299f2c237c825f2045653f0f,1,
CN_PENDING_PAGE_MANIFEST_0.1,LTMD-CN6-G2011-VP168,LTMD-CN6-G2011,H2011P6CI335,2011,6,168,178,168,https://historico.conaliteg.gob.mx/c/H2011P6CI335/168.jpg,0,0.943820,Q4,source_jpeg,1,200,image/jpeg,207105,256591913ea0faec61f353920290103cafb0cfef6d9c1dc523b5f7e159c3fc1b,1,
CN_PENDING_PAGE_MANIFEST_0.1,LTMD-CN6-G2011-VP169,LTMD-CN6-G2011,H2011P6CI335,2011,6,169,178,169,https://historico.conaliteg.gob.mx/c/H2011P6CI335/169.jpg,0,0.949438,Q4,source_jpeg,1,200,image/jpeg,237422,3ce29ba6b983429253cee3396d5d755650c686621e727cede61cf5bd01918b2d,1,
CN_PENDING_PAGE_MANIFEST_0.1,LTMD-CN6-G2011-VP170,LTMD-CN6-G2011,H2011P6CI335,2011,6,170,178,170,https://historico.conaliteg.gob.mx/c/H2011P6CI335/170.jpg,0,0.955056,Q4,source_jpeg,1,200,image/jpeg,429053,1866d3eb57405e259858e3d819526f0ae2e6ecb5327036ad838894912e96f7e8,1,
CN_PENDING_PAGE_MANIFEST_0.1,LTMD-CN6-G2011-VP171,LTMD-CN6-G2011,H2011P6CI335,2011,6,171,178,171,https://historico.conaliteg.gob.mx/c/H2011P6CI335/171.jpg,0,0.960674,Q4,source_jpeg,1,200,image/jpeg,416765,86d52fd4cd609eeff93983b0cb33db1e658c94344aa80836ef951e04d21863dc,1,
CN_PENDING_PAGE_MANIFEST_0.1,LTMD-CN6-G2011-VP172,LTMD-CN6-G2011,H2011P6CI335,2011,6,172,178,172,https://historico.conaliteg.gob.mx/c/H2011P6CI335/172.jpg,0,0.966292,Q4,source_jpeg,1,200,image/jpeg,409424,f23c4e3566a2c797220e07648c41d4a09ca227144521493b893af124f04812c5,1,
CN_PENDING_PAGE_MANIFEST_0.1,LTMD-CN6-G2011-VP173,LTMD-CN6-G2011,H2011P6CI335,2011,6,173,178,173,https://historico.conaliteg.gob.mx/c/H2011P6CI335/173.jpg,0,0.971910,Q4,source_jpeg,1,200,image/jpeg,335462,f32f02e3d2434813c390ba7f756eb428e2a0229f5bd78172d43effc8befa4588,1,
CN_PENDING_PAGE_MANIFEST_0.1,LTMD-CN6-G2011-VP174,LTMD-CN6-G2011,H2011P6CI335,2011,6,174,178,174,https://historico.conaliteg.gob.mx/c/H2011P6CI335/174.jpg,0,0.977528,Q4,source_jpeg,1,200,image/jpeg,151179,6b13738cfb873cda8609632804f6c439a5d68496421f66a8d601825b837271dc,1,
CN_PENDING_PAGE_MANIFEST_0.1,LTMD-CN6-G2011-VP175,LTMD-CN6-G2011,H2011P6CI335,2011,6,175,178,175,https://historico.conaliteg.gob.mx/c/H2011P6CI335/175.jpg,0,0.983146,Q4,source_jpeg,1,200,image/jpeg,268031,56181fdb3d4479b9ca00e2e47dc54221a36c22ee06255a1bbc6ebe153217053f,1,
CN_PENDING_PAGE_MANIFEST_0.1,LTMD-CN6-G2011-VP176,LTMD-CN6-G2011,H2011P6CI335,2011,6,176,178,176,https://historico.conaliteg.gob.mx/c/H2011P6CI335/176.jpg,0,0.988764,Q4,source_jpeg,1,200,image/jpeg,194118,6daa83f5704189e7438da2331f3db5022a1d976bd0f2842fbffc8d125d43fa80,1,
CN_PENDING_PAGE_MANIFEST_0.1,LTMD-CN6-G2011-VP177,LTMD-CN6-G2011,H2011P6CI335,2011,6,177,178,177,https://historico.conaliteg.gob.mx/c/H2011P6CI335/177.jpg,0,0.994382,Q4,source_jpeg,1,200,image/jpeg,142464,8f2cf7f48a0ef31c37d85bf52d10be4514bc6eb2c7928f14da80cf2318674197,1,
CN_PENDING_PAGE_MANIFEST_0.1,LTMD-CN6-G2019-VP001,LTMD-CN6-G2019,H2019P6CNA,2019,6,1,178,0,https://historico.conaliteg.gob.mx/c/H2019P6CNA/000.jpg,0,0.005618,Q1,source_jpeg,1,200,image/jpeg,107531,a1b6b287bfb62d30d947cec089271b978dfc705fa6bacde8775007adff78db13,1,
CN_PENDING_PAGE_MANIFEST_0.1,LTMD-CN6-G2019-VP002,LTMD-CN6-G2019,H2019P6CNA,2019,6,2,178,2,https://historico.conaliteg.gob.mx/c/H2019P6CNA/002.jpg,0,0.011236,Q1,source_jpeg,1,200,image/jpeg,102203,16b05ee211cfd4e8766eb5c499c0837b53cee95a84129405c4e2e87ab69e7563,1,
CN_PENDING_PAGE_MANIFEST_0.1,LTMD-CN6-G2019-VP003,LTMD-CN6-G2019,H2019P6CNA,2019,6,3,178,3,https://historico.conaliteg.gob.mx/c/H2019P6CNA/003.jpg,0,0.016854,Q1,source_jpeg,1,200,image/jpeg,83429,5cbe66656e7fb03e0374d7412a578d77b48c4bb1c8b8275208d385b66c5f8ccc,1,
CN_PENDING_PAGE_MANIFEST_0.1,LTMD-CN6-G2019-VP004,LTMD-CN6-G2019,H2019P6CNA,2019,6,4,178,4,https://historico.conaliteg.gob.mx/c/H2019P6CNA/004.jpg,0,0.022472,Q1,source_jpeg,1,200,image/jpeg,107163,9d5696c912e8def90b636b9ef6a98f9cb02294a2c5f0cde9d2accc7027c0ffb2,1,
CN_PENDING_PAGE_MANIFEST_0.1,LTMD-CN6-G2019-VP005,LTMD-CN6-G2019,H2019P6CNA,2019,6,5,178,5,https://historico.conaliteg.gob.mx/c/H2019P6CNA/005.jpg,0,0.028090,Q1,source_jpeg,1,200,image/jpeg,139422,32a34b1087e45927473b6ac94184d2cab5e417bf71b8f52985c482784b01be0f,1,
CN_PENDING_PAGE_MANIFEST_0.1,LTMD-CN6-G2019-VP006,LTMD-CN6-G2019,H2019P6CNA,2019,6,6,178,6,https://historico.conaliteg.gob.mx/c/H2019P6CNA/006.jpg,0,0.033708,Q1,source_jpeg,1,200,image/jpeg,81787,1dee925e802e24af3d37c2dc93cd48c09734d34bc3c83b93fb5d02780ac98e17,1,
CN_PENDING_PAGE_MANIFEST_0.1,LTMD-CN6-G2019-VP007,LTMD-CN6-G2019,H2019P6CNA,2019,6,7,178,7,https://historico.conaliteg.gob.mx/c/H2019P6CNA/007.jpg,0,0.039326,Q1,source_jpeg,1,200,image/jpeg,58927,81afd43c2b34009c8eee3e346d7569648bddfae1d4b722c03c68368976db7ec3,1,
CN_PENDING_PAGE_MANIFEST_0.1,LTMD-CN6-G2019-VP008,LTMD-CN6-G2019,H2019P6CNA,2019,6,8,178,8,https://historico.conaliteg.gob.mx/c/H2019P6CNA/008.jpg,0,0.044944,Q1,source_jpeg,1,200,image/jpeg,72548,bb5895533a2d2b91ce8d04727493ecc93eb499699b6e40889ec4fdbdeaad47a4,1,
CN_PENDING_PAGE_MANIFEST_0.1,LTMD-CN6-G2019-VP009,LTMD-CN6-G2019,H2019P6CNA,2019,6,9,178,9,https://historico.conaliteg.gob.mx/c/H2019P6CNA/009.jpg,0,0.050562,Q1,source_jpeg,1,200,image/jpeg,24315,02dcfaa5635ece91254c33ab9658b8681702a1cd3c94a78ba01fe96ae03fcf3a,1,
CN_PENDING_PAGE_MANIFEST_0.1,LTMD-CN6-G2019-VP010,LTMD-CN6-G2019,H2019P6CNA,2019,6,10,178,10,https://historico.conaliteg.gob.mx/c/H2019P6CNA/010.jpg,0,0.056180,Q1,source_jpeg,1,200,image/jpeg,71097,ef0fc7228d1b29ed4339b63fff27c29538050e36b2c21b6a0daa44a5186e5fcf,1,
CN_PENDING_PAGE_MANIFEST_0.1,LTMD-CN6-G2019-VP011,LTMD-CN6-G2019,H2019P6CNA,2019,6,11,178,11,https://historico.conaliteg.gob.mx/c/H2019P6CNA/011.jpg,0,0.061798,Q1,source_jpeg,1,200,image/jpeg,112612,d68dff7797a03e75b163f8d14b1542e70c83de9800732285f59055b3f09b6274,1,
CN_PENDING_PAGE_MANIFEST_0.1,LTMD-CN6-G2019-VP012,LTMD-CN6-G2019,H2019P6CNA,2019,6,12,178,12,https://historico.conaliteg.gob.mx/c/H2019P6CNA/012.jpg,0,0.067416,Q1,source_jpeg,1,200,image/jpeg,120503,16bb53aedcd2c4be32756e66f3c083e2f6f3c928a08cb97cf2dece18b3c24e03,1,
CN_PENDING_PAGE_MANIFEST_0.1,LTMD-CN6-G2019-VP013,LTMD-CN6-G2019,H2019P6CNA,2019,6,13,178,13,https://historico.conaliteg.gob.mx/c/H2019P6CNA/013.jpg,0,0.073034,Q1,source_jpeg,1,200,image/jpeg,120095,6297bd1d360ecf263cd0d16c42caf32dc2c468aa671b4c76df66c470cb1886c5,1,
CN_PENDING_PAGE_MANIFEST_0.1,LTMD-CN6-G2019-VP014,LTMD-CN6-G2019,H2019P6CNA,2019,6,14,178,14,https://historico.conaliteg.gob.mx/c/H2019P6CNA/014.jpg,0,0.078652,Q1,source_jpeg,1,200,image/jpeg,141475,7182dfcf98dd04f8e0d82fa310aace3014c971f5cdadc2ab44098f6340c2d94e,1,
CN_PENDING_PAGE_MANIFEST_0.1,LTMD-CN6-G2019-VP015,LTMD-CN6-G2019,H2019P6CNA,2019,6,15,178,15,https://historico.conaliteg.gob.mx/c/H2019P6CNA/015.jpg,0,0.084270,Q1,source_jpeg,1,200,image/jpeg,132215,90327ec0fa25c71c0bca512e738a5c4e3ff04cf15b8100d72251354ffc7896d1,1,
CN_PENDING_PAGE_MANIFEST_0.1,LTMD-CN6-G2019-VP016,LTMD-CN6-G2019,H2019P6CNA,2019,6,16,178,16,https://historico.conaliteg.gob.mx/c/H2019P6CNA/016.jpg,0,0.089888,Q1,source_jpeg,1,200,image/jpeg,125917,5e6b53decd55bff3315b9ea5ad43ace4ec511920da05177b0862fd75fca5168a,1,
CN_PENDING_PAGE_MANIFEST_0.1,LTMD-CN6-G2019-VP017,LTMD-CN6-G2019,H2019P6CNA,2019,6,17,178,17,https://historico.conaliteg.gob.mx/c/H2019P6CNA/017.jpg,0,0.095506,Q1,source_jpeg,1,200,image/jpeg,77865,27e8507175d133738c1902e5e4c61409a4a283ce92e237166682d5dd8c12b103,1,
CN_PENDING_PAGE_MANIFEST_0.1,LTMD-CN6-G2019-VP018,LTMD-CN6-G2019,H2019P6CNA,2019,6,18,178,18,https://historico.conaliteg.gob.mx/c/H2019P6CNA/018.jpg,0,0.101124,Q1,source_jpeg,1,200,image/jpeg,168909,6d19076e19715361de7ba22ba543b6a39b7cf8fa163406461ff62099fddc25a4,1,
CN_PENDING_PAGE_MANIFEST_0.1,LTMD-CN6-G2019-VP019,LTMD-CN6-G2019,H2019P6CNA,2019,6,19,178,19,https://historico.conaliteg.gob.mx/c/H2019P6CNA/019.jpg,0,0.106742,Q1,source_jpeg,1,200,image/jpeg,146712,acbe9284a18ccca740b1f9c7d449d08d6a98f7e19e8ca66f9a90cae25eb1b96f,1,
CN_PENDING_PAGE_MANIFEST_0.1,LTMD-CN6-G2019-VP020,LTMD-CN6-G2019,H2019P6CNA,2019,6,20,178,20,https://historico.conaliteg.gob.mx/c/H2019P6CNA/020.jpg,0,0.112360,Q1,source_jpeg,1,200,image/jpeg,106690,30ebb60bd4b37f9f73ca9ad7b47175c2682c228d4aaf7bd558ed4e65807f0310,1,
CN_PENDING_PAGE_MANIFEST_0.1,LTMD-CN6-G2019-VP021,LTMD-CN6-G2019,H2019P6CNA,2019,6,21,178,21,https://historico.conaliteg.gob.mx/c/H2019P6CNA/021.jpg,0,0.117978,Q1,source_jpeg,1,200,image/jpeg,136000,0cd1fa1a81363cfcf69a06ccc48d3a6d1604fec0c2f97a6c85a44d235bcd049c,1,
CN_PENDING_PAGE_MANIFEST_0.1,LTMD-CN6-G2019-VP022,LTMD-CN6-G2019,H2019P6CNA,2019,6,22,178,22,https://historico.conaliteg.gob.mx/c/H2019P6CNA/022.jpg,0,0.123596,Q1,source_jpeg,1,200,image/jpeg,114658,06c4942f9ec040951afc330c197883624ed3b8824024a6e127684f50b1857bb3,1,
CN_PENDING_PAGE_MANIFEST_0.1,LTMD-CN6-G2019-VP023,LTMD-CN6-G2019,H2019P6CNA,2019,6,23,178,23,https://historico.conaliteg.gob.mx/c/H2019P6CNA/023.jpg,0,0.129213,Q1,source_jpeg,1,200,image/jpeg,136946,95fac924ee59d5afb942c34148ad780a74954a3d07d6dc91f3b78c247f15933c,1,
CN_PENDING_PAGE_MANIFEST_0.1,LTMD-CN6-G2019-VP024,LTMD-CN6-G2019,H2019P6CNA,2019,6,24,178,24,https://historico.conaliteg.gob.mx/c/H2019P6CNA/024.jpg,0,0.134831,Q1,source_jpeg,1,200,image/jpeg,112894,0b7534f9b09e5fec64732e82f5314f2ad311c0dd0a35d122767a67f757a1b72a,1,
CN_PENDING_PAGE_MANIFEST_0.1,LTMD-CN6-G2019-VP025,LTMD-CN6-G2019,H2019P6CNA,2019,6,25,178,25,https://historico.conaliteg.gob.mx/c/H2019P6CNA/025.jpg,0,0.140449,Q1,source_jpeg,1,200,image/jpeg,128088,0ce1725beed19e6845499aeb7340e220ce8a25dfc8eaaf39919534eb24fbadb3,1,
CN_PENDING_PAGE_MANIFEST_0.1,LTMD-CN6-G2019-VP026,LTMD-CN6-G2019,H2019P6CNA,2019,6,26,178,26,https://historico.conaliteg.gob.mx/c/H2019P6CNA/026.jpg,0,0.146067,Q1,source_jpeg,1,200,image/jpeg,122671,c345d41adf8f89f1d473ffc8a93ca772563f4d8283ebba152fb53f789923cd8d,1,
CN_PENDING_PAGE_MANIFEST_0.1,LTMD-CN6-G2019-VP027,LTMD-CN6-G2019,H2019P6CNA,2019,6,27,178,27,https://historico.conaliteg.gob.mx/c/H2019P6CNA/027.jpg,0,0.151685,Q1,source_jpeg,1,200,image/jpeg,120946,b1f8f3ed5baeab493677463f2b590d5f1a0a8976eb869590401b1b65934c858f,1,
CN_PENDING_PAGE_MANIFEST_0.1,LTMD-CN6-G2019-VP028,LTMD-CN6-G2019,H2019P6CNA,2019,6,28,178,28,https://historico.conaliteg.gob.mx/c/H2019P6CNA/028.jpg,0,0.157303,Q1,source_jpeg,1,200,image/jpeg,127958,d73d1f7b40c84c866f36fcf904caac97e33c28467b3522b93fb56b458f6fee90,1,
CN_PENDING_PAGE_MANIFEST_0.1,LTMD-CN6-G2019-VP029,LTMD-CN6-G2019,H2019P6CNA,2019,6,29,178,29,https://historico.conaliteg.gob.mx/c/H2019P6CNA/029.jpg,0,0.162921,Q1,source_jpeg,1,200,image/jpeg,151100,d47912c69ad13ad61b5742b36487100e4f1bcff87024c3e1aaa14c88cef0c421,1,
CN_PENDING_PAGE_MANIFEST_0.1,LTMD-CN6-G2019-VP030,LTMD-CN6-G2019,H2019P6CNA,2019,6,30,178,30,https://historico.conaliteg.gob.mx/c/H2019P6CNA/030.jpg,0,0.168539,Q1,source_jpeg,1,200,image/jpeg,65373,36cae916b682d512f414d8ee25e3efa3d12d2f0e089b66c5e925720fb89396b3,1,
CN_PENDING_PAGE_MANIFEST_0.1,LTMD-CN6-G2019-VP031,LTMD-CN6-G2019,H2019P6CNA,2019,6,31,178,31,https://historico.conaliteg.gob.mx/c/H2019P6CNA/031.jpg,0,0.174157,Q1,source_jpeg,1,200,image/jpeg,103335,8806da89a19349aef2222a05d71248b135d0bbfdefebe0bc79e82d9a9c192487,1,
CN_PENDING_PAGE_MANIFEST_0.1,LTMD-CN6-G2019-VP032,LTMD-CN6-G2019,H2019P6CNA,2019,6,32,178,32,https://historico.conaliteg.gob.mx/c/H2019P6CNA/032.jpg,0,0.179775,Q1,source_jpeg,1,200,image/jpeg,218752,f999a2f8a5cd8558d360a55f109f79335e2dfc922f559363475d709d3f8594a9,1,
CN_PENDING_PAGE_MANIFEST_0.1,LTMD-CN6-G2019-VP033,LTMD-CN6-G2019,H2019P6CNA,2019,6,33,178,33,https://historico.conaliteg.gob.mx/c/H2019P6CNA/033.jpg,0,0.185393,Q1,source_jpeg,1,200,image/jpeg,162832,4f1a770850215a707f9f6826e172108a9894eba9a134402fd49ccfec7f2e5d6e,1,
CN_PENDING_PAGE_MANIFEST_0.1,LTMD-CN6-G2019-VP034,LTMD-CN6-G2019,H2019P6CNA,2019,6,34,178,34,https://historico.conaliteg.gob.mx/c/H2019P6CNA/034.jpg,0,0.191011,Q1,source_jpeg,1,200,image/jpeg,111722,e9daf37e4e90bf458546fab21c4cbc8868ff3dafb3d93dbdfa0e090ee9714a0f,1,
CN_PENDING_PAGE_MANIFEST_0.1,LTMD-CN6-G2019-VP035,LTMD-CN6-G2019,H2019P6CNA,2019,6,35,178,35,https://historico.conaliteg.gob.mx/c/H2019P6CNA/035.jpg,0,0.196629,Q1,source_jpeg,1,200,image/jpeg,168640,82aa2c27e2e8ec6ce166ef5edde5a4f1954d431ea92dab0170998aae47ec6c5c,1,
CN_PENDING_PAGE_MANIFEST_0.1,LTMD-CN6-G2019-VP036,LTMD-CN6-G2019,H2019P6CNA,2019,6,36,178,36,https://historico.conaliteg.gob.mx/c/H2019P6CNA/036.jpg,0,0.202247,Q1,source_jpeg,1,200,image/jpeg,102799,aed72704e8f74f8663f023748d2e28dfa16f5e37d160f37b4e799c40280de3be,1,
CN_PENDING_PAGE_MANIFEST_0.1,LTMD-CN6-G2019-VP037,LTMD-CN6-G2019,H2019P6CNA,2019,6,37,178,37,https://historico.conaliteg.gob.mx/c/H2019P6CNA/037.jpg,0,0.207865,Q1,source_jpeg,1,200,image/jpeg,149661,e76a188b78713576908d873d78742379ddfaf944e81bb0b0c9e0f34ffbd84914,1,
CN_PENDING_PAGE_MANIFEST_0.1,LTMD-CN6-G2019-VP038,LTMD-CN6-G2019,H2019P6CNA,2019,6,38,178,38,https://historico.conaliteg.gob.mx/c/H2019P6CNA/038.jpg,0,0.213483,Q1,source_jpeg,1,200,image/jpeg,159117,8b167c2686a8d45663a41d30c8a75205171421704bd700826dff40b4a81211d4,1,
CN_PENDING_PAGE_MANIFEST_0.1,LTMD-CN6-G2019-VP039,LTMD-CN6-G2019,H2019P6CNA,2019,6,39,178,39,https://historico.conaliteg.gob.mx/c/H2019P6CNA/039.jpg,0,0.219101,Q1,source_jpeg,1,200,image/jpeg,133122,de6ac7d9266bee1372a2392602e91617af81399d16d14f8b804e1508a18e1064,1,
CN_PENDING_PAGE_MANIFEST_0.1,LTMD-CN6-G2019-VP040,LTMD-CN6-G2019,H2019P6CNA,2019,6,40,178,40,https://historico.conaliteg.gob.mx/c/H2019P6CNA/040.jpg,0,0.224719,Q1,source_jpeg,1,200,image/jpeg,149415,1be0e94b3fdeae316f5290e76177ede8f2e9133071e9d025453cd48a1684d598,1,
CN_PENDING_PAGE_MANIFEST_0.1,LTMD-CN6-G2019-VP041,LTMD-CN6-G2019,H2019P6CNA,2019,6,41,178,41,https://historico.conaliteg.gob.mx/c/H2019P6CNA/041.jpg,0,0.230337,Q1,source_jpeg,1,200,image/jpeg,134767,6c882608d93d3f56d22a0e47443cb27abc06fa60634f92e224afe4f0d0ab6bae,1,
CN_PENDING_PAGE_MANIFEST_0.1,LTMD-CN6-G2019-VP042,LTMD-CN6-G2019,H2019P6CNA,2019,6,42,178,42,https://historico.conaliteg.gob.mx/c/H2019P6CNA/042.jpg,0,0.235955,Q1,source_jpeg,1,200,image/jpeg,128364,869e93040b49075c07f31f99fc9059a936ea0701ed571be7e7355e74381614db,1,
CN_PENDING_PAGE_MANIFEST_0.1,LTMD-CN6-G2019-VP043,LTMD-CN6-G2019,H2019P6CNA,2019,6,43,178,43,https://historico.conaliteg.gob.mx/c/H2019P6CNA/043.jpg,0,0.241573,Q1,source_jpeg,1,200,image/jpeg,154595,9be1091ef6def731faf8c226dd59f5f1efd5483b7663b28020a6e3f65f6b95af,1,
CN_PENDING_PAGE_MANIFEST_0.1,LTMD-CN6-G2019-VP044,LTMD-CN6-G2019,H2019P6CNA,2019,6,44,178,44,https://historico.conaliteg.gob.mx/c/H2019P6CNA/044.jpg,0,0.247191,Q1,source_jpeg,1,200,image/jpeg,78876,d704b6eb1f121ae2db3cbd20956fc7b85691910ab327405345e2b96ad90fb57b,1,
CN_PENDING_PAGE_MANIFEST_0.1,LTMD-CN6-G2019-VP045,LTMD-CN6-G2019,H2019P6CNA,2019,6,45,178,45,https://historico.conaliteg.gob.mx/c/H2019P6CNA/045.jpg,0,0.252809,Q2,source_jpeg,1,200,image/jpeg,88309,ad8f7275bef2f8a0b4f806dff511ca823da792f6b91ad99215162ecad88750fc,1,
CN_PENDING_PAGE_MANIFEST_0.1,LTMD-CN6-G2019-VP046,LTMD-CN6-G2019,H2019P6CNA,2019,6,46,178,46,https://historico.conaliteg.gob.mx/c/H2019P6CNA/046.jpg,0,0.258427,Q2,source_jpeg,1,200,image/jpeg,86447,70fede4e32f4d822338b9782b114094abdb1772ff1929dbfe5313e2809c3c725,1,
CN_PENDING_PAGE_MANIFEST_0.1,LTMD-CN6-G2019-VP047,LTMD-CN6-G2019,H2019P6CNA,2019,6,47,178,47,https://historico.conaliteg.gob.mx/c/H2019P6CNA/047.jpg,0,0.264045,Q2,source_jpeg,1,200,image/jpeg,39208,4751c7f9b3a3e96e8cdcd861c8b1279dfce75ea003606d13995418af60315c6e,1,
CN_PENDING_PAGE_MANIFEST_0.1,LTMD-CN6-G2019-VP048,LTMD-CN6-G2019,H2019P6CNA,2019,6,48,178,48,https://historico.conaliteg.gob.mx/c/H2019P6CNA/048.jpg,0,0.269663,Q2,source_jpeg,1,200,image/jpeg,67913,32c87b3bab477b3c09b760f29e8aaecb855f6bf23e0b2763782d36eda7de6043,1,
CN_PENDING_PAGE_MANIFEST_0.1,LTMD-CN6-G2019-VP049,LTMD-CN6-G2019,H2019P6CNA,2019,6,49,178,49,https://historico.conaliteg.gob.mx/c/H2019P6CNA/049.jpg,0,0.275281,Q2,source_jpeg,1,200,image/jpeg,62984,5d631b8d87800cf341aa0518c52debc354dae3b8ca7047fcad6054e4ac6fca6b,1,
CN_PENDING_PAGE_MANIFEST_0.1,LTMD-CN6-G2019-VP050,LTMD-CN6-G2019,H2019P6CNA,2019,6,50,178,50,https://historico.conaliteg.gob.mx/c/H2019P6CNA/050.jpg,0,0.280899,Q2,source_jpeg,1,200,image/jpeg,119730,866f76e2bd5eb004863e4255f74f9de8898e319dc747171c804cb30615ca3835,1,
CN_PENDING_PAGE_MANIFEST_0.1,LTMD-CN6-G2019-VP051,LTMD-CN6-G2019,H2019P6CNA,2019,6,51,178,51,https://historico.conaliteg.gob.mx/c/H2019P6CNA/051.jpg,0,0.286517,Q2,source_jpeg,1,200,image/jpeg,19212,49248e1c0660bf7b36ed839f150472a083d9a49a7e46c65cc0f0ef7f621632c7,1,
CN_PENDING_PAGE_MANIFEST_0.1,LTMD-CN6-G2019-VP052,LTMD-CN6-G2019,H2019P6CNA,2019,6,52,178,52,https://historico.conaliteg.gob.mx/c/H2019P6CNA/052.jpg,0,0.292135,Q2,source_jpeg,1,200,image/jpeg,160507,5bf42832b461901ac651bbd1d972020b9ad0b8d88d79749e6f0f936960cad1ad,1,
CN_PENDING_PAGE_MANIFEST_0.1,LTMD-CN6-G2019-VP053,LTMD-CN6-G2019,H2019P6CNA,2019,6,53,178,53,https://historico.conaliteg.gob.mx/c/H2019P6CNA/053.jpg,0,0.297753,Q2,source_jpeg,1,200,image/jpeg,111095,f2f2d92e38cb76b5958facc284c1cb12859dc9afe62bcb8e36f8b2667675192e,1,
CN_PENDING_PAGE_MANIFEST_0.1,LTMD-CN6-G2019-VP054,LTMD-CN6-G2019,H2019P6CNA,2019,6,54,178,54,https://historico.conaliteg.gob.mx/c/H2019P6CNA/054.jpg,0,0.303371,Q2,source_jpeg,1,200,image/jpeg,138261,231c2362c00d79a714f6528d7917f65705aa3499667c55cff22c63d533e78031,1,
CN_PENDING_PAGE_MANIFEST_0.1,LTMD-CN6-G2019-VP055,LTMD-CN6-G2019,H2019P6CNA,2019,6,55,178,55,https://historico.conaliteg.gob.mx/c/H2019P6CNA/055.jpg,0,0.308989,Q2,source_jpeg,1,200,image/jpeg,99368,6f167ec78b44c0c1968a3b52f8b35738f3c3ad672503ef45d1e4ed39bcb0b6bc,1,
CN_PENDING_PAGE_MANIFEST_0.1,LTMD-CN6-G2019-VP056,LTMD-CN6-G2019,H2019P6CNA,2019,6,56,178,56,https://historico.conaliteg.gob.mx/c/H2019P6CNA/056.jpg,0,0.314607,Q2,source_jpeg,1,200,image/jpeg,140027,9ff8b52640f331cfc4742d4ff88370461ad38637d176c897a3a3396b65d79f4c,1,
CN_PENDING_PAGE_MANIFEST_0.1,LTMD-CN6-G2019-VP057,LTMD-CN6-G2019,H2019P6CNA,2019,6,57,178,57,https://historico.conaliteg.gob.mx/c/H2019P6CNA/057.jpg,0,0.320225,Q2,source_jpeg,1,200,image/jpeg,177203,3ae72d37256ad930c8e97262d8c3cf754708ea197f28e999cfb91bee79817a92,1,
CN_PENDING_PAGE_MANIFEST_0.1,LTMD-CN6-G2019-VP058,LTMD-CN6-G2019,H2019P6CNA,2019,6,58,178,58,https://historico.conaliteg.gob.mx/c/H2019P6CNA/058.jpg,0,0.325843,Q2,source_jpeg,1,200,image/jpeg,136512,80aa8b1b88b8dbe7643b24d0e2b7a5eceec817dbc55b69cb1203af8f99267c6c,1,
CN_PENDING_PAGE_MANIFEST_0.1,LTMD-CN6-G2019-VP059,LTMD-CN6-G2019,H2019P6CNA,2019,6,59,178,59,https://historico.conaliteg.gob.mx/c/H2019P6CNA/059.jpg,0,0.331461,Q2,source_jpeg,1,200,image/jpeg,155683,ffec7099e6bccecf3dc07e97e688cc5836bff555c53346fe27012aaceff939ca,1,
CN_PENDING_PAGE_MANIFEST_0.1,LTMD-CN6-G2019-VP060,LTMD-CN6-G2019,H2019P6CNA,2019,6,60,178,60,https://historico.conaliteg.gob.mx/c/H2019P6CNA/060.jpg,0,0.337079,Q2,source_jpeg,1,200,image/jpeg,166092,872a52f789db4abfa62db461a0ba97bc1ce55d5e7a302af8539b097ac2e4808c,1,
CN_PENDING_PAGE_MANIFEST_0.1,LTMD-CN6-G2019-VP061,LTMD-CN6-G2019,H2019P6CNA,2019,6,61,178,61,https://historico.conaliteg.gob.mx/c/H2019P6CNA/061.jpg,0,0.342697,Q2,source_jpeg,1,200,image/jpeg,95492,48d9b174cd6d6de02e7caf4be4441617b0de7bec643c6bf948279b20e0b9ddcb,1,
CN_PENDING_PAGE_MANIFEST_0.1,LTMD-CN6-G2019-VP062,LTMD-CN6-G2019,H2019P6CNA,2019,6,62,178,62,https://historico.conaliteg.gob.mx/c/H2019P6CNA/062.jpg,0,0.348315,Q2,source_jpeg,1,200,image/jpeg,193526,9cb7c142b3dc80b6da9e7fba40bb62fbad929a89b78652f21defcba93181e078,1,
CN_PENDING_PAGE_MANIFEST_0.1,LTMD-CN6-G2019-VP063,LTMD-CN6-G2019,H2019P6CNA,2019,6,63,178,63,https://historico.conaliteg.gob.mx/c/H2019P6CNA/063.jpg,0,0.353933,Q2,source_jpeg,1,200,image/jpeg,120539,f3b3b1f41c750befd7e099c2668716350aa0045d17f482ebc407017a5f28c828,1,
CN_PENDING_PAGE_MANIFEST_0.1,LTMD-CN6-G2019-VP064,LTMD-CN6-G2019,H2019P6CNA,2019,6,64,178,64,https://historico.conaliteg.gob.mx/c/H2019P6CNA/064.jpg,0,0.359551,Q2,source_jpeg,1,200,image/jpeg,137134,419026e9ff6c3890d4203778efeaddb3dd4e341df58574ba85e3b72848bfa91a,1,
CN_PENDING_PAGE_MANIFEST_0.1,LTMD-CN6-G2019-VP065,LTMD-CN6-G2019,H2019P6CNA,2019,6,65,178,65,https://historico.conaliteg.gob.mx/c/H2019P6CNA/065.jpg,0,0.365169,Q2,source_jpeg,1,200,image/jpeg,129655,b5ec636695ad11fde20d4da572000e450f72c42772cc2b7c715dd269b8e53550,1,
CN_PENDING_PAGE_MANIFEST_0.1,LTMD-CN6-G2019-VP066,LTMD-CN6-G2019,H2019P6CNA,2019,6,66,178,66,https://historico.conaliteg.gob.mx/c/H2019P6CNA/066.jpg,0,0.370787,Q2,source_jpeg,1,200,image/jpeg,128507,add6cc3228d7d63597e7297e01b35f5a9767a519b97b5395e3b94a31625153e9,1,
CN_PENDING_PAGE_MANIFEST_0.1,LTMD-CN6-G2019-VP067,LTMD-CN6-G2019,H2019P6CNA,2019,6,67,178,67,https://historico.conaliteg.gob.mx/c/H2019P6CNA/067.jpg,0,0.376404,Q2,source_jpeg,1,200,image/jpeg,151613,96daed47f81549d58b396233c622b23b83ada3a672813145332a58b0bdd8e059,1,
CN_PENDING_PAGE_MANIFEST_0.1,LTMD-CN6-G2019-VP068,LTMD-CN6-G2019,H2019P6CNA,2019,6,68,178,68,https://historico.conaliteg.gob.mx/c/H2019P6CNA/068.jpg,0,0.382022,Q2,source_jpeg,1,200,image/jpeg,195049,3dc8c46f8dfdb7f2561ce85e6f761e48af91bff18a87c33fd65a50a1d25257a6,1,
CN_PENDING_PAGE_MANIFEST_0.1,LTMD-CN6-G2019-VP069,LTMD-CN6-G2019,H2019P6CNA,2019,6,69,178,69,https://historico.conaliteg.gob.mx/c/H2019P6CNA/069.jpg,0,0.387640,Q2,source_jpeg,1,200,image/jpeg,210723,37c6cb0d8735763c3321d25120b4dd8acf2ee9ae4b4f41c8a25b80026a7953fe,1,
CN_PENDING_PAGE_MANIFEST_0.1,LTMD-CN6-G2019-VP070,LTMD-CN6-G2019,H2019P6CNA,2019,6,70,178,70,https://historico.conaliteg.gob.mx/c/H2019P6CNA/070.jpg,0,0.393258,Q2,source_jpeg,1,200,image/jpeg,159969,4c791447ad722716ebd1f1633963c9241d0de2b0a2fef2a129f591a192d4e748,1,
CN_PENDING_PAGE_MANIFEST_0.1,LTMD-CN6-G2019-VP071,LTMD-CN6-G2019,H2019P6CNA,2019,6,71,178,71,https://historico.conaliteg.gob.mx/c/H2019P6CNA/071.jpg,0,0.398876,Q2,source_jpeg,1,200,image/jpeg,166796,de10cfa47a604d082a1a8fe48bbc4bab0cacd3bc9bbc940fac67d50f54243875,1,
CN_PENDING_PAGE_MANIFEST_0.1,LTMD-CN6-G2019-VP072,LTMD-CN6-G2019,H2019P6CNA,2019,6,72,178,72,https://historico.conaliteg.gob.mx/c/H2019P6CNA/072.jpg,0,0.404494,Q2,source_jpeg,1,200,image/jpeg,83748,4416a0e6a87b2ea1999f6da3c5d699f01baa285e86674a94a7fd77809aa42253,1,
CN_PENDING_PAGE_MANIFEST_0.1,LTMD-CN6-G2019-VP073,LTMD-CN6-G2019,H2019P6CNA,2019,6,73,178,73,https://historico.conaliteg.gob.mx/c/H2019P6CNA/073.jpg,0,0.410112,Q2,source_jpeg,1,200,image/jpeg,127867,00e8ed9d7a8ed767f7ed7c2297355eebad9fce525485383a5cd4a65364d33194,1,
CN_PENDING_PAGE_MANIFEST_0.1,LTMD-CN6-G2019-VP074,LTMD-CN6-G2019,H2019P6CNA,2019,6,74,178,74,https://historico.conaliteg.gob.mx/c/H2019P6CNA/074.jpg,0,0.415730,Q2,source_jpeg,1,200,image/jpeg,117229,e046a3901a5a3b80dfeb24c347bbc1bf85fda074f33a034d9c6c58f4a02e32df,1,
CN_PENDING_PAGE_MANIFEST_0.1,LTMD-CN6-G2019-VP075,LTMD-CN6-G2019,H2019P6CNA,2019,6,75,178,75,https://historico.conaliteg.gob.mx/c/H2019P6CNA/075.jpg,0,0.421348,Q2,source_jpeg,1,200,image/jpeg,139231,022b42c9b9101b78ca3b8bbaa0f5ed5c374a0cd5b88c72c45f372155dcaa99e2,1,
CN_PENDING_PAGE_MANIFEST_0.1,LTMD-CN6-G2019-VP076,LTMD-CN6-G2019,H2019P6CNA,2019,6,76,178,76,https://historico.conaliteg.gob.mx/c/H2019P6CNA/076.jpg,0,0.426966,Q2,source_jpeg,1,200,image/jpeg,141157,5f5ee631184a8954c7d71cde65bf026a81f6927340dc1f3f4841098a823abdb7,1,
CN_PENDING_PAGE_MANIFEST_0.1,LTMD-CN6-G2019-VP077,LTMD-CN6-G2019,H2019P6CNA,2019,6,77,178,77,https://historico.conaliteg.gob.mx/c/H2019P6CNA/077.jpg,0,0.432584,Q2,source_jpeg,1,200,image/jpeg,157304,ce54a02adf82d31d80bdc133a724de8bdd5838b45f95422d19df5ca2e2ac7a91,1,
CN_PENDING_PAGE_MANIFEST_0.1,LTMD-CN6-G2019-VP078,LTMD-CN6-G2019,H2019P6CNA,2019,6,78,178,78,https://historico.conaliteg.gob.mx/c/H2019P6CNA/078.jpg,0,0.438202,Q2,source_jpeg,1,200,image/jpeg,117695,71e4eab7700365584ca03862160c2611a05bde359e1ee0c7e20361edd96b70f2,1,
CN_PENDING_PAGE_MANIFEST_0.1,LTMD-CN6-G2019-VP079,LTMD-CN6-G2019,H2019P6CNA,2019,6,79,178,79,https://historico.conaliteg.gob.mx/c/H2019P6CNA/079.jpg,0,0.443820,Q2,source_jpeg,1,200,image/jpeg,107232,b622f03c82c05a55cfe708ade34381551f887d7a52bb6fc9b8c12044a1fb0289,1,
CN_PENDING_PAGE_MANIFEST_0.1,LTMD-CN6-G2019-VP080,LTMD-CN6-G2019,H2019P6CNA,2019,6,80,178,80,https://historico.conaliteg.gob.mx/c/H2019P6CNA/080.jpg,0,0.449438,Q2,source_jpeg,1,200,image/jpeg,83738,37f7e10fb03674cd96a4e1dfb0021daffc35beeb30bfb5468eecc7dcd630a08e,1,
CN_PENDING_PAGE_MANIFEST_0.1,LTMD-CN6-G2019-VP081,LTMD-CN6-G2019,H2019P6CNA,2019,6,81,178,81,https://historico.conaliteg.gob.mx/c/H2019P6CNA/081.jpg,0,0.455056,Q2,source_jpeg,1,200,image/jpeg,78348,41f4acc4f6dc0131cfa215ea361a0e62258317eff9e176b9ddae7a18d02b6859,1,
CN_PENDING_PAGE_MANIFEST_0.1,LTMD-CN6-G2019-VP082,LTMD-CN6-G2019,H2019P6CNA,2019,6,82,178,82,https://historico.conaliteg.gob.mx/c/H2019P6CNA/082.jpg,0,0.460674,Q2,source_jpeg,1,200,image/jpeg,106814,ac24fe077c616bf3a3b980e7a228c6e2fe57caaa0ca5ab3aa33a3003968f6705,1,
CN_PENDING_PAGE_MANIFEST_0.1,LTMD-CN6-G2019-VP083,LTMD-CN6-G2019,H2019P6CNA,2019,6,83,178,83,https://historico.conaliteg.gob.mx/c/H2019P6CNA/083.jpg,0,0.466292,Q2,source_jpeg,1,200,image/jpeg,23389,83b2c9f591f2a98ab7f4c53ac9d8ece97458adf10549ca4755f5ea5cb406e296,1,
CN_PENDING_PAGE_MANIFEST_0.1,LTMD-CN6-G2019-VP084,LTMD-CN6-G2019,H2019P6CNA,2019,6,84,178,84,https://historico.conaliteg.gob.mx/c/H2019P6CNA/084.jpg,0,0.471910,Q2,source_jpeg,1,200,image/jpeg,97726,86dcc9e6d17ea7d805e6bc332a6f4d74182f887bd4bd5a4583d876b56393a169,1,
CN_PENDING_PAGE_MANIFEST_0.1,LTMD-CN6-G2019-VP085,LTMD-CN6-G2019,H2019P6CNA,2019,6,85,178,85,https://historico.conaliteg.gob.mx/c/H2019P6CNA/085.jpg,0,0.477528,Q2,source_jpeg,1,200,image/jpeg,137307,c33189f7b11967e31a894a73ad641eaba23c74fdb35998ad13aaccea838e8a1f,1,
CN_PENDING_PAGE_MANIFEST_0.1,LTMD-CN6-G2019-VP086,LTMD-CN6-G2019,H2019P6CNA,2019,6,86,178,86,https://historico.conaliteg.gob.mx/c/H2019P6CNA/086.jpg,0,0.483146,Q2,source_jpeg,1,200,image/jpeg,142755,69d8539d169c79e8d3f026f509565f53f89da40e798d9def35861a6ed9ea1af8,1,
CN_PENDING_PAGE_MANIFEST_0.1,LTMD-CN6-G2019-VP087,LTMD-CN6-G2019,H2019P6CNA,2019,6,87,178,87,https://historico.conaliteg.gob.mx/c/H2019P6CNA/087.jpg,0,0.488764,Q2,source_jpeg,1,200,image/jpeg,137134,7d3ce1fd3b9d5c1fccfc473a649aad0853bdb14a28637967c6a02d4a02c93151,1,
CN_PENDING_PAGE_MANIFEST_0.1,LTMD-CN6-G2019-VP088,LTMD-CN6-G2019,H2019P6CNA,2019,6,88,178,88,https://historico.conaliteg.gob.mx/c/H2019P6CNA/088.jpg,0,0.494382,Q2,source_jpeg,1,200,image/jpeg,146632,5b0728dc43a0979399975c36bc67c306f93527f952c0883c0cb8fb82f16112d0,1,
CN_PENDING_PAGE_MANIFEST_0.1,LTMD-CN6-G2019-VP089,LTMD-CN6-G2019,H2019P6CNA,2019,6,89,178,89,https://historico.conaliteg.gob.mx/c/H2019P6CNA/089.jpg,0,0.500000,Q2,source_jpeg,1,200,image/jpeg,120584,adfc003220007aa551971bda3efd1c37f409f55d6909bebf2c937b848ebe764a,1,
CN_PENDING_PAGE_MANIFEST_0.1,LTMD-CN6-G2019-VP090,LTMD-CN6-G2019,H2019P6CNA,2019,6,90,178,90,https://historico.conaliteg.gob.mx/c/H2019P6CNA/090.jpg,0,0.505618,Q3,source_jpeg,1,200,image/jpeg,179952,850513d3aa82965f1c6c4a194da8c7ff78bf411e02abe5efe84d0f85698025aa,1,
CN_PENDING_PAGE_MANIFEST_0.1,LTMD-CN6-G2019-VP091,LTMD-CN6-G2019,H2019P6CNA,2019,6,91,178,91,https://historico.conaliteg.gob.mx/c/H2019P6CNA/091.jpg,0,0.511236,Q3,source_jpeg,1,200,image/jpeg,166013,94eff0127f4c671732aff77bdbbe709b2f61493ad7300baa7c4148f691c6d2a2,1,
CN_PENDING_PAGE_MANIFEST_0.1,LTMD-CN6-G2019-VP092,LTMD-CN6-G2019,H2019P6CNA,2019,6,92,178,92,https://historico.conaliteg.gob.mx/c/H2019P6CNA/092.jpg,0,0.516854,Q3,source_jpeg,1,200,image/jpeg,88029,26131d8da5d2d04ba8c717ff98fa1763de1fbfc8b42e5d484264c8a1e239ada2,1,
CN_PENDING_PAGE_MANIFEST_0.1,LTMD-CN6-G2019-VP093,LTMD-CN6-G2019,H2019P6CNA,2019,6,93,178,93,https://historico.conaliteg.gob.mx/c/H2019P6CNA/093.jpg,0,0.522472,Q3,source_jpeg,1,200,image/jpeg,81947,d66d57cf30582d3e8bc19fa02eaf78aa5e2b6d7c3704b6c6068c755ffce466c7,1,
CN_PENDING_PAGE_MANIFEST_0.1,LTMD-CN6-G2019-VP094,LTMD-CN6-G2019,H2019P6CNA,2019,6,94,178,94,https://historico.conaliteg.gob.mx/c/H2019P6CNA/094.jpg,0,0.528090,Q3,source_jpeg,1,200,image/jpeg,146834,dc29858bd8b8ce5064351323d210edf28a4dddf6445c06ff218d538407d63ecb,1,
CN_PENDING_PAGE_MANIFEST_0.1,LTMD-CN6-G2019-VP095,LTMD-CN6-G2019,H2019P6CNA,2019,6,95,178,95,https://historico.conaliteg.gob.mx/c/H2019P6CNA/095.jpg,0,0.533708,Q3,source_jpeg,1,200,image/jpeg,130235,e9737ea9610ef09ca26606679806130c8756c755f026359e899d6272afac8095,1,
CN_PENDING_PAGE_MANIFEST_0.1,LTMD-CN6-G2019-VP096,LTMD-CN6-G2019,H2019P6CNA,2019,6,96,178,96,https://historico.conaliteg.gob.mx/c/H2019P6CNA/096.jpg,0,0.539326,Q3,source_jpeg,1,200,image/jpeg,104121,0cf7d17c0cb363521515f3ad83a0ccc17445bdef2bdc9c4f479f8b12a4e8b5d4,1,
CN_PENDING_PAGE_MANIFEST_0.1,LTMD-CN6-G2019-VP097,LTMD-CN6-G2019,H2019P6CNA,2019,6,97,178,97,https://historico.conaliteg.gob.mx/c/H2019P6CNA/097.jpg,0,0.544944,Q3,source_jpeg,1,200,image/jpeg,100587,483a6818b9f8049c21c00735bc6436cef7ded01becec98698b25c9db782c6a15,1,
CN_PENDING_PAGE_MANIFEST_0.1,LTMD-CN6-G2019-VP098,LTMD-CN6-G2019,H2019P6CNA,2019,6,98,178,98,https://historico.conaliteg.gob.mx/c/H2019P6CNA/098.jpg,0,0.550562,Q3,source_jpeg,1,200,image/jpeg,172275,14a7c441f8fcc8990c6f4e97d4ecb963c267caef740c48631e8a4dc26fc76ec3,1,
CN_PENDING_PAGE_MANIFEST_0.1,LTMD-CN6-G2019-VP099,LTMD-CN6-G2019,H2019P6CNA,2019,6,99,178,99,https://historico.conaliteg.gob.mx/c/H2019P6CNA/099.jpg,0,0.556180,Q3,source_jpeg,1,200,image/jpeg,159601,295cc81ad1bec54bfbfdcebf45a1bae28b0466c0b6e039360146429aa1a305f8,1,
CN_PENDING_PAGE_MANIFEST_0.1,LTMD-CN6-G2019-VP100,LTMD-CN6-G2019,H2019P6CNA,2019,6,100,178,100,https://historico.conaliteg.gob.mx/c/H2019P6CNA/100.jpg,0,0.561798,Q3,source_jpeg,1,200,image/jpeg,92028,816fcb2eec977a3e79852e1208495f364c7b3330e3cf2fa9c128efff46a0d044,1,
CN_PENDING_PAGE_MANIFEST_0.1,LTMD-CN6-G2019-VP101,LTMD-CN6-G2019,H2019P6CNA,2019,6,101,178,101,https://historico.conaliteg.gob.mx/c/H2019P6CNA/101.jpg,0,0.567416,Q3,source_jpeg,1,200,image/jpeg,116200,1b330d80363796cc1216d21cd0c18f9c7fca4c42ee694368cae7ab7ffce6fb7f,1,
CN_PENDING_PAGE_MANIFEST_0.1,LTMD-CN6-G2019-VP102,LTMD-CN6-G2019,H2019P6CNA,2019,6,102,178,102,https://historico.conaliteg.gob.mx/c/H2019P6CNA/102.jpg,0,0.573034,Q3,source_jpeg,1,200,image/jpeg,147287,9d622de340f68d2a34403cb2e25ab521cb3739f8009ed0f9f1d80626e48cc22f,1,
CN_PENDING_PAGE_MANIFEST_0.1,LTMD-CN6-G2019-VP103,LTMD-CN6-G2019,H2019P6CNA,2019,6,103,178,103,https://historico.conaliteg.gob.mx/c/H2019P6CNA/103.jpg,0,0.578652,Q3,source_jpeg,1,200,image/jpeg,96079,011322f97869335200c8ac1ccc45cbc9c66b89547936942bae4c2906a0d784c4,1,
CN_PENDING_PAGE_MANIFEST_0.1,LTMD-CN6-G2019-VP104,LTMD-CN6-G2019,H2019P6CNA,2019,6,104,178,104,https://historico.conaliteg.gob.mx/c/H2019P6CNA/104.jpg,0,0.584270,Q3,source_jpeg,1,200,image/jpeg,161225,2aa0fda7e3b567931d5216fb4dd4ca3b094229b08cee499aa8508bb63f185a64,1,
CN_PENDING_PAGE_MANIFEST_0.1,LTMD-CN6-G2019-VP105,LTMD-CN6-G2019,H2019P6CNA,2019,6,105,178,105,https://historico.conaliteg.gob.mx/c/H2019P6CNA/105.jpg,0,0.589888,Q3,source_jpeg,1,200,image/jpeg,171883,03d33759e7ceb8d5e4aa56980eaea138ac0c06f8694d31dcf22ba272e74678ea,1,
CN_PENDING_PAGE_MANIFEST_0.1,LTMD-CN6-G2019-VP106,LTMD-CN6-G2019,H2019P6CNA,2019,6,106,178,106,https://historico.conaliteg.gob.mx/c/H2019P6CNA/106.jpg,0,0.595506,Q3,source_jpeg,1,200,image/jpeg,121063,75621016c72f0442fd446335495887396e57b451af045cf969b38077bf153466,1,
CN_PENDING_PAGE_MANIFEST_0.1,LTMD-CN6-G2019-VP107,LTMD-CN6-G2019,H2019P6CNA,2019,6,107,178,107,https://historico.conaliteg.gob.mx/c/H2019P6CNA/107.jpg,0,0.601124,Q3,source_jpeg,1,200,image/jpeg,105980,02d4f6c1d6076d0e95cf1bf2c91aa8ce5a26c4f941293df4f31e2b7149578c2d,1,
CN_PENDING_PAGE_MANIFEST_0.1,LTMD-CN6-G2019-VP108,LTMD-CN6-G2019,H2019P6CNA,2019,6,108,178,108,https://historico.conaliteg.gob.mx/c/H2019P6CNA/108.jpg,0,0.606742,Q3,source_jpeg,1,200,image/jpeg,53389,775ef2b636dad23bbdb578fc24d528ecd8a7662278b299a8ec8b7af6402cd2e0,1,
CN_PENDING_PAGE_MANIFEST_0.1,LTMD-CN6-G2019-VP109,LTMD-CN6-G2019,H2019P6CNA,2019,6,109,178,109,https://historico.conaliteg.gob.mx/c/H2019P6CNA/109.jpg,0,0.612360,Q3,source_jpeg,1,200,image/jpeg,54561,1c5fa585ecb0aff2eb95a24b395b7f213436ce374a1433120eb1370ef9df43a9,1,
CN_PENDING_PAGE_MANIFEST_0.1,LTMD-CN6-G2019-VP110,LTMD-CN6-G2019,H2019P6CNA,2019,6,110,178,110,https://historico.conaliteg.gob.mx/c/H2019P6CNA/110.jpg,0,0.617978,Q3,source_jpeg,1,200,image/jpeg,98333,af4f18ad65a78cd14c4dafb0cb6e86a18dad700a9f69b20ae37896860019565e,1,
CN_PENDING_PAGE_MANIFEST_0.1,LTMD-CN6-G2019-VP111,LTMD-CN6-G2019,H2019P6CNA,2019,6,111,178,111,https://historico.conaliteg.gob.mx/c/H2019P6CNA/111.jpg,0,0.623596,Q3,source_jpeg,1,200,image/jpeg,27770,df24541378c1410649741a2eccd4a61bd5b17783893e852f083f3aedb8dc0c0e,1,
CN_PENDING_PAGE_MANIFEST_0.1,LTMD-CN6-G2019-VP112,LTMD-CN6-G2019,H2019P6CNA,2019,6,112,178,112,https://historico.conaliteg.gob.mx/c/H2019P6CNA/112.jpg,0,0.629213,Q3,source_jpeg,1,200,image/jpeg,93663,456965a6d9c7412166f064fa5823a97a1a747a43fb6783edc5fbe62ef158e3f4,1,
CN_PENDING_PAGE_MANIFEST_0.1,LTMD-CN6-G2019-VP113,LTMD-CN6-G2019,H2019P6CNA,2019,6,113,178,113,https://historico.conaliteg.gob.mx/c/H2019P6CNA/113.jpg,0,0.634831,Q3,source_jpeg,1,200,image/jpeg,115899,90627fc0e86e5d14bb1f367d82bf7c90b93009c9a2b78692229966cf0542b9f7,1,
CN_PENDING_PAGE_MANIFEST_0.1,LTMD-CN6-G2019-VP114,LTMD-CN6-G2019,H2019P6CNA,2019,6,114,178,114,https://historico.conaliteg.gob.mx/c/H2019P6CNA/114.jpg,0,0.640449,Q3,source_jpeg,1,200,image/jpeg,125457,29cc411e5df434783a760c96ad15aad2678e55fe718754a1d519bdcc45f2adbe,1,
CN_PENDING_PAGE_MANIFEST_0.1,LTMD-CN6-G2019-VP115,LTMD-CN6-G2019,H2019P6CNA,2019,6,115,178,115,https://historico.conaliteg.gob.mx/c/H2019P6CNA/115.jpg,0,0.646067,Q3,source_jpeg,1,200,image/jpeg,153695,16bb48e8ea71eb971c08555f39e0488fcb49cc16f4d8094deda0a1549747f590,1,
CN_PENDING_PAGE_MANIFEST_0.1,LTMD-CN6-G2019-VP116,LTMD-CN6-G2019,H2019P6CNA,2019,6,116,178,116,https://historico.conaliteg.gob.mx/c/H2019P6CNA/116.jpg,0,0.651685,Q3,source_jpeg,1,200,image/jpeg,145367,7bb5991b470986bf8e288a048857d7616889600091bf714800261e8e457245e3,1,
CN_PENDING_PAGE_MANIFEST_0.1,LTMD-CN6-G2019-VP117,LTMD-CN6-G2019,H2019P6CNA,2019,6,117,178,117,https://historico.conaliteg.gob.mx/c/H2019P6CNA/117.jpg,0,0.657303,Q3,source_jpeg,1,200,image/jpeg,120847,8727a6e2c7b6cb4792d843b73731aa8eeff6c3f0a2ca63280010fd1046ed20d0,1,
CN_PENDING_PAGE_MANIFEST_0.1,LTMD-CN6-G2019-VP118,LTMD-CN6-G2019,H2019P6CNA,2019,6,118,178,118,https://historico.conaliteg.gob.mx/c/H2019P6CNA/118.jpg,0,0.662921,Q3,source_jpeg,1,200,image/jpeg,136479,ce280c8484b43b36779b7ab1c67e07ae20fa2e25aad1a3e0a615018708a4baa3,1,
CN_PENDING_PAGE_MANIFEST_0.1,LTMD-CN6-G2019-VP119,LTMD-CN6-G2019,H2019P6CNA,2019,6,119,178,119,https://historico.conaliteg.gob.mx/c/H2019P6CNA/119.jpg,0,0.668539,Q3,source_jpeg,1,200,image/jpeg,148342,0c0685f552f7b5636dee5a52e79a73dd92f59f463ea4fb21c2eb801b3661860d,1,
CN_PENDING_PAGE_MANIFEST_0.1,LTMD-CN6-G2019-VP120,LTMD-CN6-G2019,H2019P6CNA,2019,6,120,178,120,https://historico.conaliteg.gob.mx/c/H2019P6CNA/120.jpg,0,0.674157,Q3,source_jpeg,1,200,image/jpeg,73985,08ae011a4851c4e7a2e7e69e2818a2030dd76a4f81cbdff913da0e2a87a3f9e5,1,
CN_PENDING_PAGE_MANIFEST_0.1,LTMD-CN6-G2019-VP121,LTMD-CN6-G2019,H2019P6CNA,2019,6,121,178,121,https://historico.conaliteg.gob.mx/c/H2019P6CNA/121.jpg,0,0.679775,Q3,source_jpeg,1,200,image/jpeg,88317,20a7003d0cedc3453d251c0ed75c0b28ec65ecec24c8aac1bf00791dd6cab384,1,
CN_PENDING_PAGE_MANIFEST_0.1,LTMD-CN6-G2019-VP122,LTMD-CN6-G2019,H2019P6CNA,2019,6,122,178,122,https://historico.conaliteg.gob.mx/c/H2019P6CNA/122.jpg,0,0.685393,Q3,source_jpeg,1,200,image/jpeg,112641,937c852d3ffb1eccde2f12823574fedad2994815ed1eb92eb33ccfad91f090ec,1,
CN_PENDING_PAGE_MANIFEST_0.1,LTMD-CN6-G2019-VP123,LTMD-CN6-G2019,H2019P6CNA,2019,6,123,178,123,https://historico.conaliteg.gob.mx/c/H2019P6CNA/123.jpg,0,0.691011,Q3,source_jpeg,1,200,image/jpeg,99622,4a5b46d7290315fdff8c602433bdbe4856047e6e35adae581a04652123f3c4f9,1,
CN_PENDING_PAGE_MANIFEST_0.1,LTMD-CN6-G2019-VP124,LTMD-CN6-G2019,H2019P6CNA,2019,6,124,178,124,https://historico.conaliteg.gob.mx/c/H2019P6CNA/124.jpg,0,0.696629,Q3,source_jpeg,1,200,image/jpeg,123238,5ff2ca44da7978c1b19fee1d187a1cbb846d23618a22a6dbb6072cafa7dab422,1,
CN_PENDING_PAGE_MANIFEST_0.1,LTMD-CN6-G2019-VP125,LTMD-CN6-G2019,H2019P6CNA,2019,6,125,178,125,https://historico.conaliteg.gob.mx/c/H2019P6CNA/125.jpg,0,0.702247,Q3,source_jpeg,1,200,image/jpeg,148453,27eaedde4c60aa0b945d15bef70a8c47c043d7643b8c00556e592e1d4ae20a72,1,
CN_PENDING_PAGE_MANIFEST_0.1,LTMD-CN6-G2019-VP126,LTMD-CN6-G2019,H2019P6CNA,2019,6,126,178,126,https://historico.conaliteg.gob.mx/c/H2019P6CNA/126.jpg,0,0.707865,Q3,source_jpeg,1,200,image/jpeg,82700,32cd5dbc3f313f8f1556695142612e5ab7ca6b4a7d0974f8ea39ee937565fa54,1,
CN_PENDING_PAGE_MANIFEST_0.1,LTMD-CN6-G2019-VP127,LTMD-CN6-G2019,H2019P6CNA,2019,6,127,178,127,https://historico.conaliteg.gob.mx/c/H2019P6CNA/127.jpg,0,0.713483,Q3,source_jpeg,1,200,image/jpeg,144001,a9194ea200d62c027f2b893e1312bcfcb9a158faebfb4dbc3f142d626595be48,1,
CN_PENDING_PAGE_MANIFEST_0.1,LTMD-CN6-G2019-VP128,LTMD-CN6-G2019,H2019P6CNA,2019,6,128,178,128,https://historico.conaliteg.gob.mx/c/H2019P6CNA/128.jpg,0,0.719101,Q3,source_jpeg,1,200,image/jpeg,128713,c8080763dba2e13a673a1ff0aecbe6b7e328f3cba39cdf71d54df48e15a97401,1,
CN_PENDING_PAGE_MANIFEST_0.1,LTMD-CN6-G2019-VP129,LTMD-CN6-G2019,H2019P6CNA,2019,6,129,178,129,https://historico.conaliteg.gob.mx/c/H2019P6CNA/129.jpg,0,0.724719,Q3,source_jpeg,1,200,image/jpeg,152884,a264f9f11bfcb0996163eded8775dfa9b1ac8199f5fda72196b583a06e5ee49c,1,
CN_PENDING_PAGE_MANIFEST_0.1,LTMD-CN6-G2019-VP130,LTMD-CN6-G2019,H2019P6CNA,2019,6,130,178,130,https://historico.conaliteg.gob.mx/c/H2019P6CNA/130.jpg,0,0.730337,Q3,source_jpeg,1,200,image/jpeg,60507,ea2159bc961392897ca010859b5f7352441e30a029298c4bd0fe9221302f05f7,1,
CN_PENDING_PAGE_MANIFEST_0.1,LTMD-CN6-G2019-VP131,LTMD-CN6-G2019,H2019P6CNA,2019,6,131,178,131,https://historico.conaliteg.gob.mx/c/H2019P6CNA/131.jpg,0,0.735955,Q3,source_jpeg,1,200,image/jpeg,104315,a3adef43ca4a934aeddc3907afacaa458c28531cad97c094456ee021930e8084,1,
CN_PENDING_PAGE_MANIFEST_0.1,LTMD-CN6-G2019-VP132,LTMD-CN6-G2019,H2019P6CNA,2019,6,132,178,132,https://historico.conaliteg.gob.mx/c/H2019P6CNA/132.jpg,0,0.741573,Q3,source_jpeg,1,200,image/jpeg,96142,3a6e62ef60ae483def62b31a748c298b98356d05cc359a6d1c0e5c7ad3e99bf6,1,
CN_PENDING_PAGE_MANIFEST_0.1,LTMD-CN6-G2019-VP133,LTMD-CN6-G2019,H2019P6CNA,2019,6,133,178,133,https://historico.conaliteg.gob.mx/c/H2019P6CNA/133.jpg,0,0.747191,Q3,source_jpeg,1,200,image/jpeg,87865,b040529b734b50c05a55e4245bf3c44046bd54b1a2e719cbdbb159c96726891e,1,
CN_PENDING_PAGE_MANIFEST_0.1,LTMD-CN6-G2019-VP134,LTMD-CN6-G2019,H2019P6CNA,2019,6,134,178,134,https://historico.conaliteg.gob.mx/c/H2019P6CNA/134.jpg,0,0.752809,Q4,source_jpeg,1,200,image/jpeg,124611,59e9aa86b793b2cf6c8286de660d9e90bccd291fd24582e0d3d920454a6a0fb5,1,
CN_PENDING_PAGE_MANIFEST_0.1,LTMD-CN6-G2019-VP135,LTMD-CN6-G2019,H2019P6CNA,2019,6,135,178,135,https://historico.conaliteg.gob.mx/c/H2019P6CNA/135.jpg,0,0.758427,Q4,source_jpeg,1,200,image/jpeg,88352,7913960432e45a8b1cc28300d9d3db2a89a393b7e43ff9f621aa8a1485ccc9e5,1,
CN_PENDING_PAGE_MANIFEST_0.1,LTMD-CN6-G2019-VP136,LTMD-CN6-G2019,H2019P6CNA,2019,6,136,178,136,https://historico.conaliteg.gob.mx/c/H2019P6CNA/136.jpg,0,0.764045,Q4,source_jpeg,1,200,image/jpeg,152738,d29128e515f7e762d55cf11cbd4655624f522d4fc89ea6c98519337be0dcaa9f,1,
CN_PENDING_PAGE_MANIFEST_0.1,LTMD-CN6-G2019-VP137,LTMD-CN6-G2019,H2019P6CNA,2019,6,137,178,137,https://historico.conaliteg.gob.mx/c/H2019P6CNA/137.jpg,0,0.769663,Q4,source_jpeg,1,200,image/jpeg,118818,7a492332eb89353dcd642290f5a776cf287bf6ca1b1cae8f8a13d47630a02869,1,
CN_PENDING_PAGE_MANIFEST_0.1,LTMD-CN6-G2019-VP138,LTMD-CN6-G2019,H2019P6CNA,2019,6,138,178,138,https://historico.conaliteg.gob.mx/c/H2019P6CNA/138.jpg,0,0.775281,Q4,source_jpeg,1,200,image/jpeg,123064,570c9e3948f5838ae3dbb44507b7541115567af3279b36f9112875ffb57f0fc1,1,
CN_PENDING_PAGE_MANIFEST_0.1,LTMD-CN6-G2019-VP139,LTMD-CN6-G2019,H2019P6CNA,2019,6,139,178,139,https://historico.conaliteg.gob.mx/c/H2019P6CNA/139.jpg,0,0.780899,Q4,source_jpeg,1,200,image/jpeg,120062,ca2b79608f2553c48f3bcae48f2ea52e201ef5eea81abb1194cf669143eae0e6,1,
CN_PENDING_PAGE_MANIFEST_0.1,LTMD-CN6-G2019-VP140,LTMD-CN6-G2019,H2019P6CNA,2019,6,140,178,140,https://historico.conaliteg.gob.mx/c/H2019P6CNA/140.jpg,0,0.786517,Q4,source_jpeg,1,200,image/jpeg,78482,240ac4d73f353dc6ceb8f4017494e89e12af7892ded50470a3798ebd492fe8c9,1,
CN_PENDING_PAGE_MANIFEST_0.1,LTMD-CN6-G2019-VP141,LTMD-CN6-G2019,H2019P6CNA,2019,6,141,178,141,https://historico.conaliteg.gob.mx/c/H2019P6CNA/141.jpg,0,0.792135,Q4,source_jpeg,1,200,image/jpeg,110599,0d3139034097ab38a6b36c7c65eabdf4f4be64e4ec15fca037fa89b2d00a719a,1,
CN_PENDING_PAGE_MANIFEST_0.1,LTMD-CN6-G2019-VP142,LTMD-CN6-G2019,H2019P6CNA,2019,6,142,178,142,https://historico.conaliteg.gob.mx/c/H2019P6CNA/142.jpg,0,0.797753,Q4,source_jpeg,1,200,image/jpeg,67584,c3e0d6259181ab659881e2a02dc96a7d27532d307f81bdbd0aaf03d44067cfbf,1,
CN_PENDING_PAGE_MANIFEST_0.1,LTMD-CN6-G2019-VP143,LTMD-CN6-G2019,H2019P6CNA,2019,6,143,178,143,https://historico.conaliteg.gob.mx/c/H2019P6CNA/143.jpg,0,0.803371,Q4,source_jpeg,1,200,image/jpeg,55888,307930195f5c36b06058db065a33d5a3f7a454dff6426a55603bea3d2a08b040,1,
CN_PENDING_PAGE_MANIFEST_0.1,LTMD-CN6-G2019-VP144,LTMD-CN6-G2019,H2019P6CNA,2019,6,144,178,144,https://historico.conaliteg.gob.mx/c/H2019P6CNA/144.jpg,0,0.808989,Q4,source_jpeg,1,200,image/jpeg,152399,6f9a1a85f29f1e8197aea9e1a75378cbdaad3cb21fc65fd5eaa1cbf3597f565c,1,
CN_PENDING_PAGE_MANIFEST_0.1,LTMD-CN6-G2019-VP145,LTMD-CN6-G2019,H2019P6CNA,2019,6,145,178,145,https://historico.conaliteg.gob.mx/c/H2019P6CNA/145.jpg,0,0.814607,Q4,source_jpeg,1,200,image/jpeg,33521,7194b40b01222d008ec06ba508d163ed5d4a69c5f7af730649b27f24ef4fe6d3,1,
CN_PENDING_PAGE_MANIFEST_0.1,LTMD-CN6-G2019-VP146,LTMD-CN6-G2019,H2019P6CNA,2019,6,146,178,146,https://historico.conaliteg.gob.mx/c/H2019P6CNA/146.jpg,0,0.820225,Q4,source_jpeg,1,200,image/jpeg,86415,0559a2447465a4a0036ae5359b88f7b73e6ea8464a1d17cd0560fa5060f9c2d9,1,
CN_PENDING_PAGE_MANIFEST_0.1,LTMD-CN6-G2019-VP147,LTMD-CN6-G2019,H2019P6CNA,2019,6,147,178,147,https://historico.conaliteg.gob.mx/c/H2019P6CNA/147.jpg,0,0.825843,Q4,source_jpeg,1,200,image/jpeg,141010,c0bf902e473d8647a3e1667d5ea9d1cc15286440934f84ffb69d64d92d4457e2,1,
CN_PENDING_PAGE_MANIFEST_0.1,LTMD-CN6-G2019-VP148,LTMD-CN6-G2019,H2019P6CNA,2019,6,148,178,148,https://historico.conaliteg.gob.mx/c/H2019P6CNA/148.jpg,0,0.831461,Q4,source_jpeg,1,200,image/jpeg,191309,328e12e098c01b1e299d3008f4552fd131d85be6afa96900f850b2829b8b69a9,1,
CN_PENDING_PAGE_MANIFEST_0.1,LTMD-CN6-G2019-VP149,LTMD-CN6-G2019,H2019P6CNA,2019,6,149,178,149,https://historico.conaliteg.gob.mx/c/H2019P6CNA/149.jpg,0,0.837079,Q4,source_jpeg,1,200,image/jpeg,146633,4dda90ac54fcc6f2f9f43c8aaf9eab93591febebac71cda0ea6d33de20506538,1,
CN_PENDING_PAGE_MANIFEST_0.1,LTMD-CN6-G2019-VP150,LTMD-CN6-G2019,H2019P6CNA,2019,6,150,178,150,https://historico.conaliteg.gob.mx/c/H2019P6CNA/150.jpg,0,0.842697,Q4,source_jpeg,1,200,image/jpeg,163246,37cd8837770f1ae62c3ad117aff9b0ed9d1662fd7d931a5bd695b464e9c61ec6,1,
CN_PENDING_PAGE_MANIFEST_0.1,LTMD-CN6-G2019-VP151,LTMD-CN6-G2019,H2019P6CNA,2019,6,151,178,151,https://historico.conaliteg.gob.mx/c/H2019P6CNA/151.jpg,0,0.848315,Q4,source_jpeg,1,200,image/jpeg,144097,77328f015db8caa691c308f650ea707d820361df944b95e023971cc787ec445f,1,
CN_PENDING_PAGE_MANIFEST_0.1,LTMD-CN6-G2019-VP152,LTMD-CN6-G2019,H2019P6CNA,2019,6,152,178,152,https://historico.conaliteg.gob.mx/c/H2019P6CNA/152.jpg,0,0.853933,Q4,source_jpeg,1,200,image/jpeg,208113,e1ae1dc7a48cc7c921ff11f614650d0d3de4bc5eaf5e8e6c203ec2f0d2170a7a,1,
CN_PENDING_PAGE_MANIFEST_0.1,LTMD-CN6-G2019-VP153,LTMD-CN6-G2019,H2019P6CNA,2019,6,153,178,153,https://historico.conaliteg.gob.mx/c/H2019P6CNA/153.jpg,0,0.859551,Q4,source_jpeg,1,200,image/jpeg,112744,a5afbb53b1637418a526ffc7499f1323d8aa5af43fadd24d5d240c15a329f08c,1,
CN_PENDING_PAGE_MANIFEST_0.1,LTMD-CN6-G2019-VP154,LTMD-CN6-G2019,H2019P6CNA,2019,6,154,178,154,https://historico.conaliteg.gob.mx/c/H2019P6CNA/154.jpg,0,0.865169,Q4,source_jpeg,1,200,image/jpeg,123812,3a9934fa83089c8f1d491f9d2ed2d54e0b98664d571a4d603bc1d2081ce3733c,1,
CN_PENDING_PAGE_MANIFEST_0.1,LTMD-CN6-G2019-VP155,LTMD-CN6-G2019,H2019P6CNA,2019,6,155,178,155,https://historico.conaliteg.gob.mx/c/H2019P6CNA/155.jpg,0,0.870787,Q4,source_jpeg,1,200,image/jpeg,119669,292e624c0f961c859b2f8433ffecac8f72f00108cf035e1ad3274de76342c2c4,1,
CN_PENDING_PAGE_MANIFEST_0.1,LTMD-CN6-G2019-VP156,LTMD-CN6-G2019,H2019P6CNA,2019,6,156,178,156,https://historico.conaliteg.gob.mx/c/H2019P6CNA/156.jpg,0,0.876404,Q4,source_jpeg,1,200,image/jpeg,147696,c1ff2395ab378dd6d2d29643c2e93f0e9d14ccfda1169b99aee3f8ebfb99fffa,1,
CN_PENDING_PAGE_MANIFEST_0.1,LTMD-CN6-G2019-VP157,LTMD-CN6-G2019,H2019P6CNA,2019,6,157,178,157,https://historico.conaliteg.gob.mx/c/H2019P6CNA/157.jpg,0,0.882022,Q4,source_jpeg,1,200,image/jpeg,124213,42dd1c59db14aee10b22aaac694763f283b16330c446d5a63c4f215c1403935a,1,
CN_PENDING_PAGE_MANIFEST_0.1,LTMD-CN6-G2019-VP158,LTMD-CN6-G2019,H2019P6CNA,2019,6,158,178,158,https://historico.conaliteg.gob.mx/c/H2019P6CNA/158.jpg,0,0.887640,Q4,source_jpeg,1,200,image/jpeg,178000,62118500501ce4241411cbe59c2a928915c7f7130de68a5f1cca78cbb1b62473,1,
CN_PENDING_PAGE_MANIFEST_0.1,LTMD-CN6-G2019-VP159,LTMD-CN6-G2019,H2019P6CNA,2019,6,159,178,159,https://historico.conaliteg.gob.mx/c/H2019P6CNA/159.jpg,0,0.893258,Q4,source_jpeg,1,200,image/jpeg,175228,cee0e1cacd35285ccc181658577741903f43921b4527dc673db72542ac312a10,1,
CN_PENDING_PAGE_MANIFEST_0.1,LTMD-CN6-G2019-VP160,LTMD-CN6-G2019,H2019P6CNA,2019,6,160,178,160,https://historico.conaliteg.gob.mx/c/H2019P6CNA/160.jpg,0,0.898876,Q4,source_jpeg,1,200,image/jpeg,120392,08c15a4334146d96f3ab36648b601404d77f5ed92ed1bfc1627b949870be8167,1,
CN_PENDING_PAGE_MANIFEST_0.1,LTMD-CN6-G2019-VP161,LTMD-CN6-G2019,H2019P6CNA,2019,6,161,178,161,https://historico.conaliteg.gob.mx/c/H2019P6CNA/161.jpg,0,0.904494,Q4,source_jpeg,1,200,image/jpeg,117809,15f9ce73d689c6edda6045dd011c86f8b7efb41d036339e7449165850d2aed70,1,
CN_PENDING_PAGE_MANIFEST_0.1,LTMD-CN6-G2019-VP162,LTMD-CN6-G2019,H2019P6CNA,2019,6,162,178,162,https://historico.conaliteg.gob.mx/c/H2019P6CNA/162.jpg,0,0.910112,Q4,source_jpeg,1,200,image/jpeg,130539,bdf03d4360490e3a9c8c913f068d861bc903fdef399bc1255d279667e32be4ce,1,
CN_PENDING_PAGE_MANIFEST_0.1,LTMD-CN6-G2019-VP163,LTMD-CN6-G2019,H2019P6CNA,2019,6,163,178,163,https://historico.conaliteg.gob.mx/c/H2019P6CNA/163.jpg,0,0.915730,Q4,source_jpeg,1,200,image/jpeg,102421,233578c70318050fef902f76b4e1eb2a7fcfb0d29395689bfdcc110c9d1ba6d8,1,
CN_PENDING_PAGE_MANIFEST_0.1,LTMD-CN6-G2019-VP164,LTMD-CN6-G2019,H2019P6CNA,2019,6,164,178,164,https://historico.conaliteg.gob.mx/c/H2019P6CNA/164.jpg,0,0.921348,Q4,source_jpeg,1,200,image/jpeg,100945,8618d0c2393efc9f97fb6c4e653f3dc247edbdf56c1dc5ddf1b06251c0c8518d,1,
CN_PENDING_PAGE_MANIFEST_0.1,LTMD-CN6-G2019-VP165,LTMD-CN6-G2019,H2019P6CNA,2019,6,165,178,165,https://historico.conaliteg.gob.mx/c/H2019P6CNA/165.jpg,0,0.926966,Q4,source_jpeg,1,200,image/jpeg,71474,280532987df00eeecf15708e00e0bda677ba1212bedbc52bf8788bb0fe9b9fb0,1,
CN_PENDING_PAGE_MANIFEST_0.1,LTMD-CN6-G2019-VP166,LTMD-CN6-G2019,H2019P6CNA,2019,6,166,178,166,https://historico.conaliteg.gob.mx/c/H2019P6CNA/166.jpg,0,0.932584,Q4,source_jpeg,1,200,image/jpeg,53125,be2cfbb834b5ac0aad7016df9a1c0b87642b669d09f10f721f90a0b4875535e9,1,
CN_PENDING_PAGE_MANIFEST_0.1,LTMD-CN6-G2019-VP167,LTMD-CN6-G2019,H2019P6CNA,2019,6,167,178,167,https://historico.conaliteg.gob.mx/c/H2019P6CNA/167.jpg,0,0.938202,Q4,source_jpeg,1,200,image/jpeg,45727,70d512cf7b6b97bf5628ee65d128ffac919cc9356011405226624706e7d5ea43,1,
CN_PENDING_PAGE_MANIFEST_0.1,LTMD-CN6-G2019-VP168,LTMD-CN6-G2019,H2019P6CNA,2019,6,168,178,168,https://historico.conaliteg.gob.mx/c/H2019P6CNA/168.jpg,0,0.943820,Q4,source_jpeg,1,200,image/jpeg,48895,6d82e60be86b5d073922602adb80397aafac5da3d5a1130af3dacf426f85a559,1,
CN_PENDING_PAGE_MANIFEST_0.1,LTMD-CN6-G2019-VP169,LTMD-CN6-G2019,H2019P6CNA,2019,6,169,178,169,https://historico.conaliteg.gob.mx/c/H2019P6CNA/169.jpg,0,0.949438,Q4,source_jpeg,1,200,image/jpeg,55484,2a4aef5249af402a650c59a740d10f0cfb4af9338f4366fa8c849d5b4250ed45,1,
CN_PENDING_PAGE_MANIFEST_0.1,LTMD-CN6-G2019-VP170,LTMD-CN6-G2019,H2019P6CNA,2019,6,170,178,170,https://historico.conaliteg.gob.mx/c/H2019P6CNA/170.jpg,0,0.955056,Q4,source_jpeg,1,200,image/jpeg,185309,118206fbba0e67a07b8bf8f83ef53cb17844c7c335ea466640254eb165fa246b,1,
CN_PENDING_PAGE_MANIFEST_0.1,LTMD-CN6-G2019-VP171,LTMD-CN6-G2019,H2019P6CNA,2019,6,171,178,171,https://historico.conaliteg.gob.mx/c/H2019P6CNA/171.jpg,0,0.960674,Q4,source_jpeg,1,200,image/jpeg,158122,6123f3d781682eb07bb80d1513153abf9b47bd0c71d234719a37eb9d3df96731,1,
CN_PENDING_PAGE_MANIFEST_0.1,LTMD-CN6-G2019-VP172,LTMD-CN6-G2019,H2019P6CNA,2019,6,172,178,172,https://historico.conaliteg.gob.mx/c/H2019P6CNA/172.jpg,0,0.966292,Q4,source_jpeg,1,200,image/jpeg,143729,1ba329c25dd577854254c0092739785e8ac2a7667e0e83fca692d1452e5ba7c1,1,
CN_PENDING_PAGE_MANIFEST_0.1,LTMD-CN6-G2019-VP173,LTMD-CN6-G2019,H2019P6CNA,2019,6,173,178,173,https://historico.conaliteg.gob.mx/c/H2019P6CNA/173.jpg,0,0.971910,Q4,source_jpeg,1,200,image/jpeg,120653,fdbdad9ef7fff91cb5d6b576dbbfbde7351e59904ccd49b55d49a188156c9b44,1,
CN_PENDING_PAGE_MANIFEST_0.1,LTMD-CN6-G2019-VP174,LTMD-CN6-G2019,H2019P6CNA,2019,6,174,178,174,https://historico.conaliteg.gob.mx/c/H2019P6CNA/174.jpg,0,0.977528,Q4,source_jpeg,1,200,image/jpeg,16879,952e67dc36ac1e0be089c537a4135499d2e06f282bdcb0962d08d26cd6adf36a,1,
CN_PENDING_PAGE_MANIFEST_0.1,LTMD-CN6-G2019-VP175,LTMD-CN6-G2019,H2019P6CNA,2019,6,175,178,175,https://historico.conaliteg.gob.mx/c/H2019P6CNA/175.jpg,0,0.983146,Q4,source_jpeg,1,200,image/jpeg,87360,4180d6fca0bf4988e996fc93969ac01f058c08a42e3f6c86dc1ea1031bf2b162,1,
CN_PENDING_PAGE_MANIFEST_0.1,LTMD-CN6-G2019-VP176,LTMD-CN6-G2019,H2019P6CNA,2019,6,176,178,176,https://historico.conaliteg.gob.mx/c/H2019P6CNA/176.jpg,0,0.988764,Q4,source_jpeg,1,200,image/jpeg,56273,5b4d2129cbf8d80a50412ea1648749faf81936327081c61fca1726e0a92243fe,1,
CN_PENDING_PAGE_MANIFEST_0.1,LTMD-CN6-G2019-VP177,LTMD-CN6-G2019,H2019P6CNA,2019,6,177,178,177,https://historico.conaliteg.gob.mx/c/H2019P6CNA/177.jpg,0,0.994382,Q4,source_jpeg,1,200,image/jpeg,63523,ef853d0207795bd2539d0868b1b003ff7e2efc88959374bb21fae518b7bb07fd,1,
